,(n*n),(n*x),(n*y),(n+x),(n+y),(n-x),(n-y),(x*x),(x*y),(x+y),(x-n),(x-y),(y*y),(y-n),(y-x),expected_post,n,post-init,x,y
0,81,135,90,24,19,-6,-1,225,150,25,6,5,100,1,-5,280.006,9,130.00599999999997,15,10
1,400,60,80,23,24,17,16,9,12,7,-17,-1,16,-16,1,176.796,20,164.796,3,4
2,400,180,240,29,32,11,8,81,108,21,-11,-3,144,-8,3,413.4,20,305.4,9,12
3,256,112,240,23,31,9,1,49,105,22,-9,-8,225,-1,8,339.964,16,234.964,7,15
4,4,8,22,6,13,-2,-9,16,44,15,2,-7,121,9,7,59.756,2,15.756,4,11
5,144,60,84,17,19,7,5,25,35,12,-7,-2,49,-5,2,140.058,12,105.05799999999999,5,7
6,4,22,32,13,18,-9,-14,121,176,27,9,-5,256,14,5,203.7,2,27.69999999999999,11,16
7,361,57,266,22,33,16,5,9,42,17,-16,-11,196,-5,11,289.31,19,247.31,3,14
8,289,272,170,33,27,1,7,256,160,26,-1,6,100,-7,-6,448.316,17,288.316,16,10
9,144,48,12,16,13,8,11,16,4,5,-8,3,1,-11,-3,67.176,12,63.176,4,1
10,400,380,100,39,25,1,15,361,95,24,-1,14,25,-15,-14,430.09,20,335.09,19,5
11,225,75,255,20,32,10,-2,25,85,22,-10,-12,289,2,12,302.512,15,217.512,5,17
12,1,19,8,20,9,-18,-7,361,152,27,18,11,64,7,-11,165.896,1,13.895999999999987,19,8
13,25,65,0,18,5,-8,5,169,0,13,8,13,0,-5,-13,37.83,5,37.83,13,0
14,25,20,35,9,12,1,-2,16,28,11,-1,-3,49,2,3,60.332,5,32.332,4,7
15,121,165,143,26,24,-4,-2,225,195,28,4,2,169,2,-2,376.428,11,181.428,15,13
16,169,78,0,19,13,7,13,36,0,6,-7,6,0,-13,-6,77.616,13,77.616,6,0
17,4,26,0,15,2,-11,2,169,0,13,11,13,0,-2,-13,12.752,2,12.752,13,0
18,1,6,3,7,4,-5,-2,36,18,9,5,3,9,2,-3,22.524,1,4.524000000000001,6,3
19,25,40,20,13,9,-3,1,64,32,12,3,4,16,-1,-4,67.344,5,35.343999999999994,8,4
20,256,160,320,26,36,6,-4,100,200,30,-6,-10,400,4,10,500.474,16,300.474,10,20
21,324,54,36,21,20,15,16,9,6,5,-15,1,4,-16,-1,127.784,18,121.784,3,2
22,9,51,42,20,17,-14,-11,289,238,31,14,3,196,11,-3,286.06,3,48.06,17,14
23,9,27,0,12,3,-6,3,81,0,9,6,9,0,-3,-9,14.692,3,14.692,9,0
24,225,120,45,23,18,7,12,64,24,11,-7,5,9,-12,-5,158.918,15,134.918,8,3
25,169,91,78,20,19,6,7,49,42,13,-6,1,36,-7,-1,165.434,13,123.434,7,6
26,4,20,6,12,5,-8,-1,100,30,13,8,7,9,1,-7,43.692,2,13.692,10,3
27,169,247,208,32,29,-6,-3,361,304,35,6,3,256,3,-3,570.228,13,266.22799999999995,19,16
28,121,165,99,26,20,-4,2,225,135,24,4,6,81,-2,-6,294.404,11,159.404,15,9
29,81,108,117,21,22,-3,-4,144,156,25,3,-1,169,4,1,286.52,9,130.51999999999998,12,13
30,196,14,196,15,28,13,0,1,14,15,-13,-13,196,0,13,164.092,14,150.092,1,14
31,16,8,64,6,20,2,-12,4,32,18,-2,-14,256,12,14,70.232,4,38.232,2,16
32,1,7,1,8,2,-6,0,49,7,8,6,6,1,0,-6,10.892,1,3.8919999999999995,7,1
33,289,238,102,31,23,3,11,196,84,20,-3,8,36,-11,-8,322.108,17,238.108,14,6
34,256,96,240,22,31,10,1,36,90,21,-10,-9,225,-1,9,318.076,16,228.07600000000002,6,15
35,289,170,136,27,25,7,9,100,80,18,-7,2,64,-9,-2,301.424,17,221.42399999999998,10,8
36,16,16,0,8,4,0,4,16,0,4,0,4,0,-4,-4,10.994,4,10.994,4,0
37,121,11,176,12,27,10,-5,1,16,17,-10,-15,256,5,15,135.376,11,119.376,1,16
38,289,187,68,28,21,6,13,121,44,15,-6,7,16,-13,-7,237.91,17,193.91,11,4
39,400,340,60,37,23,3,17,289,51,20,-3,14,9,-17,-14,347.444,20,296.444,17,3
40,49,140,7,27,8,-13,6,400,20,21,13,19,1,-6,-19,105.326,7,85.326,20,1
41,256,80,16,21,17,11,15,25,5,6,-11,4,1,-15,-4,112.912,16,107.912,5,1
42,100,80,80,18,18,2,2,64,64,16,-2,0,64,-2,0,166.222,10,102.22200000000001,8,8
43,196,28,98,16,21,12,7,4,14,9,-12,-5,49,-7,5,122.688,14,108.688,2,7
44,100,120,160,22,26,-2,-6,144,192,28,2,-4,256,6,4,354.1,10,162.10000000000002,12,16
45,100,190,200,29,30,-9,-10,361,380,39,9,-1,400,10,1,597.16,10,217.15999999999997,19,20
46,324,144,288,26,34,10,2,64,128,24,-10,-8,256,-2,8,420.174,18,292.174,8,16
47,361,133,0,26,19,12,19,49,0,7,-12,7,0,-19,-7,151.44,19,151.44,7,0
48,16,68,80,21,24,-13,-16,289,340,37,13,-3,400,16,3,416.816,4,76.81599999999997,17,20
49,196,98,280,21,34,7,-6,49,140,27,-7,-13,400,6,13,374.868,14,234.868,7,20
50,25,50,95,15,24,-5,-14,100,190,29,5,-9,361,14,9,267.252,5,77.25200000000001,10,19
51,81,0,9,9,10,9,8,0,0,1,-9,-1,1,-8,1,22.486,9,22.486,0,1
52,324,72,108,22,24,14,12,16,24,10,-14,-2,36,-12,2,190.186,18,166.186,4,6
53,400,220,240,31,32,9,8,121,132,23,-9,-1,144,-8,1,457.392,20,325.392,11,12
54,36,60,108,16,24,-4,-12,100,180,28,4,-8,324,12,8,270.818,6,90.81799999999998,10,18
55,324,216,198,30,29,6,7,144,132,23,-6,1,121,-7,-1,415.528,18,283.528,12,11
56,196,182,126,27,23,1,5,169,117,22,-1,4,81,-5,-4,316.944,14,199.94400000000002,13,9
57,100,90,150,19,25,1,-5,81,135,24,-1,-6,225,5,6,277.518,10,142.51799999999997,9,15
58,324,360,90,38,23,-2,13,400,100,25,2,15,25,-13,-15,401.284,18,301.284,20,5
59,225,75,135,20,24,10,6,25,45,14,-10,-4,81,-6,4,202.112,15,157.112,5,9
60,100,30,190,13,29,7,-9,9,57,22,-7,-16,361,9,16,191.256,10,134.256,3,19
61,169,26,182,15,27,11,-1,4,28,16,-11,-12,196,1,12,172.16,13,144.16,2,14
62,100,130,10,23,11,-3,9,169,13,14,3,12,1,-9,-12,106.276,10,93.276,13,1
63,100,160,100,26,20,-6,0,256,160,26,6,6,100,0,-6,312.442,10,152.442,16,10
64,144,12,180,13,27,11,-3,1,15,16,-11,-14,225,3,14,144.316,12,129.316,1,15
65,361,304,228,35,31,3,7,256,192,28,-3,4,144,-7,-4,543.084,19,351.08399999999995,16,12
66,49,70,49,17,14,-3,0,100,70,17,3,3,49,0,-3,140.05,7,70.05000000000001,10,7
67,4,30,6,17,5,-13,-1,225,45,18,13,12,9,1,-12,63.492,2,18.491999999999997,15,3
68,25,5,50,6,15,4,-5,1,10,11,-4,-9,100,5,9,42.684,5,32.684,1,10
69,4,40,36,22,20,-18,-16,400,360,38,18,2,324,16,-2,398.55,2,38.55000000000001,20,18
70,324,342,270,37,33,-1,3,361,285,34,1,4,225,-3,-4,667.718,18,382.71799999999996,19,15
71,1,11,16,12,17,-10,-15,121,176,27,10,-5,256,15,5,189.5,1,13.5,11,16
72,25,75,85,20,22,-10,-12,225,255,32,10,-2,289,12,2,339.88,5,84.88,15,17
73,289,306,221,35,30,-1,4,324,234,31,1,5,169,-4,-5,565.364,17,331.36400000000003,18,13
74,64,24,72,11,17,5,-1,9,27,12,-5,-6,81,1,6,88.872,8,61.872,3,9
75,361,19,38,20,21,18,17,1,2,3,-18,-1,4,-17,1,116.564,19,114.564,1,2
76,289,255,119,32,24,2,10,225,105,22,-2,8,49,-10,-8,359.196,17,254.19600000000003,15,7
77,81,81,117,18,22,0,-4,81,117,22,0,-4,169,4,4,234.256,9,117.256,9,13
78,4,10,20,7,12,-3,-8,25,50,15,3,-5,100,8,5,65.636,2,15.635999999999996,5,10
79,100,170,80,27,18,-7,2,289,136,25,7,9,64,-2,-9,283.696,10,147.69600000000003,17,8
80,324,324,90,36,23,0,13,324,90,23,0,13,25,-13,-13,374.848,18,284.848,18,5
81,4,40,16,22,10,-18,-6,400,160,28,18,12,64,6,-12,188.394,2,28.394000000000005,20,8
82,196,0,238,14,31,14,-3,0,0,17,-14,-17,289,3,17,164.348,14,164.348,0,17
83,64,160,64,28,16,-12,0,400,160,28,12,12,64,0,-12,286.87,8,126.87,20,8
84,16,60,36,19,13,-11,-5,225,135,24,11,6,81,5,-6,186.134,4,51.133999999999986,15,9
85,225,45,135,18,24,12,6,9,27,12,-12,-6,81,-6,6,169.28,15,142.28,3,9
86,1,16,16,17,17,-15,-15,256,256,32,15,0,256,15,0,272.0,1,16.0,16,16
87,256,224,64,30,20,2,12,196,56,18,-2,10,16,-12,-10,261.398,16,205.39800000000002,14,4
88,400,280,200,34,30,6,10,196,140,24,-6,4,100,-10,-4,475.086,20,335.086,14,10
89,289,153,0,26,17,8,17,81,0,9,-8,9,0,-17,-9,145.3,17,145.3,9,0
90,400,280,260,34,33,6,7,196,182,27,-6,1,169,-7,-1,546.764,20,364.764,14,13
91,256,112,128,23,24,9,8,49,56,15,-9,-1,64,-8,1,235.94,16,179.94,7,8
92,9,15,3,8,4,-2,2,25,5,6,2,4,1,-2,-4,15.616,3,10.616,5,1
93,225,225,30,30,17,0,13,225,30,17,0,13,4,-13,-13,209.752,15,179.752,15,2
94,256,144,192,25,28,7,4,81,108,21,-7,-3,144,-4,3,335.98,16,227.98000000000002,9,12
95,144,72,156,18,25,6,-1,36,78,19,-6,-7,169,1,7,226.28,12,148.28,6,13
96,256,48,224,19,30,13,2,9,42,17,-13,-11,196,-2,11,238.356,16,196.356,3,14
97,9,15,36,8,15,-2,-9,25,60,17,2,-7,144,9,7,87.124,3,27.123999999999995,5,12
98,1,6,9,7,10,-5,-8,36,54,15,5,-3,81,8,3,61.506,1,7.506,6,9
99,225,30,105,17,22,13,8,4,14,9,-13,-5,49,-8,5,134.394,15,120.394,2,7
100,169,104,13,21,14,5,12,64,8,9,-5,7,1,-12,-7,105.504,13,97.504,8,1
101,289,255,289,32,34,2,0,225,255,32,-2,-2,289,0,2,594.968,17,339.96799999999996,15,17
102,9,6,42,5,17,1,-11,4,28,16,-1,-12,196,11,12,53.736,3,25.735999999999997,2,14
103,49,140,28,27,11,-13,3,400,80,24,13,16,16,-3,-16,173.532,7,93.53200000000001,20,4
104,4,26,6,15,5,-11,-1,169,39,16,11,10,9,1,-10,55.864,2,16.863999999999997,13,3
105,1,13,2,14,3,-12,-1,169,26,15,12,11,4,1,-11,33.346,1,7.3459999999999965,13,2
106,121,44,209,15,30,7,-8,16,76,23,-7,-15,361,8,15,231.116,11,155.116,4,19
107,1,20,9,21,10,-19,-8,400,180,29,19,11,81,8,-11,194.104,1,14.104000000000013,20,9
108,324,108,126,24,25,12,11,36,42,13,-12,-1,49,-11,1,235.38,18,193.38,6,7
109,100,200,150,30,25,-10,-5,400,300,35,10,5,225,5,-5,496.792,10,196.79199999999997,20,15
110,4,12,18,8,11,-4,-7,36,54,15,4,-3,81,7,3,69.292,2,15.292000000000002,6,9
111,256,0,160,16,26,16,6,0,0,10,-16,-10,100,-6,10,139.97,16,139.97,0,10
112,196,112,196,22,28,6,0,64,112,22,-6,-6,196,0,6,311.444,14,199.44400000000002,8,14
113,324,162,234,27,31,9,5,81,117,22,-9,-4,169,-5,4,392.29,18,275.29,9,13
114,361,380,342,39,37,-1,1,400,360,38,1,2,324,-1,-2,806.768,19,446.76800000000003,20,18
115,144,216,84,30,19,-6,5,324,126,25,6,11,49,-5,-11,308.628,12,182.628,18,7
116,361,171,152,28,27,10,11,81,72,17,-10,1,64,-11,-1,318.82,19,246.82,9,8
117,256,208,240,29,31,3,1,169,195,28,-3,-2,225,-1,2,478.992,16,283.992,13,15
118,16,64,16,20,8,-12,0,256,64,20,12,12,16,0,-12,107.82,4,43.81999999999999,16,4
119,324,18,72,19,22,17,14,1,4,5,-17,-3,16,-14,3,125.7,18,121.7,1,4
120,100,180,50,28,15,-8,5,324,90,23,8,13,25,-5,-13,226.928,10,136.928,18,5
121,100,60,140,16,24,4,-4,36,84,20,-4,-8,196,4,8,206.538,10,122.53800000000001,6,14
122,25,40,20,13,9,-3,1,64,32,12,3,4,16,-1,-4,67.216,5,35.215999999999994,8,4
123,144,108,0,21,12,3,12,81,0,9,-3,9,0,-12,-9,87.1,12,87.1,9,0
124,361,380,95,39,24,-1,14,400,100,25,1,15,25,-14,-15,422.674,19,322.674,20,5
125,81,180,108,29,21,-11,-3,400,240,32,11,8,144,3,-8,402.068,9,162.06799999999998,20,12
126,100,90,80,19,18,1,2,81,72,17,-1,1,64,-2,-1,179.72,10,107.72,9,8
127,256,96,288,22,34,10,-2,36,108,24,-10,-12,324,2,12,360.456,16,252.45600000000002,6,18
128,16,72,8,22,6,-14,2,324,36,20,14,16,4,-2,-16,79.002,4,43.001999999999995,18,2
129,100,80,140,18,24,2,-4,64,112,22,-2,-6,196,4,6,243.642,10,131.642,8,14
130,144,204,144,29,24,-5,0,289,204,29,5,5,144,0,-5,411.376,12,207.37599999999998,17,12
131,196,112,28,22,16,6,12,64,16,10,-6,6,4,-12,-6,131.968,14,115.96799999999999,8,2
132,25,70,65,19,18,-9,-8,196,182,27,9,1,169,8,-1,254.47,5,72.47,14,13
133,361,361,228,38,31,0,7,361,228,31,0,7,144,-7,-7,608.006,19,380.006,19,12
134,49,119,126,24,25,-10,-11,289,306,35,10,-1,324,11,1,438.802,7,132.80200000000002,17,18
135,81,18,18,11,11,7,7,4,4,4,-7,0,4,-7,0,40.132,9,36.132,2,2
136,81,135,153,24,26,-6,-8,225,255,32,6,-2,289,8,2,416.776,9,161.776,15,17
137,16,76,20,23,9,-15,-1,361,95,24,15,14,25,1,-14,146.764,4,51.76400000000001,19,5
138,256,320,16,36,17,-4,15,400,20,21,4,19,1,-15,-19,247.372,16,227.372,20,1
139,196,182,112,27,22,1,6,169,104,21,-1,5,64,-6,-5,295.932,14,191.93200000000002,13,8
140,1,20,11,21,12,-19,-10,400,220,31,19,9,121,10,-9,235.302,1,15.301999999999992,20,11
141,361,342,0,37,19,1,19,324,0,18,-1,18,0,-19,-18,258.072,19,258.072,18,0
142,1,3,20,4,21,-2,-19,9,60,23,2,-17,400,19,17,71.738,1,11.738,3,20
143,4,34,10,19,7,-15,-3,289,85,22,15,12,25,3,-12,108.306,2,23.305999999999997,17,5
144,25,60,50,17,15,-7,-5,144,120,22,7,2,100,5,-2,180.048,5,60.048,12,10
145,400,100,340,25,37,15,3,25,85,22,-15,-12,289,-3,12,398.244,20,313.244,5,17
146,144,60,228,17,31,7,-7,25,95,24,-7,-14,361,7,14,270.914,12,175.914,5,19
147,9,42,3,17,4,-11,2,196,14,15,11,13,1,-2,-13,38.994,3,24.994,14,1
148,400,220,340,31,37,9,3,121,187,28,-9,-6,289,-3,6,562.048,20,375.048,11,17
149,49,133,7,26,8,-12,6,361,19,20,12,18,1,-6,-18,99.876,7,80.876,19,1
150,1,12,20,13,21,-11,-19,144,240,32,11,-8,400,19,8,256.224,1,16.22399999999999,12,20
151,400,0,180,20,29,20,11,0,0,9,-20,-9,81,-11,9,185.304,20,185.304,0,9
152,256,128,256,24,32,8,0,64,128,24,-8,-8,256,0,8,381.028,16,253.02800000000002,8,16
153,4,16,4,10,4,-6,0,64,16,10,6,6,4,0,-6,26.378,2,10.378,8,2
154,289,340,306,37,35,-3,-1,400,360,38,3,2,324,1,-2,750.776,17,390.77599999999995,20,18
155,196,140,196,24,28,4,0,100,140,24,-4,-4,196,0,4,353.166,14,213.166,10,14
156,16,32,48,12,16,-4,-8,64,96,20,4,-4,144,8,4,139.322,4,43.322,8,12
157,100,0,30,10,13,10,7,0,0,3,-10,-3,9,-7,3,37.776,10,37.776,0,3
158,121,0,176,11,27,11,-5,0,0,16,-11,-16,256,5,16,114.432,11,114.432,0,16
159,64,96,136,20,25,-4,-9,144,204,29,4,-5,289,9,5,334.64,8,130.64,12,17
160,25,85,10,22,7,-12,3,289,34,19,12,15,4,-3,-15,86.144,5,52.144000000000005,17,2
161,121,154,143,25,24,-3,-2,196,182,27,3,1,169,2,-1,357.894,11,175.894,14,13
162,1,16,12,17,13,-15,-11,256,192,28,15,4,144,11,-4,205.992,1,13.99199999999999,16,12
163,256,0,16,16,17,16,15,0,0,1,-16,-1,1,-15,1,68.04,16,68.04,0,1
164,100,0,160,10,26,10,-6,0,0,16,-10,-16,256,6,16,104.014,10,104.014,0,16
165,196,84,224,20,30,8,-2,36,96,22,-8,-10,256,2,10,294.832,14,198.832,6,16
166,324,72,234,22,31,14,5,16,52,17,-14,-9,169,-5,9,281.564,18,229.56400000000002,4,13
167,256,176,224,27,30,5,2,121,154,25,-5,-3,196,-2,3,414.164,16,260.164,11,14
168,196,84,98,20,21,8,7,36,42,13,-8,-1,49,-7,1,177.972,14,135.972,6,7
169,256,80,64,21,20,11,12,25,20,9,-11,1,16,-12,-1,151.832,16,131.832,5,4
170,256,96,288,22,34,10,-2,36,108,24,-10,-12,324,2,12,361.686,16,253.68599999999998,6,18
171,25,5,0,6,5,4,5,1,0,1,-4,1,0,-5,-1,7.35,5,7.35,1,0
172,121,33,187,14,28,8,-6,9,51,20,-8,-14,289,6,14,187.576,11,136.576,3,17
173,361,19,133,20,26,18,12,1,7,8,-18,-6,49,-12,6,168.032,19,161.032,1,7
174,400,360,400,38,40,2,0,324,360,38,-2,-2,400,0,2,835.438,20,475.438,18,20
175,25,30,85,11,22,-1,-12,36,102,23,1,-11,289,12,11,164.642,5,62.641999999999996,6,17
176,400,360,220,38,31,2,9,324,198,29,-2,7,121,-9,-7,582.44,20,384.44000000000005,18,11
177,169,260,65,33,18,-7,8,400,100,25,7,15,25,-8,-15,303.474,13,203.474,20,5
178,196,14,84,15,20,13,8,1,6,7,-13,-5,36,-8,5,101.304,14,95.304,1,6
179,64,48,104,14,21,2,-5,36,78,19,-2,-7,169,5,7,168.276,8,90.27600000000001,6,13
180,36,6,84,7,20,5,-8,1,14,15,-5,-13,196,8,13,66.004,6,52.004000000000005,1,14
181,25,10,90,7,23,3,-13,4,36,20,-3,-16,324,13,16,90.116,5,54.116,2,18
182,169,195,221,28,30,-2,-4,225,255,32,2,-2,289,4,2,501.964,13,246.964,15,17
183,361,361,0,38,19,0,19,361,0,19,0,19,0,-19,-19,262.306,19,262.306,19,0
184,49,140,42,27,13,-13,1,400,120,26,13,14,36,-1,-14,223.836,7,103.83600000000001,20,6
185,121,143,66,24,17,-2,5,169,78,19,2,7,36,-5,-7,210.558,11,132.558,13,6
186,169,65,0,18,13,8,13,25,0,5,-8,5,0,-13,-5,72.02,13,72.02,5,0
187,36,54,12,15,8,-3,4,81,18,11,3,7,4,-4,-7,57.98,6,39.98,9,2
188,1,12,6,13,7,-11,-5,144,72,18,11,6,36,5,-6,81.096,1,9.096000000000004,12,6
189,361,361,380,38,39,0,-1,361,380,39,0,-1,400,1,1,836.206,19,456.206,19,20
190,1,11,11,12,12,-10,-10,121,121,22,10,0,121,10,0,132.0,1,11.0,11,11
191,361,380,38,39,21,-1,17,400,40,22,1,18,4,-17,-18,334.628,19,294.628,20,2
192,225,0,195,15,28,15,2,0,0,13,-15,-13,169,-2,13,151.684,15,151.684,0,13
193,256,128,208,24,29,8,3,64,104,21,-8,-5,169,-3,5,332.184,16,228.18400000000003,8,13
194,100,60,20,16,12,4,8,36,12,8,-4,4,4,-8,-4,74.34,10,62.34,6,2
195,256,304,80,35,21,-3,11,361,95,24,3,14,25,-11,-14,346.164,16,251.164,19,5
196,100,110,180,21,28,-1,-8,121,198,29,1,-7,324,8,7,366.068,10,168.06799999999998,11,18
197,49,14,56,9,15,5,-1,4,16,10,-5,-6,64,1,6,61.492,7,45.492,2,8
198,81,108,108,21,21,-3,-3,144,144,24,3,0,144,3,0,269.884,9,125.88400000000001,12,12
199,144,204,108,29,21,-5,3,289,153,26,5,8,81,-3,-8,340.856,12,187.856,17,9
200,361,38,0,21,19,17,19,4,0,2,-17,2,0,-19,-2,104.588,19,104.588,2,0
201,36,54,96,15,22,-3,-10,81,144,25,3,-7,256,10,7,226.396,6,82.39599999999999,9,16
202,4,34,22,19,13,-15,-9,289,187,28,15,6,121,9,-6,215.476,2,28.476,17,11
203,169,195,130,28,23,-2,3,225,150,25,2,5,100,-3,-5,351.354,13,201.35399999999998,15,10
204,100,190,170,29,27,-9,-7,361,323,36,9,2,289,7,-2,525.552,10,202.55200000000002,19,17
205,256,32,112,18,23,14,9,4,14,9,-14,-5,49,-9,5,146.108,16,132.108,2,7
206,36,102,114,23,25,-11,-13,289,323,36,11,-2,361,13,2,438.496,6,115.49599999999998,17,19
207,256,256,64,32,20,0,12,256,64,20,0,12,16,-12,-12,282.458,16,218.45800000000003,16,4
208,81,27,72,12,17,6,1,9,24,11,-6,-5,64,-1,5,91.848,9,67.848,3,8
209,25,95,5,24,6,-14,4,361,19,20,14,18,1,-4,-18,72.676,5,53.676,19,1
210,169,26,182,15,27,11,-1,4,28,16,-11,-12,196,1,12,172.564,13,144.564,2,14
211,400,400,40,40,22,0,18,400,40,22,0,18,4,-18,-18,354.928,20,314.928,20,2
212,4,2,4,3,4,1,0,1,2,3,-1,-1,4,0,1,5.532,2,3.532,1,2
213,256,96,80,22,21,10,11,36,30,11,-10,1,25,-11,-1,177.848,16,147.848,6,5
214,1,9,1,10,2,-8,0,81,9,10,8,8,1,0,-8,14.112,1,5.112,9,1
215,324,108,198,24,29,12,7,36,66,17,-12,-5,121,-7,5,295.352,18,229.35199999999998,6,11
216,289,306,51,35,20,-1,14,324,54,21,1,15,9,-14,-15,299.788,17,245.788,18,3
217,16,8,32,6,12,2,-4,4,16,10,-2,-6,64,4,6,38.834,4,22.834000000000003,2,8
218,121,176,55,27,16,-5,6,256,80,21,5,11,25,-6,-11,223.956,11,143.956,16,5
219,225,270,30,33,17,-3,13,324,36,20,3,16,4,-13,-16,238.848,15,202.848,18,2
220,49,56,42,15,13,-1,1,64,48,14,1,2,36,-1,-2,107.608,7,59.608000000000004,8,6
221,121,220,165,31,26,-9,-4,400,300,35,9,5,225,4,-5,519.614,11,219.61400000000003,20,15
222,121,0,220,11,31,11,-9,0,0,20,-11,-20,400,9,20,137.288,11,137.288,0,20
223,361,190,190,29,29,9,9,100,100,20,-9,0,100,-9,0,375.688,19,275.688,10,10
224,196,210,126,29,23,-1,5,225,135,24,1,6,81,-5,-6,348.594,14,213.594,15,9
225,144,156,24,25,14,-1,10,169,26,15,1,11,4,-10,-11,149.616,12,123.61600000000001,13,2
226,64,80,144,18,26,-2,-10,100,180,28,2,-8,324,10,8,306.056,8,126.05599999999998,10,18
227,144,228,0,31,12,-7,12,361,0,19,7,19,0,-12,-19,146.136,12,146.136,19,0
228,289,102,68,23,21,11,13,36,24,10,-11,2,16,-13,-2,176.816,17,152.816,6,4
229,400,180,180,29,29,11,11,81,81,18,-11,0,81,-11,0,356.546,20,275.546,9,9
230,144,60,240,17,32,7,-8,25,100,25,-7,-15,400,8,15,282.164,12,182.164,5,20
231,400,0,240,20,32,20,8,0,0,12,-20,-12,144,-8,12,214.252,20,214.252,0,12
232,324,270,234,33,31,3,5,225,195,28,-3,2,169,-5,-2,523.178,18,328.178,15,13
233,9,9,27,6,12,0,-6,9,27,12,0,-6,81,6,6,46.584,3,19.584000000000003,3,9
234,1,8,20,9,21,-7,-19,64,160,28,7,-12,400,19,12,173.544,1,13.544000000000011,8,20
235,100,90,30,19,13,1,7,81,27,12,-1,6,9,-7,-6,109.426,10,82.426,9,3
236,100,80,170,18,27,2,-7,64,136,25,-2,-9,289,7,9,284.4,10,148.39999999999998,8,17
237,1,7,5,8,6,-6,-4,49,35,12,6,2,25,4,-2,41.02,1,6.020000000000003,7,5
238,9,33,36,14,15,-8,-9,121,132,23,8,-1,144,9,1,168.042,3,36.042,11,12
239,64,112,104,22,21,-6,-5,196,182,27,6,1,169,5,-1,304.076,8,122.07600000000002,14,13
240,169,65,13,18,14,8,12,25,5,6,-8,4,1,-12,-4,83.124,13,78.124,5,1
241,324,198,324,29,36,7,0,121,198,29,-7,-7,324,0,7,535.872,18,337.87199999999996,11,18
242,49,49,98,14,21,0,-7,49,98,21,0,-7,196,7,7,181.668,7,83.668,7,14
243,25,50,10,15,7,-5,3,100,20,12,5,8,4,-3,-8,55.228,5,35.228,10,2
244,49,14,70,9,17,5,-3,4,20,12,-5,-8,100,3,8,72.344,7,52.343999999999994,2,10
245,361,19,152,20,27,18,11,1,8,9,-18,-7,64,-11,7,178.192,19,170.192,1,8
246,225,210,15,29,16,1,14,196,14,15,-1,13,1,-14,-13,178.878,15,164.878,14,1
247,1,10,17,11,18,-9,-16,100,170,27,9,-7,289,16,7,183.486,1,13.48599999999999,10,17
248,16,68,28,21,11,-13,-3,289,119,24,13,10,49,3,-10,170.4,4,51.400000000000006,17,7
249,1,18,9,19,10,-17,-8,324,162,27,17,9,81,8,-9,175.158,1,13.157999999999987,18,9
250,361,76,228,23,31,15,7,16,48,16,-15,-8,144,-7,8,285.624,19,237.62400000000002,4,12
251,169,260,221,33,30,-7,-4,400,340,37,7,3,289,4,-3,619.516,13,279.51599999999996,20,17
252,256,192,128,28,24,4,8,144,96,20,-4,4,64,-8,-4,316.378,16,220.378,12,8
253,196,126,126,23,23,5,5,81,81,18,-5,0,81,-5,0,252.614,14,171.614,9,9
254,100,10,170,11,27,9,-7,1,17,18,-9,-16,289,7,16,127.668,10,110.668,1,17
255,4,14,34,9,19,-5,-15,49,119,24,5,-10,289,15,10,143.812,2,24.812000000000012,7,17
256,196,126,224,23,30,5,-2,81,144,25,-5,-7,256,2,7,364.404,14,220.404,9,16
257,121,99,132,20,23,2,-1,81,108,21,-2,-3,144,1,3,250.512,11,142.512,9,12
258,49,63,105,16,22,-2,-8,81,135,24,2,-6,225,8,6,230.032,7,95.03200000000001,9,15
259,361,19,38,20,21,18,17,1,2,3,-18,-1,4,-17,1,115.836,19,113.836,1,2
260,169,91,143,20,24,6,2,49,77,18,-6,-4,121,-2,4,233.188,13,156.188,7,11
261,225,165,240,26,31,4,-1,121,176,27,-4,-5,256,1,5,430.526,15,254.526,11,16
262,1,15,8,16,9,-14,-7,225,120,23,14,7,64,7,-7,131.71,1,11.710000000000008,15,8
263,36,84,90,20,21,-8,-9,196,210,29,8,-1,225,9,1,304.44,6,94.44,14,15
264,256,96,144,22,25,10,7,36,54,15,-10,-3,81,-7,3,234.024,16,180.024,6,9
265,25,25,95,10,24,0,-14,25,95,24,0,-14,361,14,14,158.76,5,63.75999999999999,5,19
266,1,20,19,21,20,-19,-18,400,380,39,19,1,361,18,-1,399.488,1,19.488,20,19
267,361,171,19,28,20,10,18,81,9,10,-10,8,1,-18,-8,190.496,19,181.496,9,1
268,81,108,117,21,22,-3,-4,144,156,25,3,-1,169,4,1,286.668,9,130.668,12,13
269,4,12,10,8,7,-4,-3,36,30,11,4,1,25,3,-1,41.544,2,11.543999999999997,6,5
270,1,20,14,21,15,-19,-13,400,280,34,19,6,196,13,-6,297.024,1,17.024,20,14
271,144,96,84,20,19,4,5,64,56,15,-4,1,49,-5,-1,179.016,12,123.01599999999999,8,7
272,4,0,36,2,20,2,-16,0,0,18,-2,-18,324,16,18,17.754,2,17.754,0,18
273,81,117,18,22,11,-4,7,169,26,15,4,11,4,-7,-11,111.3,9,85.3,13,2
274,169,260,39,33,16,-7,10,400,60,23,7,17,9,-10,-17,246.874,13,186.874,20,3
275,324,180,252,28,32,8,4,100,140,24,-8,-4,196,-4,4,431.1,18,291.1,10,14
276,25,70,60,19,17,-9,-7,196,168,26,9,2,144,7,-2,237.94,5,69.94,14,12
277,16,72,40,22,14,-14,-6,324,180,28,14,8,100,6,-8,238.348,4,58.34800000000001,18,10
278,196,56,28,18,16,10,12,16,8,6,-10,2,4,-12,-2,95.412,14,87.412,4,2
279,16,24,16,10,8,-2,0,36,24,10,2,2,16,0,-2,47.08,4,23.08,6,4
280,196,0,84,14,20,14,8,0,0,6,-14,-6,36,-8,6,87.712,14,87.712,0,6
281,225,285,0,34,15,-4,15,361,0,19,4,19,0,-15,-19,195.63,15,195.63,19,0
282,121,154,66,25,17,-3,5,196,84,20,3,8,36,-5,-8,222.7,11,138.7,14,6
283,1,18,8,19,9,-17,-7,324,144,26,17,10,64,7,-10,157.1,1,13.099999999999994,18,8
284,256,80,64,21,20,11,12,25,20,9,-11,1,16,-12,-1,151.912,16,131.912,5,4
285,144,204,60,29,17,-5,7,289,85,22,5,12,25,-7,-12,249.93,12,164.93,17,5
286,256,288,320,34,36,-2,-4,324,360,38,2,-2,400,4,2,724.29,16,364.28999999999996,18,20
287,16,16,44,8,15,0,-7,16,44,15,0,-7,121,7,7,77.012,4,33.012,4,11
288,196,14,210,15,29,13,-1,1,15,16,-13,-14,225,1,14,171.09,14,156.09,1,15
289,400,20,40,21,22,19,18,1,2,3,-19,-1,4,-18,1,126.616,20,124.616,1,2
290,1,17,3,18,4,-16,-2,289,51,20,16,14,9,2,-14,60.608,1,9.607999999999997,17,3
291,81,63,18,16,11,2,7,49,14,9,-2,5,4,-7,-5,72.442,9,58.44199999999999,7,2
292,196,266,224,33,30,-5,-2,361,304,35,5,3,256,2,-3,595.032,14,291.03200000000004,19,16
293,400,80,200,24,30,16,10,16,40,14,-16,-6,100,-10,6,275.198,20,235.19799999999998,4,10
294,361,57,342,22,37,16,1,9,54,21,-16,-15,324,-1,15,338.476,19,284.476,3,18
295,289,306,170,35,27,-1,7,324,180,28,1,8,100,-7,-8,485.248,17,305.248,18,10
296,36,54,30,15,11,-3,1,81,45,14,3,4,25,-1,-4,94.3,6,49.3,9,5
297,169,182,39,27,16,-1,10,196,42,17,1,11,9,-10,-11,190.962,13,148.962,14,3
298,324,306,342,35,37,1,-1,289,323,36,-1,-2,361,1,2,723.678,18,400.678,17,19
299,225,300,210,35,29,-5,1,400,280,34,5,6,196,-1,-6,587.024,15,307.024,20,14
300,49,126,42,25,13,-11,1,324,108,24,11,12,36,-1,-12,203.412,7,95.412,18,6
301,400,380,180,39,29,1,11,361,171,28,-1,10,81,-11,-10,545.938,20,374.938,19,9
302,400,100,60,25,23,15,17,25,15,8,-15,2,9,-17,-2,189.984,20,174.984,5,3
303,169,169,182,26,27,0,-1,169,182,27,0,-1,196,1,1,396.616,13,214.61599999999999,13,14
304,144,204,216,29,30,-5,-6,289,306,35,5,-1,324,6,1,549.512,12,243.51199999999994,17,18
305,36,42,84,13,20,-1,-8,49,98,21,1,-7,196,8,7,168.54,6,70.53999999999999,7,14
306,225,165,285,26,34,4,-4,121,209,30,-4,-8,361,4,8,486.848,15,277.848,11,19
307,400,400,0,40,20,0,20,400,0,20,0,20,0,-20,-20,294.816,20,294.816,20,0
308,100,80,120,18,22,2,-2,64,96,20,-2,-4,144,2,4,218.57,10,122.57,8,12
309,36,114,48,25,14,-13,-2,361,152,27,13,11,64,2,-11,241.18,6,89.18,19,8
310,289,255,272,32,33,2,1,225,240,31,-2,-1,256,-1,1,571.74,17,331.74,15,16
311,225,135,45,24,18,6,12,81,27,12,-6,6,9,-12,-6,169.992,15,142.992,9,3
312,9,24,36,11,15,-5,-9,64,96,20,5,-4,144,9,4,127.448,3,31.447999999999993,8,12
313,64,32,160,12,28,4,-12,16,80,24,-4,-16,400,12,16,191.158,8,111.15799999999999,4,20
314,4,6,34,5,19,-1,-15,9,51,20,1,-14,289,15,14,70.888,2,19.888000000000005,3,17
315,9,60,42,23,17,-17,-11,400,280,34,17,6,196,11,-6,332.5,3,52.5,20,14
316,256,128,224,24,30,8,2,64,112,22,-8,-6,196,-2,6,347.762,16,235.762,8,14
317,400,320,220,36,31,4,9,256,176,27,-4,5,121,-9,-5,541.28,20,365.28,16,11
318,25,55,25,16,10,-6,0,121,55,16,6,6,25,0,-6,100.388,5,45.388000000000005,11,5
319,144,36,216,15,30,9,-6,9,54,21,-9,-15,324,6,15,212.0,12,158.0,3,18
320,361,285,171,34,28,4,10,225,135,24,-4,6,81,-10,-6,448.672,19,313.672,15,9
321,64,80,64,18,16,-2,0,100,80,18,2,2,64,0,-2,165.774,8,85.774,10,8
322,16,80,16,24,8,-16,0,400,80,24,16,16,16,0,-16,131.956,4,51.95599999999999,20,4
323,4,34,32,19,18,-15,-14,289,272,33,15,1,256,14,-1,305.504,2,33.50400000000002,17,16
324,64,40,128,13,24,3,-8,25,80,21,-3,-11,256,8,11,178.824,8,98.82400000000001,5,16
325,169,78,26,19,15,7,11,36,12,8,-7,4,4,-11,-4,102.984,13,90.984,6,2
326,4,30,18,17,11,-13,-7,225,135,24,13,6,81,7,-6,159.434,2,24.433999999999997,15,9
327,196,84,42,20,17,8,11,36,18,9,-8,3,9,-11,-3,126.68,14,108.68,6,3
328,225,135,30,24,17,6,13,81,18,11,-6,7,4,-13,-7,152.758,15,134.758,9,2
329,81,90,36,19,13,-1,5,100,40,14,1,6,16,-5,-6,121.392,9,81.392,10,4
330,144,60,144,17,24,7,0,25,60,17,-7,-7,144,0,7,195.328,12,135.328,5,12
331,400,340,140,37,27,3,13,289,119,24,-3,10,49,-13,-10,454.072,20,335.072,17,7
332,196,266,280,33,34,-5,-6,361,380,39,5,-1,400,6,1,698.656,14,318.65599999999995,19,20
333,36,18,18,9,9,3,3,9,9,6,-3,0,9,-3,0,34.562,6,25.561999999999998,3,3
334,361,380,361,39,38,-1,0,400,380,39,1,1,361,0,-1,836.388,19,456.38800000000003,20,19
335,81,153,63,26,16,-8,2,289,119,24,8,10,49,-2,-10,245.86,9,126.86000000000001,17,7
336,289,51,289,20,34,14,0,9,51,20,-14,-14,289,0,14,289.456,17,238.45600000000002,3,17
337,16,48,56,16,18,-8,-10,144,168,26,8,-2,196,10,2,222.95,4,54.94999999999999,12,14
338,36,30,102,11,23,1,-11,25,85,22,-1,-12,289,11,12,159.556,6,74.55600000000001,5,17
339,36,78,0,19,6,-7,6,169,0,13,7,13,0,-6,-13,45.484,6,45.484,13,0
340,144,72,36,18,15,6,9,36,18,9,-6,3,9,-9,-3,104.68,12,86.68,6,3
341,81,54,72,15,17,3,1,36,48,14,-3,-2,64,-1,2,128.968,9,80.96799999999999,6,8
342,256,80,192,21,28,11,4,25,60,17,-11,-7,144,-4,7,257.308,16,197.308,5,12
343,225,0,225,15,30,15,0,0,0,15,-15,-15,225,0,15,164.098,15,164.098,0,15
344,400,200,160,30,28,10,12,100,80,18,-10,2,64,-12,-2,354.378,20,274.378,10,8
345,36,36,6,12,7,0,5,36,6,7,0,5,1,-5,-5,34.264,6,28.264000000000003,6,1
346,361,228,285,31,34,7,4,144,180,27,-7,-3,225,-4,3,521.52,19,341.52,12,15
347,225,240,135,31,24,-1,6,256,144,25,1,7,81,-6,-7,384.886,15,240.88600000000002,16,9
348,324,324,108,36,24,0,12,324,108,24,0,12,36,-12,-12,400.174,18,292.174,18,6
349,324,72,324,22,36,14,0,16,72,22,-14,-14,324,0,14,346.584,18,274.584,4,18
350,81,81,36,18,13,0,5,81,36,13,0,5,16,-5,-5,112.964,9,76.964,9,4
351,25,30,55,11,16,-1,-6,36,66,17,1,-5,121,6,5,113.656,5,47.656000000000006,6,11
352,144,168,108,26,21,-2,3,196,126,23,2,5,81,-3,-5,296.836,12,170.836,14,9
353,144,144,216,24,30,0,-6,144,216,30,0,-6,324,6,6,428.798,12,212.798,12,18
354,81,162,171,27,28,-9,-10,324,342,37,9,-1,361,10,1,526.388,9,184.38800000000003,18,19
355,121,187,198,28,29,-6,-7,289,306,35,6,-1,324,7,1,525.74,11,219.74,17,18
356,64,144,128,26,24,-10,-8,324,288,34,10,2,256,8,-2,438.164,8,150.164,18,16
357,1,4,5,5,6,-3,-4,16,20,9,3,-1,25,4,1,24.49,1,4.489999999999998,4,5
358,289,204,119,29,24,5,10,144,84,19,-5,5,49,-10,-5,314.388,17,230.38799999999998,12,7
359,9,27,42,12,17,-6,-11,81,126,23,6,-5,196,11,5,162.208,3,36.208,9,14
360,256,16,96,17,22,15,10,1,6,7,-15,-5,36,-10,5,122.552,16,116.552,1,6
361,9,51,60,20,23,-14,-17,289,340,37,14,-3,400,17,3,396.98,3,56.98000000000002,17,20
362,25,80,40,21,13,-11,-3,256,128,24,11,8,64,3,-8,193.156,5,65.156,16,8
363,121,176,44,27,15,-5,7,256,64,20,5,12,16,-7,-12,200.976,11,136.976,16,4
364,121,198,198,29,29,-7,-7,324,324,36,7,0,324,7,0,549.332,11,225.332,18,18
365,4,14,14,9,9,-5,-5,49,49,14,5,0,49,5,0,63.484,2,14.484000000000002,7,7
366,4,32,32,18,18,-14,-14,256,256,32,14,0,256,14,0,288.524,2,32.524,16,16
367,100,0,70,10,17,10,3,0,0,7,-10,-7,49,-3,7,56.892,10,56.892,0,7
368,9,48,21,19,10,-13,-4,256,112,23,13,9,49,4,-9,147.62,3,35.620000000000005,16,7
369,225,300,105,35,22,-5,8,400,140,27,5,13,49,-8,-13,395.152,15,255.152,20,7
370,121,44,33,15,14,7,8,16,12,7,-7,1,9,-8,-1,77.754,11,65.754,4,3
371,400,280,300,34,35,6,5,196,210,29,-6,-1,225,-5,1,595.084,20,385.08399999999995,14,15
372,1,12,2,13,3,-11,-1,144,24,14,11,10,4,1,-10,31.06,1,7.059999999999999,12,2
373,9,45,51,18,20,-12,-14,225,255,32,12,-2,289,14,2,304.608,3,49.608000000000004,15,17
374,169,117,208,22,29,4,-3,81,144,25,-4,-7,256,3,7,345.484,13,201.48399999999998,9,16
375,49,0,28,7,11,7,3,0,0,4,-7,-4,16,-3,4,24.676,7,24.676,0,4
376,25,75,45,20,14,-10,-4,225,135,24,10,6,81,4,-6,199.928,5,64.928,15,9
377,25,95,40,24,13,-14,-3,361,152,27,14,11,64,3,-11,224.062,5,72.06200000000001,19,8
378,400,140,380,27,39,13,1,49,133,26,-13,-12,361,-1,12,489.208,20,356.208,7,19
379,289,85,238,22,31,12,3,25,70,19,-12,-9,196,-3,9,298.842,17,228.84199999999998,5,14
380,81,180,108,29,21,-11,-3,400,240,32,11,8,144,3,-8,402.836,9,162.836,20,12
381,196,154,0,25,14,3,14,121,0,11,-3,11,0,-14,-11,123.744,14,123.744,11,0
382,100,20,40,12,14,8,6,4,8,6,-8,-2,16,-6,2,60.552,10,52.552,2,4
383,196,210,70,29,19,-1,9,225,75,20,1,10,25,-9,-10,261.046,14,186.046,15,5
384,49,28,14,11,9,3,5,16,8,6,-3,2,4,-5,-2,39.78,7,31.78,4,2
385,64,120,48,23,14,-7,2,225,90,21,7,9,36,-2,-9,188.768,8,98.768,15,6
386,49,49,56,14,15,0,-1,49,56,15,0,-1,64,1,1,119.116,7,63.116,7,8
387,25,45,90,14,23,-4,-13,81,162,27,4,-9,324,13,9,234.964,5,72.964,9,18
388,4,18,0,11,2,-7,2,81,0,9,7,9,0,-2,-9,9.332,2,9.332,9,0
389,256,208,48,29,19,3,13,169,39,16,-3,10,9,-13,-10,227.58,16,188.58,13,3
390,4,0,10,2,7,2,-3,0,0,5,-2,-5,25,3,5,5.5,2,5.5,0,5
391,169,65,143,18,24,8,2,25,55,16,-8,-6,121,-2,6,198.44,13,143.44,5,11
392,36,108,120,24,26,-12,-14,324,360,38,12,-2,400,14,2,481.276,6,121.27600000000001,18,20
393,36,48,6,14,7,-2,5,64,8,9,2,7,1,-5,-7,41.968,6,33.968,8,1
394,121,66,11,17,12,5,10,36,6,7,-5,5,1,-10,-5,71.592,11,65.592,6,1
395,36,78,78,19,19,-7,-7,169,169,26,7,0,169,7,0,254.35,6,85.35,13,13
396,361,266,228,33,31,5,7,196,168,26,-5,2,144,-7,-2,501.164,19,333.164,14,12
397,36,30,90,11,21,1,-9,25,75,20,-1,-10,225,9,10,142.568,6,67.56800000000001,5,15
398,121,165,99,26,20,-4,2,225,135,24,4,6,81,-2,-6,293.7,11,158.7,15,9
399,225,30,30,17,17,13,13,4,4,4,-13,0,4,-13,0,86.448,15,82.448,2,2
400,144,228,168,31,26,-7,-2,361,266,33,7,5,196,2,-5,496.724,12,230.724,19,14
401,289,204,102,29,23,5,11,144,72,18,-5,6,36,-11,-6,293.556,17,221.55599999999998,12,6
402,49,42,7,13,8,1,6,36,6,7,-1,5,1,-6,-5,40.826,7,34.826,6,1
403,36,114,96,25,22,-13,-10,361,304,35,13,3,256,10,-3,416.732,6,112.73200000000003,19,16
404,64,160,152,28,27,-12,-11,400,380,39,12,1,361,11,-1,550.056,8,170.05600000000004,20,19
405,256,304,32,35,18,-3,14,361,38,21,3,17,4,-14,-17,267.372,16,229.372,19,2
406,1,17,20,18,21,-16,-19,289,340,37,16,-3,400,19,3,358.44,1,18.439999999999998,17,20
407,256,32,256,18,32,14,0,4,32,18,-14,-14,256,0,14,235.332,16,203.332,2,16
408,225,225,165,30,26,0,4,225,165,26,0,4,121,-4,-4,412.304,15,247.30399999999997,15,11
409,225,0,240,15,31,15,-1,0,0,16,-15,-16,256,1,16,173.972,15,173.972,0,16
410,64,152,16,27,10,-11,6,361,38,21,11,17,4,-6,-17,136.492,8,98.49199999999999,19,2
411,169,13,39,14,16,12,10,1,3,4,-12,-2,9,-10,2,68.188,13,65.188,1,3
412,121,187,77,28,18,-6,4,289,119,24,6,10,49,-4,-10,278.476,11,159.476,17,7
413,100,70,160,17,26,3,-6,49,112,23,-3,-9,256,6,9,249.588,10,137.588,7,16
414,196,168,168,26,26,2,2,144,144,24,-2,0,144,-2,0,357.562,14,213.562,12,12
415,324,162,144,27,26,9,10,81,72,17,-9,1,64,-10,-1,301.7,18,229.7,9,8
416,256,160,176,26,27,6,5,100,110,21,-6,-1,121,-5,1,337.964,16,227.964,10,11
417,144,48,168,16,26,8,-2,16,56,18,-8,-10,196,2,10,196.212,12,140.212,4,14
418,16,76,76,23,23,-15,-15,361,361,38,15,0,361,15,0,440.044,4,79.04399999999998,19,19
419,361,19,285,20,34,18,4,1,15,16,-18,-14,225,-4,14,251.976,19,236.976,1,15
420,100,50,150,15,25,5,-5,25,75,20,-5,-10,225,5,10,198.718,10,123.71799999999999,5,15
421,64,32,72,12,17,4,-1,16,36,13,-4,-5,81,1,5,102.172,8,66.172,4,9
422,289,323,170,36,27,-2,7,361,190,29,2,9,100,-7,-9,504.142,17,314.142,19,10
423,100,190,30,29,13,-9,7,361,57,22,9,16,9,-7,-16,190.118,10,133.118,19,3
424,400,60,80,23,24,17,16,9,12,7,-17,-1,16,-16,1,176.54,20,164.54,3,4
425,121,176,88,27,19,-5,3,256,128,24,5,8,64,-3,-8,287.792,11,159.79199999999997,16,8
426,361,114,380,25,39,13,-1,36,120,26,-13,-14,400,1,14,452.032,19,332.032,6,20
427,4,12,0,8,2,-4,2,36,0,6,4,6,0,-2,-6,6.348,2,6.348,6,0
428,1,6,13,7,14,-5,-12,36,78,19,5,-7,169,12,7,87.346,1,9.346000000000004,6,13
429,400,380,60,39,23,1,17,361,57,22,-1,16,9,-17,-16,371.776,20,314.776,19,3
430,400,20,140,21,27,19,13,1,7,8,-19,-6,49,-13,6,181.532,20,174.532,1,7
431,121,77,220,18,31,4,-9,49,140,27,-4,-13,400,9,13,315.858,11,175.858,7,20
432,100,190,130,29,23,-9,-3,361,247,32,9,6,169,3,-6,429.122,10,182.122,19,13
433,100,200,170,30,27,-10,-7,400,340,37,10,3,289,7,-3,547.688,10,207.688,20,17
434,4,10,10,7,7,-3,-3,25,25,10,3,0,25,3,0,35.522,2,10.521999999999998,5,5
435,225,30,75,17,20,13,10,4,10,7,-13,-3,25,-10,3,115.038,15,105.038,2,5
436,1,3,3,4,4,-2,-2,9,9,6,2,0,9,2,0,12.0,1,3.0,3,3
437,16,60,44,19,15,-11,-7,225,165,26,11,4,121,7,-4,220.038,4,55.03800000000001,15,11
438,324,36,18,20,19,16,17,4,2,3,-16,1,1,-17,-1,105.98,18,103.98,2,1
439,324,126,288,25,34,11,2,49,112,23,-11,-9,256,-2,9,395.936,18,283.936,7,16
440,36,24,66,10,17,2,-5,16,44,15,-2,-7,121,5,7,95.8,6,51.8,4,11
441,400,240,200,32,30,8,10,144,120,22,-8,2,100,-10,-2,434.216,20,314.216,12,10
442,100,190,60,29,16,-9,4,361,114,25,9,13,36,-4,-13,261.504,10,147.50400000000002,19,6
443,9,24,6,11,5,-5,1,64,16,10,5,6,4,-1,-6,32.392,3,16.392000000000003,8,2
444,121,198,33,29,14,-7,8,324,54,21,7,15,9,-8,-15,198.508,11,144.508,18,3
445,16,40,36,14,13,-6,-5,100,90,19,6,1,81,5,-1,130.9,4,40.900000000000006,10,9
446,169,52,247,17,32,9,-6,16,76,23,-9,-15,361,6,15,263.928,13,187.928,4,19
447,169,247,0,32,13,-6,13,361,0,19,6,19,0,-13,-19,167.406,13,167.406,19,0
448,256,288,0,34,16,-2,16,324,0,18,2,18,0,-16,-18,202.356,16,202.356,18,0
449,121,55,22,16,13,6,9,25,10,7,-6,3,4,-9,-3,75.928,11,65.928,5,2
450,9,21,36,10,15,-4,-9,49,84,19,4,-5,144,9,5,113.96,3,29.959999999999994,7,12
451,100,60,10,16,11,4,9,36,6,7,-4,5,1,-9,-5,63.684,10,57.684,6,1
452,4,12,6,8,5,-4,-1,36,18,9,4,3,9,1,-3,27.448,2,9.448,6,3
453,25,95,15,24,8,-14,2,361,57,22,14,16,9,-2,-16,117.632,5,60.632000000000005,19,3
454,361,285,361,34,38,4,0,225,285,34,-4,-4,361,0,4,693.908,19,408.908,15,19
455,361,209,152,30,27,8,11,121,88,19,-8,3,64,-11,-3,354.068,19,266.068,11,8
456,196,56,238,18,31,10,-3,16,68,21,-10,-13,289,3,13,260.264,14,192.264,4,17
457,256,208,112,29,23,3,9,169,91,20,-3,6,49,-9,-6,311.558,16,220.558,13,7
458,144,180,24,27,14,-3,10,225,30,17,3,13,4,-10,-13,163.292,12,133.292,15,2
459,1,12,18,13,19,-11,-17,144,216,30,11,-6,324,17,6,230.808,1,14.807999999999993,12,18
460,64,112,40,22,13,-6,3,196,70,19,6,9,25,-3,-9,160.388,8,90.388,14,5
461,9,0,51,3,20,3,-14,0,0,17,-3,-17,289,14,17,27.342,3,27.342,0,17
462,25,55,5,16,6,-6,4,121,11,12,6,10,1,-4,-10,45.948,5,34.948,11,1
463,400,340,360,37,38,3,2,289,306,35,-3,-1,324,-2,1,750.936,20,444.93600000000004,17,18
464,400,140,340,27,37,13,3,49,119,24,-13,-10,289,-3,10,454.256,20,335.256,7,17
465,144,228,48,31,16,-7,8,361,76,23,7,15,16,-8,-15,248.072,12,172.072,19,4
466,49,98,112,21,23,-7,-9,196,224,30,7,-2,256,9,2,339.412,7,115.41199999999998,14,16
467,81,90,18,19,11,-1,7,100,20,12,1,8,4,-7,-8,92.192,9,72.192,10,2
468,4,40,2,22,3,-18,1,400,20,21,18,19,1,-1,-19,41.88,2,21.880000000000003,20,1
469,324,72,324,22,36,14,0,16,72,22,-14,-14,324,0,14,346.67,18,274.67,4,18
470,64,160,144,28,26,-12,-10,400,360,38,12,2,324,10,-2,526.21,8,166.21000000000004,20,18
471,64,152,104,27,21,-11,-5,361,247,32,11,6,169,5,-6,388.986,8,141.986,19,13
472,289,51,272,20,33,14,1,9,48,19,-14,-13,256,-1,13,276.33,17,228.32999999999998,3,16
473,1,1,17,2,18,0,-16,1,17,18,0,-16,289,16,16,26.32,1,9.32,1,17
474,9,48,12,19,7,-13,-1,256,64,20,13,12,16,1,-12,94.484,3,30.483999999999995,16,4
475,16,0,20,4,9,4,-1,0,0,5,-4,-5,25,1,5,13.716,4,13.716,0,5
476,16,20,32,9,12,-1,-4,25,40,13,1,-3,64,4,3,68.916,4,28.915999999999997,5,8
477,400,140,60,27,23,13,17,49,21,10,-13,4,9,-17,-4,215.818,20,194.818,7,3
478,16,20,60,9,19,-1,-11,25,75,20,1,-10,225,11,10,118.302,4,43.30200000000001,5,15
479,400,140,300,27,35,13,5,49,105,22,-13,-8,225,-5,8,420.074,20,315.074,7,15
0,1,0,25,1,26,1,-24,0,0,25,-1,-25,625,24,25,11.733333333333333,1,11.733333333333333,0,25
1,4,0,50,2,27,2,-23,0,0,25,-2,-25,625,23,25,25.846666666666668,2,25.846666666666668,0,25
2,1,0,12,1,13,1,-11,0,0,12,-1,-12,144,11,12,6.144,1,6.144,0,12
3,49,0,133,7,26,7,-12,0,0,19,-7,-19,361,12,19,77.86333333333333,7,77.86333333333333,0,19
4,1,25,0,26,1,-24,1,625,0,25,24,25,0,-1,-25,12.45,1,12.45,25,0
5,625,625,0,50,25,0,25,625,0,25,0,25,0,-25,-25,463.432,25,463.432,25,0
6,625,0,0,25,25,25,25,0,0,0,-25,0,0,-25,0,149.86666666666667,25,149.86666666666667,0,0
7,1,0,25,1,26,1,-24,0,0,25,-1,-25,625,24,25,12.45,1,12.45,0,25
8,625,250,625,35,50,15,0,100,250,35,-15,-15,625,0,15,836.0566666666666,25,586.0566666666666,10,25
9,4,0,50,2,27,2,-23,0,0,25,-2,-25,625,23,25,25.424,2,25.424,0,25
10,256,256,0,32,16,0,16,256,0,16,0,16,0,-16,-16,187.10066666666665,16,187.10066666666665,16,0
11,625,225,625,34,50,16,0,81,225,34,-16,-16,625,0,16,799.828,25,574.828,9,25
12,256,240,0,31,16,1,16,225,0,15,-1,15,0,-16,-15,179.83866666666665,16,179.83866666666665,15,0
13,1,0,12,1,13,1,-11,0,0,12,-1,-12,144,11,12,5.848,1,5.848,0,12
14,121,275,275,36,36,-14,-14,625,625,50,14,0,625,14,0,927.4826666666667,11,302.48266666666666,25,25
15,625,0,625,25,50,25,0,0,0,25,-25,-25,625,0,25,460.494,25,460.494,0,25
16,100,250,0,35,10,-15,10,625,0,25,15,25,0,-10,-25,147.61333333333334,10,147.61333333333334,25,0
17,100,250,250,35,35,-15,-15,625,625,50,15,0,625,15,0,897.6666666666666,10,272.66666666666663,25,25
18,256,240,0,31,16,1,16,225,0,15,-1,15,0,-16,-15,181.34133333333332,16,181.34133333333332,15,0
19,1,25,0,26,1,-24,1,625,0,25,24,25,0,-1,-25,12.416666666666666,1,12.416666666666666,25,0
20,121,275,0,36,11,-14,11,625,0,25,14,25,0,-11,-25,165.67533333333333,11,165.67533333333333,25,0
21,625,625,0,50,25,0,25,625,0,25,0,25,0,-25,-25,462.37666666666667,25,462.37666666666667,25,0
22,625,250,625,35,50,15,0,100,250,35,-15,-15,625,0,15,838.6273333333334,25,588.6273333333334,10,25
23,100,250,0,35,10,-15,10,625,0,25,15,25,0,-10,-25,146.252,10,146.252,25,0
24,256,240,400,31,41,1,-9,225,375,40,-1,-10,625,9,10,754.96,16,379.96000000000004,15,25
25,121,275,0,36,11,-14,11,625,0,25,14,25,0,-11,-25,165.16066666666666,11,165.16066666666666,25,0
26,625,0,0,25,25,25,25,0,0,0,-25,0,0,-25,0,150.12533333333334,25,150.12533333333334,0,0
27,100,250,250,35,35,-15,-15,625,625,50,15,0,625,15,0,897.474,10,272.47400000000005,25,25
28,100,250,0,35,10,-15,10,625,0,25,15,25,0,-10,-25,146.09333333333333,10,146.09333333333333,25,0
29,256,240,400,31,41,1,-9,225,375,40,-1,-10,625,9,10,755.1826666666667,16,380.1826666666667,15,25
30,1,25,21,26,22,-24,-20,625,525,46,24,4,441,20,-4,547.9946666666667,1,22.994666666666717,25,21
31,625,0,0,25,25,25,25,0,0,0,-25,0,0,-25,0,150.10666666666665,25,150.10666666666665,0,0
32,169,0,0,13,13,13,13,0,0,0,-13,0,0,-13,0,39.022666666666666,13,39.022666666666666,0,0
33,1,25,0,26,1,-24,1,625,0,25,24,25,0,-1,-25,12.783333333333333,1,12.783333333333333,25,0
34,4,0,0,2,2,2,2,0,0,0,-2,0,0,-2,0,0.5093333333333333,2,0.5093333333333333,0,0
35,1,25,0,26,1,-24,1,625,0,25,24,25,0,-1,-25,12.233333333333333,1,12.233333333333333,25,0
36,169,0,0,13,13,13,13,0,0,0,-13,0,0,-13,0,39.093333333333334,13,39.093333333333334,0,0
37,1,0,25,1,26,1,-24,0,0,25,-1,-25,625,24,25,12.716666666666667,1,12.716666666666667,0,25
38,1,0,0,1,1,1,1,0,0,0,-1,0,0,-1,0,0.0,1,0.0,0,0
39,625,250,625,35,50,15,0,100,250,35,-15,-15,625,0,15,837.2886666666667,25,587.2886666666667,10,25
40,100,250,0,35,10,-15,10,625,0,25,15,25,0,-10,-25,146.144,10,146.144,25,0
41,625,225,625,34,50,16,0,81,225,34,-16,-16,625,0,16,799.6413333333334,25,574.6413333333334,9,25
42,625,250,0,35,25,15,25,100,0,10,-15,10,0,-25,-10,275.0373333333333,25,275.0373333333333,10,0
43,100,250,0,35,10,-15,10,625,0,25,15,25,0,-10,-25,147.52533333333332,10,147.52533333333332,25,0
44,625,225,0,34,25,16,25,81,0,9,-16,9,0,-25,-9,262.14733333333334,25,262.14733333333334,9,0
45,1,25,21,26,22,-24,-20,625,525,46,24,4,441,20,-4,547.9653333333333,1,22.96533333333332,25,21
46,121,275,275,36,36,-14,-14,625,625,50,14,0,625,14,0,927.36,11,302.36,25,25
47,625,225,0,34,25,16,25,81,0,9,-16,9,0,-25,-9,262.83866666666665,25,262.83866666666665,9,0
48,625,250,625,35,50,15,0,100,250,35,-15,-15,625,0,15,837.8,25,587.8,10,25
49,121,275,0,36,11,-14,11,625,0,25,14,25,0,-11,-25,165.76866666666666,11,165.76866666666666,25,0
50,256,240,400,31,41,1,-9,225,375,40,-1,-10,625,9,10,754.864,16,379.86400000000003,15,25
51,121,275,0,36,11,-14,11,625,0,25,14,25,0,-11,-25,165.742,11,165.742,25,0
52,625,0,0,25,25,25,25,0,0,0,-25,0,0,-25,0,150.116,25,150.116,0,0
53,625,250,0,35,25,15,25,100,0,10,-15,10,0,-25,-10,275.488,25,275.488,10,0
54,100,250,0,35,10,-15,10,625,0,25,15,25,0,-10,-25,147.78533333333334,10,147.78533333333334,25,0
55,256,240,0,31,16,1,16,225,0,15,-1,15,0,-16,-15,179.36933333333334,16,179.36933333333334,15,0
56,1,0,25,1,26,1,-24,0,0,25,-1,-25,625,24,25,11.733333333333333,1,11.733333333333333,0,25
57,4,0,50,2,27,2,-23,0,0,25,-2,-25,625,23,25,25.846666666666668,2,25.846666666666668,0,25
58,1,0,12,1,13,1,-11,0,0,12,-1,-12,144,11,12,6.144,1,6.144,0,12
59,49,0,133,7,26,7,-12,0,0,19,-7,-19,361,12,19,77.86333333333333,7,77.86333333333333,0,19
60,1,25,0,26,1,-24,1,625,0,25,24,25,0,-1,-25,12.45,1,12.45,25,0
61,625,625,0,50,25,0,25,625,0,25,0,25,0,-25,-25,463.432,25,463.432,25,0
62,625,0,0,25,25,25,25,0,0,0,-25,0,0,-25,0,149.86666666666667,25,149.86666666666667,0,0
63,1,0,25,1,26,1,-24,0,0,25,-1,-25,625,24,25,12.45,1,12.45,0,25
64,625,250,625,35,50,15,0,100,250,35,-15,-15,625,0,15,836.0566666666666,25,586.0566666666666,10,25
65,4,0,50,2,27,2,-23,0,0,25,-2,-25,625,23,25,25.424,2,25.424,0,25
66,256,256,0,32,16,0,16,256,0,16,0,16,0,-16,-16,187.10066666666665,16,187.10066666666665,16,0
67,625,225,625,34,50,16,0,81,225,34,-16,-16,625,0,16,799.828,25,574.828,9,25
68,256,240,0,31,16,1,16,225,0,15,-1,15,0,-16,-15,179.83866666666665,16,179.83866666666665,15,0
69,1,0,12,1,13,1,-11,0,0,12,-1,-12,144,11,12,5.848,1,5.848,0,12
70,121,275,275,36,36,-14,-14,625,625,50,14,0,625,14,0,927.4826666666667,11,302.48266666666666,25,25
71,625,0,625,25,50,25,0,0,0,25,-25,-25,625,0,25,460.494,25,460.494,0,25
72,100,250,0,35,10,-15,10,625,0,25,15,25,0,-10,-25,147.61333333333334,10,147.61333333333334,25,0
73,100,250,250,35,35,-15,-15,625,625,50,15,0,625,15,0,897.6666666666666,10,272.66666666666663,25,25
74,256,240,0,31,16,1,16,225,0,15,-1,15,0,-16,-15,181.34133333333332,16,181.34133333333332,15,0
75,1,25,0,26,1,-24,1,625,0,25,24,25,0,-1,-25,12.416666666666666,1,12.416666666666666,25,0
76,121,275,0,36,11,-14,11,625,0,25,14,25,0,-11,-25,165.67533333333333,11,165.67533333333333,25,0
77,625,625,0,50,25,0,25,625,0,25,0,25,0,-25,-25,462.37666666666667,25,462.37666666666667,25,0
78,625,250,625,35,50,15,0,100,250,35,-15,-15,625,0,15,838.6273333333334,25,588.6273333333334,10,25
79,100,250,0,35,10,-15,10,625,0,25,15,25,0,-10,-25,146.252,10,146.252,25,0
80,256,240,400,31,41,1,-9,225,375,40,-1,-10,625,9,10,754.96,16,379.96000000000004,15,25
81,121,275,0,36,11,-14,11,625,0,25,14,25,0,-11,-25,165.16066666666666,11,165.16066666666666,25,0
82,625,0,0,25,25,25,25,0,0,0,-25,0,0,-25,0,150.12533333333334,25,150.12533333333334,0,0
83,100,250,250,35,35,-15,-15,625,625,50,15,0,625,15,0,897.474,10,272.47400000000005,25,25
84,100,250,0,35,10,-15,10,625,0,25,15,25,0,-10,-25,146.09333333333333,10,146.09333333333333,25,0
85,256,240,400,31,41,1,-9,225,375,40,-1,-10,625,9,10,755.1826666666667,16,380.1826666666667,15,25
86,1,25,21,26,22,-24,-20,625,525,46,24,4,441,20,-4,547.9946666666667,1,22.994666666666717,25,21
87,625,0,0,25,25,25,25,0,0,0,-25,0,0,-25,0,150.10666666666665,25,150.10666666666665,0,0
88,169,0,0,13,13,13,13,0,0,0,-13,0,0,-13,0,39.022666666666666,13,39.022666666666666,0,0
89,1,25,0,26,1,-24,1,625,0,25,24,25,0,-1,-25,12.783333333333333,1,12.783333333333333,25,0
90,4,0,0,2,2,2,2,0,0,0,-2,0,0,-2,0,0.5093333333333333,2,0.5093333333333333,0,0
91,1,25,0,26,1,-24,1,625,0,25,24,25,0,-1,-25,12.233333333333333,1,12.233333333333333,25,0
92,169,0,0,13,13,13,13,0,0,0,-13,0,0,-13,0,39.093333333333334,13,39.093333333333334,0,0
93,1,0,25,1,26,1,-24,0,0,25,-1,-25,625,24,25,12.716666666666667,1,12.716666666666667,0,25
94,1,0,0,1,1,1,1,0,0,0,-1,0,0,-1,0,0.0,1,0.0,0,0
95,625,250,625,35,50,15,0,100,250,35,-15,-15,625,0,15,837.2886666666667,25,587.2886666666667,10,25
96,100,250,0,35,10,-15,10,625,0,25,15,25,0,-10,-25,146.144,10,146.144,25,0
97,625,225,625,34,50,16,0,81,225,34,-16,-16,625,0,16,799.6413333333334,25,574.6413333333334,9,25
98,625,250,0,35,25,15,25,100,0,10,-15,10,0,-25,-10,275.0373333333333,25,275.0373333333333,10,0
99,100,250,0,35,10,-15,10,625,0,25,15,25,0,-10,-25,147.52533333333332,10,147.52533333333332,25,0
100,625,225,0,34,25,16,25,81,0,9,-16,9,0,-25,-9,262.14733333333334,25,262.14733333333334,9,0
101,1,25,21,26,22,-24,-20,625,525,46,24,4,441,20,-4,547.9653333333333,1,22.96533333333332,25,21
102,121,275,275,36,36,-14,-14,625,625,50,14,0,625,14,0,927.36,11,302.36,25,25
103,625,225,0,34,25,16,25,81,0,9,-16,9,0,-25,-9,262.83866666666665,25,262.83866666666665,9,0
104,625,250,625,35,50,15,0,100,250,35,-15,-15,625,0,15,837.8,25,587.8,10,25
105,121,275,0,36,11,-14,11,625,0,25,14,25,0,-11,-25,165.76866666666666,11,165.76866666666666,25,0
106,256,240,400,31,41,1,-9,225,375,40,-1,-10,625,9,10,754.864,16,379.86400000000003,15,25
107,121,275,0,36,11,-14,11,625,0,25,14,25,0,-11,-25,165.742,11,165.742,25,0
108,625,0,0,25,25,25,25,0,0,0,-25,0,0,-25,0,150.116,25,150.116,0,0
109,625,250,0,35,25,15,25,100,0,10,-15,10,0,-25,-10,275.488,25,275.488,10,0
110,100,250,0,35,10,-15,10,625,0,25,15,25,0,-10,-25,147.78533333333334,10,147.78533333333334,25,0
111,256,240,0,31,16,1,16,225,0,15,-1,15,0,-16,-15,179.36933333333334,16,179.36933333333334,15,0
112,1,0,25,1,26,1,-24,0,0,25,-1,-25,625,24,25,11.733333333333333,1,11.733333333333333,0,25
113,4,0,50,2,27,2,-23,0,0,25,-2,-25,625,23,25,25.846666666666668,2,25.846666666666668,0,25
114,1,0,12,1,13,1,-11,0,0,12,-1,-12,144,11,12,6.144,1,6.144,0,12
115,49,0,133,7,26,7,-12,0,0,19,-7,-19,361,12,19,77.86333333333333,7,77.86333333333333,0,19
116,1,25,0,26,1,-24,1,625,0,25,24,25,0,-1,-25,12.45,1,12.45,25,0
117,625,625,0,50,25,0,25,625,0,25,0,25,0,-25,-25,463.432,25,463.432,25,0
118,625,0,0,25,25,25,25,0,0,0,-25,0,0,-25,0,149.86666666666667,25,149.86666666666667,0,0
119,1,0,25,1,26,1,-24,0,0,25,-1,-25,625,24,25,12.45,1,12.45,0,25
120,625,250,625,35,50,15,0,100,250,35,-15,-15,625,0,15,836.0566666666666,25,586.0566666666666,10,25
121,4,0,50,2,27,2,-23,0,0,25,-2,-25,625,23,25,25.424,2,25.424,0,25
122,256,256,0,32,16,0,16,256,0,16,0,16,0,-16,-16,187.10066666666665,16,187.10066666666665,16,0
123,625,225,625,34,50,16,0,81,225,34,-16,-16,625,0,16,799.828,25,574.828,9,25
124,256,240,0,31,16,1,16,225,0,15,-1,15,0,-16,-15,179.83866666666665,16,179.83866666666665,15,0
125,1,0,12,1,13,1,-11,0,0,12,-1,-12,144,11,12,5.848,1,5.848,0,12
126,121,275,275,36,36,-14,-14,625,625,50,14,0,625,14,0,927.4826666666667,11,302.48266666666666,25,25
127,625,0,625,25,50,25,0,0,0,25,-25,-25,625,0,25,460.494,25,460.494,0,25
128,100,250,0,35,10,-15,10,625,0,25,15,25,0,-10,-25,147.61333333333334,10,147.61333333333334,25,0
129,100,250,250,35,35,-15,-15,625,625,50,15,0,625,15,0,897.6666666666666,10,272.66666666666663,25,25
130,256,240,0,31,16,1,16,225,0,15,-1,15,0,-16,-15,181.34133333333332,16,181.34133333333332,15,0
131,1,25,0,26,1,-24,1,625,0,25,24,25,0,-1,-25,12.416666666666666,1,12.416666666666666,25,0
132,121,275,0,36,11,-14,11,625,0,25,14,25,0,-11,-25,165.67533333333333,11,165.67533333333333,25,0
133,625,625,0,50,25,0,25,625,0,25,0,25,0,-25,-25,462.37666666666667,25,462.37666666666667,25,0
134,625,250,625,35,50,15,0,100,250,35,-15,-15,625,0,15,838.6273333333334,25,588.6273333333334,10,25
135,100,250,0,35,10,-15,10,625,0,25,15,25,0,-10,-25,146.252,10,146.252,25,0
136,256,240,400,31,41,1,-9,225,375,40,-1,-10,625,9,10,754.96,16,379.96000000000004,15,25
137,121,275,0,36,11,-14,11,625,0,25,14,25,0,-11,-25,165.16066666666666,11,165.16066666666666,25,0
138,625,0,0,25,25,25,25,0,0,0,-25,0,0,-25,0,150.12533333333334,25,150.12533333333334,0,0
139,100,250,250,35,35,-15,-15,625,625,50,15,0,625,15,0,897.474,10,272.47400000000005,25,25
140,100,250,0,35,10,-15,10,625,0,25,15,25,0,-10,-25,146.09333333333333,10,146.09333333333333,25,0
141,256,240,400,31,41,1,-9,225,375,40,-1,-10,625,9,10,755.1826666666667,16,380.1826666666667,15,25
142,1,25,21,26,22,-24,-20,625,525,46,24,4,441,20,-4,547.9946666666667,1,22.994666666666717,25,21
143,625,0,0,25,25,25,25,0,0,0,-25,0,0,-25,0,150.10666666666665,25,150.10666666666665,0,0
144,169,0,0,13,13,13,13,0,0,0,-13,0,0,-13,0,39.022666666666666,13,39.022666666666666,0,0
145,1,25,0,26,1,-24,1,625,0,25,24,25,0,-1,-25,12.783333333333333,1,12.783333333333333,25,0
146,4,0,0,2,2,2,2,0,0,0,-2,0,0,-2,0,0.5093333333333333,2,0.5093333333333333,0,0
147,1,25,0,26,1,-24,1,625,0,25,24,25,0,-1,-25,12.233333333333333,1,12.233333333333333,25,0
148,169,0,0,13,13,13,13,0,0,0,-13,0,0,-13,0,39.093333333333334,13,39.093333333333334,0,0
149,1,0,25,1,26,1,-24,0,0,25,-1,-25,625,24,25,12.716666666666667,1,12.716666666666667,0,25
150,1,0,0,1,1,1,1,0,0,0,-1,0,0,-1,0,0.0,1,0.0,0,0
151,625,250,625,35,50,15,0,100,250,35,-15,-15,625,0,15,837.2886666666667,25,587.2886666666667,10,25
152,100,250,0,35,10,-15,10,625,0,25,15,25,0,-10,-25,146.144,10,146.144,25,0
153,625,225,625,34,50,16,0,81,225,34,-16,-16,625,0,16,799.6413333333334,25,574.6413333333334,9,25
154,625,250,0,35,25,15,25,100,0,10,-15,10,0,-25,-10,275.0373333333333,25,275.0373333333333,10,0
155,100,250,0,35,10,-15,10,625,0,25,15,25,0,-10,-25,147.52533333333332,10,147.52533333333332,25,0
156,625,225,0,34,25,16,25,81,0,9,-16,9,0,-25,-9,262.14733333333334,25,262.14733333333334,9,0
157,1,25,21,26,22,-24,-20,625,525,46,24,4,441,20,-4,547.9653333333333,1,22.96533333333332,25,21
158,121,275,275,36,36,-14,-14,625,625,50,14,0,625,14,0,927.36,11,302.36,25,25
159,625,225,0,34,25,16,25,81,0,9,-16,9,0,-25,-9,262.83866666666665,25,262.83866666666665,9,0
160,625,250,625,35,50,15,0,100,250,35,-15,-15,625,0,15,837.8,25,587.8,10,25
161,121,275,0,36,11,-14,11,625,0,25,14,25,0,-11,-25,165.76866666666666,11,165.76866666666666,25,0
162,256,240,400,31,41,1,-9,225,375,40,-1,-10,625,9,10,754.864,16,379.86400000000003,15,25
163,121,275,0,36,11,-14,11,625,0,25,14,25,0,-11,-25,165.742,11,165.742,25,0
164,625,0,0,25,25,25,25,0,0,0,-25,0,0,-25,0,150.116,25,150.116,0,0
165,625,250,0,35,25,15,25,100,0,10,-15,10,0,-25,-10,275.488,25,275.488,10,0
166,100,250,0,35,10,-15,10,625,0,25,15,25,0,-10,-25,147.78533333333334,10,147.78533333333334,25,0
167,256,240,0,31,16,1,16,225,0,15,-1,15,0,-16,-15,179.36933333333334,16,179.36933333333334,15,0
168,1,0,25,1,26,1,-24,0,0,25,-1,-25,625,24,25,11.733333333333333,1,11.733333333333333,0,25
169,4,0,50,2,27,2,-23,0,0,25,-2,-25,625,23,25,25.846666666666668,2,25.846666666666668,0,25
170,1,0,12,1,13,1,-11,0,0,12,-1,-12,144,11,12,6.144,1,6.144,0,12
171,49,0,133,7,26,7,-12,0,0,19,-7,-19,361,12,19,77.86333333333333,7,77.86333333333333,0,19
172,1,25,0,26,1,-24,1,625,0,25,24,25,0,-1,-25,12.45,1,12.45,25,0
173,625,625,0,50,25,0,25,625,0,25,0,25,0,-25,-25,463.432,25,463.432,25,0
174,625,0,0,25,25,25,25,0,0,0,-25,0,0,-25,0,149.86666666666667,25,149.86666666666667,0,0
175,1,0,25,1,26,1,-24,0,0,25,-1,-25,625,24,25,12.45,1,12.45,0,25
176,625,250,625,35,50,15,0,100,250,35,-15,-15,625,0,15,836.0566666666666,25,586.0566666666666,10,25
177,4,0,50,2,27,2,-23,0,0,25,-2,-25,625,23,25,25.424,2,25.424,0,25
178,256,256,0,32,16,0,16,256,0,16,0,16,0,-16,-16,187.10066666666665,16,187.10066666666665,16,0
179,625,225,625,34,50,16,0,81,225,34,-16,-16,625,0,16,799.828,25,574.828,9,25
180,256,240,0,31,16,1,16,225,0,15,-1,15,0,-16,-15,179.83866666666665,16,179.83866666666665,15,0
181,1,0,12,1,13,1,-11,0,0,12,-1,-12,144,11,12,5.848,1,5.848,0,12
182,121,275,275,36,36,-14,-14,625,625,50,14,0,625,14,0,927.4826666666667,11,302.48266666666666,25,25
183,625,0,625,25,50,25,0,0,0,25,-25,-25,625,0,25,460.494,25,460.494,0,25
184,100,250,0,35,10,-15,10,625,0,25,15,25,0,-10,-25,147.61333333333334,10,147.61333333333334,25,0
185,100,250,250,35,35,-15,-15,625,625,50,15,0,625,15,0,897.6666666666666,10,272.66666666666663,25,25
186,256,240,0,31,16,1,16,225,0,15,-1,15,0,-16,-15,181.34133333333332,16,181.34133333333332,15,0
187,1,25,0,26,1,-24,1,625,0,25,24,25,0,-1,-25,12.416666666666666,1,12.416666666666666,25,0
188,121,275,0,36,11,-14,11,625,0,25,14,25,0,-11,-25,165.67533333333333,11,165.67533333333333,25,0
189,625,625,0,50,25,0,25,625,0,25,0,25,0,-25,-25,462.37666666666667,25,462.37666666666667,25,0
190,625,250,625,35,50,15,0,100,250,35,-15,-15,625,0,15,838.6273333333334,25,588.6273333333334,10,25
191,100,250,0,35,10,-15,10,625,0,25,15,25,0,-10,-25,146.252,10,146.252,25,0
192,256,240,400,31,41,1,-9,225,375,40,-1,-10,625,9,10,754.96,16,379.96000000000004,15,25
193,121,275,0,36,11,-14,11,625,0,25,14,25,0,-11,-25,165.16066666666666,11,165.16066666666666,25,0
194,625,0,0,25,25,25,25,0,0,0,-25,0,0,-25,0,150.12533333333334,25,150.12533333333334,0,0
195,100,250,250,35,35,-15,-15,625,625,50,15,0,625,15,0,897.474,10,272.47400000000005,25,25
196,100,250,0,35,10,-15,10,625,0,25,15,25,0,-10,-25,146.09333333333333,10,146.09333333333333,25,0
197,256,240,400,31,41,1,-9,225,375,40,-1,-10,625,9,10,755.1826666666667,16,380.1826666666667,15,25
198,1,25,21,26,22,-24,-20,625,525,46,24,4,441,20,-4,547.9946666666667,1,22.994666666666717,25,21
199,625,0,0,25,25,25,25,0,0,0,-25,0,0,-25,0,150.10666666666665,25,150.10666666666665,0,0
200,169,0,0,13,13,13,13,0,0,0,-13,0,0,-13,0,39.022666666666666,13,39.022666666666666,0,0
201,1,25,0,26,1,-24,1,625,0,25,24,25,0,-1,-25,12.783333333333333,1,12.783333333333333,25,0
202,4,0,0,2,2,2,2,0,0,0,-2,0,0,-2,0,0.5093333333333333,2,0.5093333333333333,0,0
203,1,25,0,26,1,-24,1,625,0,25,24,25,0,-1,-25,12.233333333333333,1,12.233333333333333,25,0
204,169,0,0,13,13,13,13,0,0,0,-13,0,0,-13,0,39.093333333333334,13,39.093333333333334,0,0
205,1,0,25,1,26,1,-24,0,0,25,-1,-25,625,24,25,12.716666666666667,1,12.716666666666667,0,25
206,1,0,0,1,1,1,1,0,0,0,-1,0,0,-1,0,0.0,1,0.0,0,0
207,625,250,625,35,50,15,0,100,250,35,-15,-15,625,0,15,837.2886666666667,25,587.2886666666667,10,25
208,100,250,0,35,10,-15,10,625,0,25,15,25,0,-10,-25,146.144,10,146.144,25,0
209,625,225,625,34,50,16,0,81,225,34,-16,-16,625,0,16,799.6413333333334,25,574.6413333333334,9,25
210,625,250,0,35,25,15,25,100,0,10,-15,10,0,-25,-10,275.0373333333333,25,275.0373333333333,10,0
211,100,250,0,35,10,-15,10,625,0,25,15,25,0,-10,-25,147.52533333333332,10,147.52533333333332,25,0
212,625,225,0,34,25,16,25,81,0,9,-16,9,0,-25,-9,262.14733333333334,25,262.14733333333334,9,0
213,1,25,21,26,22,-24,-20,625,525,46,24,4,441,20,-4,547.9653333333333,1,22.96533333333332,25,21
214,121,275,275,36,36,-14,-14,625,625,50,14,0,625,14,0,927.36,11,302.36,25,25
215,625,225,0,34,25,16,25,81,0,9,-16,9,0,-25,-9,262.83866666666665,25,262.83866666666665,9,0
216,625,250,625,35,50,15,0,100,250,35,-15,-15,625,0,15,837.8,25,587.8,10,25
217,121,275,0,36,11,-14,11,625,0,25,14,25,0,-11,-25,165.76866666666666,11,165.76866666666666,25,0
218,256,240,400,31,41,1,-9,225,375,40,-1,-10,625,9,10,754.864,16,379.86400000000003,15,25
219,121,275,0,36,11,-14,11,625,0,25,14,25,0,-11,-25,165.742,11,165.742,25,0
220,625,0,0,25,25,25,25,0,0,0,-25,0,0,-25,0,150.116,25,150.116,0,0
221,625,250,0,35,25,15,25,100,0,10,-15,10,0,-25,-10,275.488,25,275.488,10,0
222,100,250,0,35,10,-15,10,625,0,25,15,25,0,-10,-25,147.78533333333334,10,147.78533333333334,25,0
223,256,240,0,31,16,1,16,225,0,15,-1,15,0,-16,-15,179.36933333333334,16,179.36933333333334,15,0
224,1,0,25,1,26,1,-24,0,0,25,-1,-25,625,24,25,11.733333333333333,1,11.733333333333333,0,25
225,4,0,50,2,27,2,-23,0,0,25,-2,-25,625,23,25,25.846666666666668,2,25.846666666666668,0,25
226,1,0,12,1,13,1,-11,0,0,12,-1,-12,144,11,12,6.144,1,6.144,0,12
227,49,0,133,7,26,7,-12,0,0,19,-7,-19,361,12,19,77.86333333333333,7,77.86333333333333,0,19
228,1,25,0,26,1,-24,1,625,0,25,24,25,0,-1,-25,12.45,1,12.45,25,0
229,625,625,0,50,25,0,25,625,0,25,0,25,0,-25,-25,463.432,25,463.432,25,0
230,625,0,0,25,25,25,25,0,0,0,-25,0,0,-25,0,149.86666666666667,25,149.86666666666667,0,0
231,1,0,25,1,26,1,-24,0,0,25,-1,-25,625,24,25,12.45,1,12.45,0,25
232,625,250,625,35,50,15,0,100,250,35,-15,-15,625,0,15,836.0566666666666,25,586.0566666666666,10,25
233,4,0,50,2,27,2,-23,0,0,25,-2,-25,625,23,25,25.424,2,25.424,0,25
234,256,256,0,32,16,0,16,256,0,16,0,16,0,-16,-16,187.10066666666665,16,187.10066666666665,16,0
235,625,225,625,34,50,16,0,81,225,34,-16,-16,625,0,16,799.828,25,574.828,9,25
236,256,240,0,31,16,1,16,225,0,15,-1,15,0,-16,-15,179.83866666666665,16,179.83866666666665,15,0
237,1,0,12,1,13,1,-11,0,0,12,-1,-12,144,11,12,5.848,1,5.848,0,12
238,121,275,275,36,36,-14,-14,625,625,50,14,0,625,14,0,927.4826666666667,11,302.48266666666666,25,25
239,625,0,625,25,50,25,0,0,0,25,-25,-25,625,0,25,460.494,25,460.494,0,25
240,100,250,0,35,10,-15,10,625,0,25,15,25,0,-10,-25,147.61333333333334,10,147.61333333333334,25,0
241,100,250,250,35,35,-15,-15,625,625,50,15,0,625,15,0,897.6666666666666,10,272.66666666666663,25,25
242,256,240,0,31,16,1,16,225,0,15,-1,15,0,-16,-15,181.34133333333332,16,181.34133333333332,15,0
243,1,25,0,26,1,-24,1,625,0,25,24,25,0,-1,-25,12.416666666666666,1,12.416666666666666,25,0
244,121,275,0,36,11,-14,11,625,0,25,14,25,0,-11,-25,165.67533333333333,11,165.67533333333333,25,0
245,625,625,0,50,25,0,25,625,0,25,0,25,0,-25,-25,462.37666666666667,25,462.37666666666667,25,0
246,625,250,625,35,50,15,0,100,250,35,-15,-15,625,0,15,838.6273333333334,25,588.6273333333334,10,25
247,100,250,0,35,10,-15,10,625,0,25,15,25,0,-10,-25,146.252,10,146.252,25,0
248,256,240,400,31,41,1,-9,225,375,40,-1,-10,625,9,10,754.96,16,379.96000000000004,15,25
249,121,275,0,36,11,-14,11,625,0,25,14,25,0,-11,-25,165.16066666666666,11,165.16066666666666,25,0
250,625,0,0,25,25,25,25,0,0,0,-25,0,0,-25,0,150.12533333333334,25,150.12533333333334,0,0
251,100,250,250,35,35,-15,-15,625,625,50,15,0,625,15,0,897.474,10,272.47400000000005,25,25
252,100,250,0,35,10,-15,10,625,0,25,15,25,0,-10,-25,146.09333333333333,10,146.09333333333333,25,0
253,256,240,400,31,41,1,-9,225,375,40,-1,-10,625,9,10,755.1826666666667,16,380.1826666666667,15,25
254,1,25,21,26,22,-24,-20,625,525,46,24,4,441,20,-4,547.9946666666667,1,22.994666666666717,25,21
255,625,0,0,25,25,25,25,0,0,0,-25,0,0,-25,0,150.10666666666665,25,150.10666666666665,0,0
256,169,0,0,13,13,13,13,0,0,0,-13,0,0,-13,0,39.022666666666666,13,39.022666666666666,0,0
257,1,25,0,26,1,-24,1,625,0,25,24,25,0,-1,-25,12.783333333333333,1,12.783333333333333,25,0
258,4,0,0,2,2,2,2,0,0,0,-2,0,0,-2,0,0.5093333333333333,2,0.5093333333333333,0,0
259,1,25,0,26,1,-24,1,625,0,25,24,25,0,-1,-25,12.233333333333333,1,12.233333333333333,25,0
260,169,0,0,13,13,13,13,0,0,0,-13,0,0,-13,0,39.093333333333334,13,39.093333333333334,0,0
261,1,0,25,1,26,1,-24,0,0,25,-1,-25,625,24,25,12.716666666666667,1,12.716666666666667,0,25
262,1,0,0,1,1,1,1,0,0,0,-1,0,0,-1,0,0.0,1,0.0,0,0
263,625,250,625,35,50,15,0,100,250,35,-15,-15,625,0,15,837.2886666666667,25,587.2886666666667,10,25
264,100,250,0,35,10,-15,10,625,0,25,15,25,0,-10,-25,146.144,10,146.144,25,0
265,625,225,625,34,50,16,0,81,225,34,-16,-16,625,0,16,799.6413333333334,25,574.6413333333334,9,25
266,625,250,0,35,25,15,25,100,0,10,-15,10,0,-25,-10,275.0373333333333,25,275.0373333333333,10,0
267,100,250,0,35,10,-15,10,625,0,25,15,25,0,-10,-25,147.52533333333332,10,147.52533333333332,25,0
268,625,225,0,34,25,16,25,81,0,9,-16,9,0,-25,-9,262.14733333333334,25,262.14733333333334,9,0
269,1,25,21,26,22,-24,-20,625,525,46,24,4,441,20,-4,547.9653333333333,1,22.96533333333332,25,21
270,121,275,275,36,36,-14,-14,625,625,50,14,0,625,14,0,927.36,11,302.36,25,25
271,625,225,0,34,25,16,25,81,0,9,-16,9,0,-25,-9,262.83866666666665,25,262.83866666666665,9,0
272,625,250,625,35,50,15,0,100,250,35,-15,-15,625,0,15,837.8,25,587.8,10,25
273,121,275,0,36,11,-14,11,625,0,25,14,25,0,-11,-25,165.76866666666666,11,165.76866666666666,25,0
274,256,240,400,31,41,1,-9,225,375,40,-1,-10,625,9,10,754.864,16,379.86400000000003,15,25
275,121,275,0,36,11,-14,11,625,0,25,14,25,0,-11,-25,165.742,11,165.742,25,0
276,625,0,0,25,25,25,25,0,0,0,-25,0,0,-25,0,150.116,25,150.116,0,0
277,625,250,0,35,25,15,25,100,0,10,-15,10,0,-25,-10,275.488,25,275.488,10,0
278,100,250,0,35,10,-15,10,625,0,25,15,25,0,-10,-25,147.78533333333334,10,147.78533333333334,25,0
279,256,240,0,31,16,1,16,225,0,15,-1,15,0,-16,-15,179.36933333333334,16,179.36933333333334,15,0
280,1,0,25,1,26,1,-24,0,0,25,-1,-25,625,24,25,11.733333333333333,1,11.733333333333333,0,25
281,4,0,50,2,27,2,-23,0,0,25,-2,-25,625,23,25,25.846666666666668,2,25.846666666666668,0,25
282,1,0,12,1,13,1,-11,0,0,12,-1,-12,144,11,12,6.144,1,6.144,0,12
283,49,0,133,7,26,7,-12,0,0,19,-7,-19,361,12,19,77.86333333333333,7,77.86333333333333,0,19
284,1,25,0,26,1,-24,1,625,0,25,24,25,0,-1,-25,12.45,1,12.45,25,0
285,625,625,0,50,25,0,25,625,0,25,0,25,0,-25,-25,463.432,25,463.432,25,0
286,625,0,0,25,25,25,25,0,0,0,-25,0,0,-25,0,149.86666666666667,25,149.86666666666667,0,0
287,1,0,25,1,26,1,-24,0,0,25,-1,-25,625,24,25,12.45,1,12.45,0,25
288,625,250,625,35,50,15,0,100,250,35,-15,-15,625,0,15,836.0566666666666,25,586.0566666666666,10,25
289,4,0,50,2,27,2,-23,0,0,25,-2,-25,625,23,25,25.424,2,25.424,0,25
290,256,256,0,32,16,0,16,256,0,16,0,16,0,-16,-16,187.10066666666665,16,187.10066666666665,16,0
291,625,225,625,34,50,16,0,81,225,34,-16,-16,625,0,16,799.828,25,574.828,9,25
292,256,240,0,31,16,1,16,225,0,15,-1,15,0,-16,-15,179.83866666666665,16,179.83866666666665,15,0
293,1,0,12,1,13,1,-11,0,0,12,-1,-12,144,11,12,5.848,1,5.848,0,12
294,121,275,275,36,36,-14,-14,625,625,50,14,0,625,14,0,927.4826666666667,11,302.48266666666666,25,25
295,625,0,625,25,50,25,0,0,0,25,-25,-25,625,0,25,460.494,25,460.494,0,25
296,100,250,0,35,10,-15,10,625,0,25,15,25,0,-10,-25,147.61333333333334,10,147.61333333333334,25,0
297,100,250,250,35,35,-15,-15,625,625,50,15,0,625,15,0,897.6666666666666,10,272.66666666666663,25,25
298,256,240,0,31,16,1,16,225,0,15,-1,15,0,-16,-15,181.34133333333332,16,181.34133333333332,15,0
299,1,25,0,26,1,-24,1,625,0,25,24,25,0,-1,-25,12.416666666666666,1,12.416666666666666,25,0
300,121,275,0,36,11,-14,11,625,0,25,14,25,0,-11,-25,165.67533333333333,11,165.67533333333333,25,0
301,625,625,0,50,25,0,25,625,0,25,0,25,0,-25,-25,462.37666666666667,25,462.37666666666667,25,0
302,625,250,625,35,50,15,0,100,250,35,-15,-15,625,0,15,838.6273333333334,25,588.6273333333334,10,25
303,100,250,0,35,10,-15,10,625,0,25,15,25,0,-10,-25,146.252,10,146.252,25,0
304,256,240,400,31,41,1,-9,225,375,40,-1,-10,625,9,10,754.96,16,379.96000000000004,15,25
305,121,275,0,36,11,-14,11,625,0,25,14,25,0,-11,-25,165.16066666666666,11,165.16066666666666,25,0
306,625,0,0,25,25,25,25,0,0,0,-25,0,0,-25,0,150.12533333333334,25,150.12533333333334,0,0
307,100,250,250,35,35,-15,-15,625,625,50,15,0,625,15,0,897.474,10,272.47400000000005,25,25
308,100,250,0,35,10,-15,10,625,0,25,15,25,0,-10,-25,146.09333333333333,10,146.09333333333333,25,0
309,256,240,400,31,41,1,-9,225,375,40,-1,-10,625,9,10,755.1826666666667,16,380.1826666666667,15,25
310,1,25,21,26,22,-24,-20,625,525,46,24,4,441,20,-4,547.9946666666667,1,22.994666666666717,25,21
311,625,0,0,25,25,25,25,0,0,0,-25,0,0,-25,0,150.10666666666665,25,150.10666666666665,0,0
312,169,0,0,13,13,13,13,0,0,0,-13,0,0,-13,0,39.022666666666666,13,39.022666666666666,0,0
313,1,25,0,26,1,-24,1,625,0,25,24,25,0,-1,-25,12.783333333333333,1,12.783333333333333,25,0
314,4,0,0,2,2,2,2,0,0,0,-2,0,0,-2,0,0.5093333333333333,2,0.5093333333333333,0,0
315,1,25,0,26,1,-24,1,625,0,25,24,25,0,-1,-25,12.233333333333333,1,12.233333333333333,25,0
316,169,0,0,13,13,13,13,0,0,0,-13,0,0,-13,0,39.093333333333334,13,39.093333333333334,0,0
317,1,0,25,1,26,1,-24,0,0,25,-1,-25,625,24,25,12.716666666666667,1,12.716666666666667,0,25
318,1,0,0,1,1,1,1,0,0,0,-1,0,0,-1,0,0.0,1,0.0,0,0
319,625,250,625,35,50,15,0,100,250,35,-15,-15,625,0,15,837.2886666666667,25,587.2886666666667,10,25
320,100,250,0,35,10,-15,10,625,0,25,15,25,0,-10,-25,146.144,10,146.144,25,0
321,625,225,625,34,50,16,0,81,225,34,-16,-16,625,0,16,799.6413333333334,25,574.6413333333334,9,25
322,625,250,0,35,25,15,25,100,0,10,-15,10,0,-25,-10,275.0373333333333,25,275.0373333333333,10,0
323,100,250,0,35,10,-15,10,625,0,25,15,25,0,-10,-25,147.52533333333332,10,147.52533333333332,25,0
324,625,225,0,34,25,16,25,81,0,9,-16,9,0,-25,-9,262.14733333333334,25,262.14733333333334,9,0
325,1,25,21,26,22,-24,-20,625,525,46,24,4,441,20,-4,547.9653333333333,1,22.96533333333332,25,21
326,121,275,275,36,36,-14,-14,625,625,50,14,0,625,14,0,927.36,11,302.36,25,25
327,625,225,0,34,25,16,25,81,0,9,-16,9,0,-25,-9,262.83866666666665,25,262.83866666666665,9,0
328,625,250,625,35,50,15,0,100,250,35,-15,-15,625,0,15,837.8,25,587.8,10,25
329,121,275,0,36,11,-14,11,625,0,25,14,25,0,-11,-25,165.76866666666666,11,165.76866666666666,25,0
330,256,240,400,31,41,1,-9,225,375,40,-1,-10,625,9,10,754.864,16,379.86400000000003,15,25
331,121,275,0,36,11,-14,11,625,0,25,14,25,0,-11,-25,165.742,11,165.742,25,0
332,625,0,0,25,25,25,25,0,0,0,-25,0,0,-25,0,150.116,25,150.116,0,0
333,625,250,0,35,25,15,25,100,0,10,-15,10,0,-25,-10,275.488,25,275.488,10,0
334,100,250,0,35,10,-15,10,625,0,25,15,25,0,-10,-25,147.78533333333334,10,147.78533333333334,25,0
335,256,240,0,31,16,1,16,225,0,15,-1,15,0,-16,-15,179.36933333333334,16,179.36933333333334,15,0
336,1,0,25,1,26,1,-24,0,0,25,-1,-25,625,24,25,11.733333333333333,1,11.733333333333333,0,25
337,4,0,50,2,27,2,-23,0,0,25,-2,-25,625,23,25,25.846666666666668,2,25.846666666666668,0,25
338,1,0,12,1,13,1,-11,0,0,12,-1,-12,144,11,12,6.144,1,6.144,0,12
339,49,0,133,7,26,7,-12,0,0,19,-7,-19,361,12,19,77.86333333333333,7,77.86333333333333,0,19
340,1,25,0,26,1,-24,1,625,0,25,24,25,0,-1,-25,12.45,1,12.45,25,0
341,625,625,0,50,25,0,25,625,0,25,0,25,0,-25,-25,463.432,25,463.432,25,0
342,625,0,0,25,25,25,25,0,0,0,-25,0,0,-25,0,149.86666666666667,25,149.86666666666667,0,0
343,1,0,25,1,26,1,-24,0,0,25,-1,-25,625,24,25,12.45,1,12.45,0,25
344,625,250,625,35,50,15,0,100,250,35,-15,-15,625,0,15,836.0566666666666,25,586.0566666666666,10,25
345,4,0,50,2,27,2,-23,0,0,25,-2,-25,625,23,25,25.424,2,25.424,0,25
346,256,256,0,32,16,0,16,256,0,16,0,16,0,-16,-16,187.10066666666665,16,187.10066666666665,16,0
347,625,225,625,34,50,16,0,81,225,34,-16,-16,625,0,16,799.828,25,574.828,9,25
348,256,240,0,31,16,1,16,225,0,15,-1,15,0,-16,-15,179.83866666666665,16,179.83866666666665,15,0
349,1,0,12,1,13,1,-11,0,0,12,-1,-12,144,11,12,5.848,1,5.848,0,12
350,121,275,275,36,36,-14,-14,625,625,50,14,0,625,14,0,927.4826666666667,11,302.48266666666666,25,25
351,625,0,625,25,50,25,0,0,0,25,-25,-25,625,0,25,460.494,25,460.494,0,25
352,100,250,0,35,10,-15,10,625,0,25,15,25,0,-10,-25,147.61333333333334,10,147.61333333333334,25,0
353,100,250,250,35,35,-15,-15,625,625,50,15,0,625,15,0,897.6666666666666,10,272.66666666666663,25,25
354,256,240,0,31,16,1,16,225,0,15,-1,15,0,-16,-15,181.34133333333332,16,181.34133333333332,15,0
355,1,25,0,26,1,-24,1,625,0,25,24,25,0,-1,-25,12.416666666666666,1,12.416666666666666,25,0
356,121,275,0,36,11,-14,11,625,0,25,14,25,0,-11,-25,165.67533333333333,11,165.67533333333333,25,0
357,625,625,0,50,25,0,25,625,0,25,0,25,0,-25,-25,462.37666666666667,25,462.37666666666667,25,0
358,625,250,625,35,50,15,0,100,250,35,-15,-15,625,0,15,838.6273333333334,25,588.6273333333334,10,25
359,100,250,0,35,10,-15,10,625,0,25,15,25,0,-10,-25,146.252,10,146.252,25,0
360,256,240,400,31,41,1,-9,225,375,40,-1,-10,625,9,10,754.96,16,379.96000000000004,15,25
361,121,275,0,36,11,-14,11,625,0,25,14,25,0,-11,-25,165.16066666666666,11,165.16066666666666,25,0
362,625,0,0,25,25,25,25,0,0,0,-25,0,0,-25,0,150.12533333333334,25,150.12533333333334,0,0
363,100,250,250,35,35,-15,-15,625,625,50,15,0,625,15,0,897.474,10,272.47400000000005,25,25
364,100,250,0,35,10,-15,10,625,0,25,15,25,0,-10,-25,146.09333333333333,10,146.09333333333333,25,0
365,256,240,400,31,41,1,-9,225,375,40,-1,-10,625,9,10,755.1826666666667,16,380.1826666666667,15,25
366,1,25,21,26,22,-24,-20,625,525,46,24,4,441,20,-4,547.9946666666667,1,22.994666666666717,25,21
367,625,0,0,25,25,25,25,0,0,0,-25,0,0,-25,0,150.10666666666665,25,150.10666666666665,0,0
368,169,0,0,13,13,13,13,0,0,0,-13,0,0,-13,0,39.022666666666666,13,39.022666666666666,0,0
369,1,25,0,26,1,-24,1,625,0,25,24,25,0,-1,-25,12.783333333333333,1,12.783333333333333,25,0
370,4,0,0,2,2,2,2,0,0,0,-2,0,0,-2,0,0.5093333333333333,2,0.5093333333333333,0,0
371,1,25,0,26,1,-24,1,625,0,25,24,25,0,-1,-25,12.233333333333333,1,12.233333333333333,25,0
372,169,0,0,13,13,13,13,0,0,0,-13,0,0,-13,0,39.093333333333334,13,39.093333333333334,0,0
373,1,0,25,1,26,1,-24,0,0,25,-1,-25,625,24,25,12.716666666666667,1,12.716666666666667,0,25
374,1,0,0,1,1,1,1,0,0,0,-1,0,0,-1,0,0.0,1,0.0,0,0
375,625,250,625,35,50,15,0,100,250,35,-15,-15,625,0,15,837.2886666666667,25,587.2886666666667,10,25
376,100,250,0,35,10,-15,10,625,0,25,15,25,0,-10,-25,146.144,10,146.144,25,0
377,625,225,625,34,50,16,0,81,225,34,-16,-16,625,0,16,799.6413333333334,25,574.6413333333334,9,25
378,625,250,0,35,25,15,25,100,0,10,-15,10,0,-25,-10,275.0373333333333,25,275.0373333333333,10,0
379,100,250,0,35,10,-15,10,625,0,25,15,25,0,-10,-25,147.52533333333332,10,147.52533333333332,25,0
380,625,225,0,34,25,16,25,81,0,9,-16,9,0,-25,-9,262.14733333333334,25,262.14733333333334,9,0
381,1,25,21,26,22,-24,-20,625,525,46,24,4,441,20,-4,547.9653333333333,1,22.96533333333332,25,21
382,121,275,275,36,36,-14,-14,625,625,50,14,0,625,14,0,927.36,11,302.36,25,25
383,625,225,0,34,25,16,25,81,0,9,-16,9,0,-25,-9,262.83866666666665,25,262.83866666666665,9,0
384,625,250,625,35,50,15,0,100,250,35,-15,-15,625,0,15,837.8,25,587.8,10,25
385,121,275,0,36,11,-14,11,625,0,25,14,25,0,-11,-25,165.76866666666666,11,165.76866666666666,25,0
386,256,240,400,31,41,1,-9,225,375,40,-1,-10,625,9,10,754.864,16,379.86400000000003,15,25
387,121,275,0,36,11,-14,11,625,0,25,14,25,0,-11,-25,165.742,11,165.742,25,0
388,625,0,0,25,25,25,25,0,0,0,-25,0,0,-25,0,150.116,25,150.116,0,0
389,625,250,0,35,25,15,25,100,0,10,-15,10,0,-25,-10,275.488,25,275.488,10,0
390,100,250,0,35,10,-15,10,625,0,25,15,25,0,-10,-25,147.78533333333334,10,147.78533333333334,25,0
391,256,240,0,31,16,1,16,225,0,15,-1,15,0,-16,-15,179.36933333333334,16,179.36933333333334,15,0
392,1,0,25,1,26,1,-24,0,0,25,-1,-25,625,24,25,11.733333333333333,1,11.733333333333333,0,25
393,4,0,50,2,27,2,-23,0,0,25,-2,-25,625,23,25,25.846666666666668,2,25.846666666666668,0,25
394,1,0,12,1,13,1,-11,0,0,12,-1,-12,144,11,12,6.144,1,6.144,0,12
395,49,0,133,7,26,7,-12,0,0,19,-7,-19,361,12,19,77.86333333333333,7,77.86333333333333,0,19
396,1,25,0,26,1,-24,1,625,0,25,24,25,0,-1,-25,12.45,1,12.45,25,0
397,625,625,0,50,25,0,25,625,0,25,0,25,0,-25,-25,463.432,25,463.432,25,0
398,625,0,0,25,25,25,25,0,0,0,-25,0,0,-25,0,149.86666666666667,25,149.86666666666667,0,0
399,1,0,25,1,26,1,-24,0,0,25,-1,-25,625,24,25,12.45,1,12.45,0,25
400,625,250,625,35,50,15,0,100,250,35,-15,-15,625,0,15,836.0566666666666,25,586.0566666666666,10,25
401,4,0,50,2,27,2,-23,0,0,25,-2,-25,625,23,25,25.424,2,25.424,0,25
402,256,256,0,32,16,0,16,256,0,16,0,16,0,-16,-16,187.10066666666665,16,187.10066666666665,16,0
403,625,225,625,34,50,16,0,81,225,34,-16,-16,625,0,16,799.828,25,574.828,9,25
404,256,240,0,31,16,1,16,225,0,15,-1,15,0,-16,-15,179.83866666666665,16,179.83866666666665,15,0
405,1,0,12,1,13,1,-11,0,0,12,-1,-12,144,11,12,5.848,1,5.848,0,12
406,121,275,275,36,36,-14,-14,625,625,50,14,0,625,14,0,927.4826666666667,11,302.48266666666666,25,25
407,625,0,625,25,50,25,0,0,0,25,-25,-25,625,0,25,460.494,25,460.494,0,25
408,100,250,0,35,10,-15,10,625,0,25,15,25,0,-10,-25,147.61333333333334,10,147.61333333333334,25,0
409,100,250,250,35,35,-15,-15,625,625,50,15,0,625,15,0,897.6666666666666,10,272.66666666666663,25,25
410,256,240,0,31,16,1,16,225,0,15,-1,15,0,-16,-15,181.34133333333332,16,181.34133333333332,15,0
411,1,25,0,26,1,-24,1,625,0,25,24,25,0,-1,-25,12.416666666666666,1,12.416666666666666,25,0
412,121,275,0,36,11,-14,11,625,0,25,14,25,0,-11,-25,165.67533333333333,11,165.67533333333333,25,0
413,625,625,0,50,25,0,25,625,0,25,0,25,0,-25,-25,462.37666666666667,25,462.37666666666667,25,0
414,625,250,625,35,50,15,0,100,250,35,-15,-15,625,0,15,838.6273333333334,25,588.6273333333334,10,25
415,100,250,0,35,10,-15,10,625,0,25,15,25,0,-10,-25,146.252,10,146.252,25,0
416,256,240,400,31,41,1,-9,225,375,40,-1,-10,625,9,10,754.96,16,379.96000000000004,15,25
417,121,275,0,36,11,-14,11,625,0,25,14,25,0,-11,-25,165.16066666666666,11,165.16066666666666,25,0
418,625,0,0,25,25,25,25,0,0,0,-25,0,0,-25,0,150.12533333333334,25,150.12533333333334,0,0
419,100,250,250,35,35,-15,-15,625,625,50,15,0,625,15,0,897.474,10,272.47400000000005,25,25
420,100,250,0,35,10,-15,10,625,0,25,15,25,0,-10,-25,146.09333333333333,10,146.09333333333333,25,0
421,256,240,400,31,41,1,-9,225,375,40,-1,-10,625,9,10,755.1826666666667,16,380.1826666666667,15,25
422,1,25,21,26,22,-24,-20,625,525,46,24,4,441,20,-4,547.9946666666667,1,22.994666666666717,25,21
423,625,0,0,25,25,25,25,0,0,0,-25,0,0,-25,0,150.10666666666665,25,150.10666666666665,0,0
424,169,0,0,13,13,13,13,0,0,0,-13,0,0,-13,0,39.022666666666666,13,39.022666666666666,0,0
425,1,25,0,26,1,-24,1,625,0,25,24,25,0,-1,-25,12.783333333333333,1,12.783333333333333,25,0
426,4,0,0,2,2,2,2,0,0,0,-2,0,0,-2,0,0.5093333333333333,2,0.5093333333333333,0,0
427,1,25,0,26,1,-24,1,625,0,25,24,25,0,-1,-25,12.233333333333333,1,12.233333333333333,25,0
428,169,0,0,13,13,13,13,0,0,0,-13,0,0,-13,0,39.093333333333334,13,39.093333333333334,0,0
429,1,0,25,1,26,1,-24,0,0,25,-1,-25,625,24,25,12.716666666666667,1,12.716666666666667,0,25
430,1,0,0,1,1,1,1,0,0,0,-1,0,0,-1,0,0.0,1,0.0,0,0
431,625,250,625,35,50,15,0,100,250,35,-15,-15,625,0,15,837.2886666666667,25,587.2886666666667,10,25
432,100,250,0,35,10,-15,10,625,0,25,15,25,0,-10,-25,146.144,10,146.144,25,0
433,625,225,625,34,50,16,0,81,225,34,-16,-16,625,0,16,799.6413333333334,25,574.6413333333334,9,25
434,625,250,0,35,25,15,25,100,0,10,-15,10,0,-25,-10,275.0373333333333,25,275.0373333333333,10,0
435,100,250,0,35,10,-15,10,625,0,25,15,25,0,-10,-25,147.52533333333332,10,147.52533333333332,25,0
436,625,225,0,34,25,16,25,81,0,9,-16,9,0,-25,-9,262.14733333333334,25,262.14733333333334,9,0
437,1,25,21,26,22,-24,-20,625,525,46,24,4,441,20,-4,547.9653333333333,1,22.96533333333332,25,21
438,121,275,275,36,36,-14,-14,625,625,50,14,0,625,14,0,927.36,11,302.36,25,25
439,625,225,0,34,25,16,25,81,0,9,-16,9,0,-25,-9,262.83866666666665,25,262.83866666666665,9,0
440,625,250,625,35,50,15,0,100,250,35,-15,-15,625,0,15,837.8,25,587.8,10,25
441,121,275,0,36,11,-14,11,625,0,25,14,25,0,-11,-25,165.76866666666666,11,165.76866666666666,25,0
442,256,240,400,31,41,1,-9,225,375,40,-1,-10,625,9,10,754.864,16,379.86400000000003,15,25
443,121,275,0,36,11,-14,11,625,0,25,14,25,0,-11,-25,165.742,11,165.742,25,0
444,625,0,0,25,25,25,25,0,0,0,-25,0,0,-25,0,150.116,25,150.116,0,0
445,625,250,0,35,25,15,25,100,0,10,-15,10,0,-25,-10,275.488,25,275.488,10,0
446,100,250,0,35,10,-15,10,625,0,25,15,25,0,-10,-25,147.78533333333334,10,147.78533333333334,25,0
447,256,240,0,31,16,1,16,225,0,15,-1,15,0,-16,-15,179.36933333333334,16,179.36933333333334,15,0
448,1,0,25,1,26,1,-24,0,0,25,-1,-25,625,24,25,11.733333333333333,1,11.733333333333333,0,25
449,4,0,50,2,27,2,-23,0,0,25,-2,-25,625,23,25,25.846666666666668,2,25.846666666666668,0,25
450,1,0,12,1,13,1,-11,0,0,12,-1,-12,144,11,12,6.144,1,6.144,0,12
451,49,0,133,7,26,7,-12,0,0,19,-7,-19,361,12,19,77.86333333333333,7,77.86333333333333,0,19
452,1,25,0,26,1,-24,1,625,0,25,24,25,0,-1,-25,12.45,1,12.45,25,0
453,625,625,0,50,25,0,25,625,0,25,0,25,0,-25,-25,463.432,25,463.432,25,0
454,625,0,0,25,25,25,25,0,0,0,-25,0,0,-25,0,149.86666666666667,25,149.86666666666667,0,0
455,1,0,25,1,26,1,-24,0,0,25,-1,-25,625,24,25,12.45,1,12.45,0,25
456,625,250,625,35,50,15,0,100,250,35,-15,-15,625,0,15,836.0566666666666,25,586.0566666666666,10,25
457,4,0,50,2,27,2,-23,0,0,25,-2,-25,625,23,25,25.424,2,25.424,0,25
458,256,256,0,32,16,0,16,256,0,16,0,16,0,-16,-16,187.10066666666665,16,187.10066666666665,16,0
459,625,225,625,34,50,16,0,81,225,34,-16,-16,625,0,16,799.828,25,574.828,9,25
460,256,240,0,31,16,1,16,225,0,15,-1,15,0,-16,-15,179.83866666666665,16,179.83866666666665,15,0
461,1,0,12,1,13,1,-11,0,0,12,-1,-12,144,11,12,5.848,1,5.848,0,12
462,121,275,275,36,36,-14,-14,625,625,50,14,0,625,14,0,927.4826666666667,11,302.48266666666666,25,25
463,625,0,625,25,50,25,0,0,0,25,-25,-25,625,0,25,460.494,25,460.494,0,25
464,100,250,0,35,10,-15,10,625,0,25,15,25,0,-10,-25,147.61333333333334,10,147.61333333333334,25,0
465,100,250,250,35,35,-15,-15,625,625,50,15,0,625,15,0,897.6666666666666,10,272.66666666666663,25,25
466,256,240,0,31,16,1,16,225,0,15,-1,15,0,-16,-15,181.34133333333332,16,181.34133333333332,15,0
467,1,25,0,26,1,-24,1,625,0,25,24,25,0,-1,-25,12.416666666666666,1,12.416666666666666,25,0
468,121,275,0,36,11,-14,11,625,0,25,14,25,0,-11,-25,165.67533333333333,11,165.67533333333333,25,0
469,625,625,0,50,25,0,25,625,0,25,0,25,0,-25,-25,462.37666666666667,25,462.37666666666667,25,0
470,625,250,625,35,50,15,0,100,250,35,-15,-15,625,0,15,838.6273333333334,25,588.6273333333334,10,25
471,100,250,0,35,10,-15,10,625,0,25,15,25,0,-10,-25,146.252,10,146.252,25,0
472,256,240,400,31,41,1,-9,225,375,40,-1,-10,625,9,10,754.96,16,379.96000000000004,15,25
473,121,275,0,36,11,-14,11,625,0,25,14,25,0,-11,-25,165.16066666666666,11,165.16066666666666,25,0
474,625,0,0,25,25,25,25,0,0,0,-25,0,0,-25,0,150.12533333333334,25,150.12533333333334,0,0
475,100,250,250,35,35,-15,-15,625,625,50,15,0,625,15,0,897.474,10,272.47400000000005,25,25
476,100,250,0,35,10,-15,10,625,0,25,15,25,0,-10,-25,146.09333333333333,10,146.09333333333333,25,0
477,256,240,400,31,41,1,-9,225,375,40,-1,-10,625,9,10,755.1826666666667,16,380.1826666666667,15,25
478,1,25,21,26,22,-24,-20,625,525,46,24,4,441,20,-4,547.9946666666667,1,22.994666666666717,25,21
479,625,0,0,25,25,25,25,0,0,0,-25,0,0,-25,0,150.10666666666665,25,150.10666666666665,0,0
480,169,0,0,13,13,13,13,0,0,0,-13,0,0,-13,0,39.022666666666666,13,39.022666666666666,0,0
481,1,25,0,26,1,-24,1,625,0,25,24,25,0,-1,-25,12.783333333333333,1,12.783333333333333,25,0
482,4,0,0,2,2,2,2,0,0,0,-2,0,0,-2,0,0.5093333333333333,2,0.5093333333333333,0,0
483,1,25,0,26,1,-24,1,625,0,25,24,25,0,-1,-25,12.233333333333333,1,12.233333333333333,25,0
484,169,0,0,13,13,13,13,0,0,0,-13,0,0,-13,0,39.093333333333334,13,39.093333333333334,0,0
485,1,0,25,1,26,1,-24,0,0,25,-1,-25,625,24,25,12.716666666666667,1,12.716666666666667,0,25
486,1,0,0,1,1,1,1,0,0,0,-1,0,0,-1,0,0.0,1,0.0,0,0
487,625,250,625,35,50,15,0,100,250,35,-15,-15,625,0,15,837.2886666666667,25,587.2886666666667,10,25
488,100,250,0,35,10,-15,10,625,0,25,15,25,0,-10,-25,146.144,10,146.144,25,0
489,625,225,625,34,50,16,0,81,225,34,-16,-16,625,0,16,799.6413333333334,25,574.6413333333334,9,25
490,625,250,0,35,25,15,25,100,0,10,-15,10,0,-25,-10,275.0373333333333,25,275.0373333333333,10,0
491,100,250,0,35,10,-15,10,625,0,25,15,25,0,-10,-25,147.52533333333332,10,147.52533333333332,25,0
492,625,225,0,34,25,16,25,81,0,9,-16,9,0,-25,-9,262.14733333333334,25,262.14733333333334,9,0
493,1,25,21,26,22,-24,-20,625,525,46,24,4,441,20,-4,547.9653333333333,1,22.96533333333332,25,21
494,121,275,275,36,36,-14,-14,625,625,50,14,0,625,14,0,927.36,11,302.36,25,25
495,625,225,0,34,25,16,25,81,0,9,-16,9,0,-25,-9,262.83866666666665,25,262.83866666666665,9,0
496,625,250,625,35,50,15,0,100,250,35,-15,-15,625,0,15,837.8,25,587.8,10,25
497,121,275,0,36,11,-14,11,625,0,25,14,25,0,-11,-25,165.76866666666666,11,165.76866666666666,25,0
498,256,240,400,31,41,1,-9,225,375,40,-1,-10,625,9,10,754.864,16,379.86400000000003,15,25
499,121,275,0,36,11,-14,11,625,0,25,14,25,0,-11,-25,165.742,11,165.742,25,0
500,625,0,0,25,25,25,25,0,0,0,-25,0,0,-25,0,150.116,25,150.116,0,0
501,625,250,0,35,25,15,25,100,0,10,-15,10,0,-25,-10,275.488,25,275.488,10,0
502,100,250,0,35,10,-15,10,625,0,25,15,25,0,-10,-25,147.78533333333334,10,147.78533333333334,25,0
503,256,240,0,31,16,1,16,225,0,15,-1,15,0,-16,-15,179.36933333333334,16,179.36933333333334,15,0
504,1,0,25,1,26,1,-24,0,0,25,-1,-25,625,24,25,11.733333333333333,1,11.733333333333333,0,25
505,4,0,50,2,27,2,-23,0,0,25,-2,-25,625,23,25,25.846666666666668,2,25.846666666666668,0,25
506,1,0,12,1,13,1,-11,0,0,12,-1,-12,144,11,12,6.144,1,6.144,0,12
507,49,0,133,7,26,7,-12,0,0,19,-7,-19,361,12,19,77.86333333333333,7,77.86333333333333,0,19
508,1,25,0,26,1,-24,1,625,0,25,24,25,0,-1,-25,12.45,1,12.45,25,0
509,625,625,0,50,25,0,25,625,0,25,0,25,0,-25,-25,463.432,25,463.432,25,0
510,625,0,0,25,25,25,25,0,0,0,-25,0,0,-25,0,149.86666666666667,25,149.86666666666667,0,0
511,1,0,25,1,26,1,-24,0,0,25,-1,-25,625,24,25,12.45,1,12.45,0,25
512,625,250,625,35,50,15,0,100,250,35,-15,-15,625,0,15,836.0566666666666,25,586.0566666666666,10,25
513,4,0,50,2,27,2,-23,0,0,25,-2,-25,625,23,25,25.424,2,25.424,0,25
514,256,256,0,32,16,0,16,256,0,16,0,16,0,-16,-16,187.10066666666665,16,187.10066666666665,16,0
515,625,225,625,34,50,16,0,81,225,34,-16,-16,625,0,16,799.828,25,574.828,9,25
516,256,240,0,31,16,1,16,225,0,15,-1,15,0,-16,-15,179.83866666666665,16,179.83866666666665,15,0
517,1,0,12,1,13,1,-11,0,0,12,-1,-12,144,11,12,5.848,1,5.848,0,12
518,121,275,275,36,36,-14,-14,625,625,50,14,0,625,14,0,927.4826666666667,11,302.48266666666666,25,25
519,625,0,625,25,50,25,0,0,0,25,-25,-25,625,0,25,460.494,25,460.494,0,25
520,100,250,0,35,10,-15,10,625,0,25,15,25,0,-10,-25,147.61333333333334,10,147.61333333333334,25,0
521,100,250,250,35,35,-15,-15,625,625,50,15,0,625,15,0,897.6666666666666,10,272.66666666666663,25,25
522,256,240,0,31,16,1,16,225,0,15,-1,15,0,-16,-15,181.34133333333332,16,181.34133333333332,15,0
523,1,25,0,26,1,-24,1,625,0,25,24,25,0,-1,-25,12.416666666666666,1,12.416666666666666,25,0
524,121,275,0,36,11,-14,11,625,0,25,14,25,0,-11,-25,165.67533333333333,11,165.67533333333333,25,0
525,625,625,0,50,25,0,25,625,0,25,0,25,0,-25,-25,462.37666666666667,25,462.37666666666667,25,0
526,625,250,625,35,50,15,0,100,250,35,-15,-15,625,0,15,838.6273333333334,25,588.6273333333334,10,25
527,100,250,0,35,10,-15,10,625,0,25,15,25,0,-10,-25,146.252,10,146.252,25,0
528,256,240,400,31,41,1,-9,225,375,40,-1,-10,625,9,10,754.96,16,379.96000000000004,15,25
529,121,275,0,36,11,-14,11,625,0,25,14,25,0,-11,-25,165.16066666666666,11,165.16066666666666,25,0
530,625,0,0,25,25,25,25,0,0,0,-25,0,0,-25,0,150.12533333333334,25,150.12533333333334,0,0
531,100,250,250,35,35,-15,-15,625,625,50,15,0,625,15,0,897.474,10,272.47400000000005,25,25
532,100,250,0,35,10,-15,10,625,0,25,15,25,0,-10,-25,146.09333333333333,10,146.09333333333333,25,0
533,256,240,400,31,41,1,-9,225,375,40,-1,-10,625,9,10,755.1826666666667,16,380.1826666666667,15,25
534,1,25,21,26,22,-24,-20,625,525,46,24,4,441,20,-4,547.9946666666667,1,22.994666666666717,25,21
535,625,0,0,25,25,25,25,0,0,0,-25,0,0,-25,0,150.10666666666665,25,150.10666666666665,0,0
536,169,0,0,13,13,13,13,0,0,0,-13,0,0,-13,0,39.022666666666666,13,39.022666666666666,0,0
537,1,25,0,26,1,-24,1,625,0,25,24,25,0,-1,-25,12.783333333333333,1,12.783333333333333,25,0
538,4,0,0,2,2,2,2,0,0,0,-2,0,0,-2,0,0.5093333333333333,2,0.5093333333333333,0,0
539,1,25,0,26,1,-24,1,625,0,25,24,25,0,-1,-25,12.233333333333333,1,12.233333333333333,25,0
540,169,0,0,13,13,13,13,0,0,0,-13,0,0,-13,0,39.093333333333334,13,39.093333333333334,0,0
541,1,0,25,1,26,1,-24,0,0,25,-1,-25,625,24,25,12.716666666666667,1,12.716666666666667,0,25
542,1,0,0,1,1,1,1,0,0,0,-1,0,0,-1,0,0.0,1,0.0,0,0
543,625,250,625,35,50,15,0,100,250,35,-15,-15,625,0,15,837.2886666666667,25,587.2886666666667,10,25
544,100,250,0,35,10,-15,10,625,0,25,15,25,0,-10,-25,146.144,10,146.144,25,0
545,625,225,625,34,50,16,0,81,225,34,-16,-16,625,0,16,799.6413333333334,25,574.6413333333334,9,25
546,625,250,0,35,25,15,25,100,0,10,-15,10,0,-25,-10,275.0373333333333,25,275.0373333333333,10,0
547,100,250,0,35,10,-15,10,625,0,25,15,25,0,-10,-25,147.52533333333332,10,147.52533333333332,25,0
548,625,225,0,34,25,16,25,81,0,9,-16,9,0,-25,-9,262.14733333333334,25,262.14733333333334,9,0
549,1,25,21,26,22,-24,-20,625,525,46,24,4,441,20,-4,547.9653333333333,1,22.96533333333332,25,21
550,121,275,275,36,36,-14,-14,625,625,50,14,0,625,14,0,927.36,11,302.36,25,25
551,625,225,0,34,25,16,25,81,0,9,-16,9,0,-25,-9,262.83866666666665,25,262.83866666666665,9,0
552,625,250,625,35,50,15,0,100,250,35,-15,-15,625,0,15,837.8,25,587.8,10,25
553,121,275,0,36,11,-14,11,625,0,25,14,25,0,-11,-25,165.76866666666666,11,165.76866666666666,25,0
554,256,240,400,31,41,1,-9,225,375,40,-1,-10,625,9,10,754.864,16,379.86400000000003,15,25
555,121,275,0,36,11,-14,11,625,0,25,14,25,0,-11,-25,165.742,11,165.742,25,0
556,625,0,0,25,25,25,25,0,0,0,-25,0,0,-25,0,150.116,25,150.116,0,0
557,625,250,0,35,25,15,25,100,0,10,-15,10,0,-25,-10,275.488,25,275.488,10,0
558,100,250,0,35,10,-15,10,625,0,25,15,25,0,-10,-25,147.78533333333334,10,147.78533333333334,25,0
559,256,240,0,31,16,1,16,225,0,15,-1,15,0,-16,-15,179.36933333333334,16,179.36933333333334,15,0
560,1,0,25,1,26,1,-24,0,0,25,-1,-25,625,24,25,11.733333333333333,1,11.733333333333333,0,25
561,4,0,50,2,27,2,-23,0,0,25,-2,-25,625,23,25,25.846666666666668,2,25.846666666666668,0,25
562,1,0,12,1,13,1,-11,0,0,12,-1,-12,144,11,12,6.144,1,6.144,0,12
563,49,0,133,7,26,7,-12,0,0,19,-7,-19,361,12,19,77.86333333333333,7,77.86333333333333,0,19
564,1,25,0,26,1,-24,1,625,0,25,24,25,0,-1,-25,12.45,1,12.45,25,0
565,625,625,0,50,25,0,25,625,0,25,0,25,0,-25,-25,463.432,25,463.432,25,0
566,625,0,0,25,25,25,25,0,0,0,-25,0,0,-25,0,149.86666666666667,25,149.86666666666667,0,0
567,1,0,25,1,26,1,-24,0,0,25,-1,-25,625,24,25,12.45,1,12.45,0,25
568,625,250,625,35,50,15,0,100,250,35,-15,-15,625,0,15,836.0566666666666,25,586.0566666666666,10,25
569,4,0,50,2,27,2,-23,0,0,25,-2,-25,625,23,25,25.424,2,25.424,0,25
570,256,256,0,32,16,0,16,256,0,16,0,16,0,-16,-16,187.10066666666665,16,187.10066666666665,16,0
571,625,225,625,34,50,16,0,81,225,34,-16,-16,625,0,16,799.828,25,574.828,9,25
572,256,240,0,31,16,1,16,225,0,15,-1,15,0,-16,-15,179.83866666666665,16,179.83866666666665,15,0
573,1,0,12,1,13,1,-11,0,0,12,-1,-12,144,11,12,5.848,1,5.848,0,12
574,121,275,275,36,36,-14,-14,625,625,50,14,0,625,14,0,927.4826666666667,11,302.48266666666666,25,25
575,625,0,625,25,50,25,0,0,0,25,-25,-25,625,0,25,460.494,25,460.494,0,25
576,100,250,0,35,10,-15,10,625,0,25,15,25,0,-10,-25,147.61333333333334,10,147.61333333333334,25,0
577,100,250,250,35,35,-15,-15,625,625,50,15,0,625,15,0,897.6666666666666,10,272.66666666666663,25,25
578,256,240,0,31,16,1,16,225,0,15,-1,15,0,-16,-15,181.34133333333332,16,181.34133333333332,15,0
579,1,25,0,26,1,-24,1,625,0,25,24,25,0,-1,-25,12.416666666666666,1,12.416666666666666,25,0
580,121,275,0,36,11,-14,11,625,0,25,14,25,0,-11,-25,165.67533333333333,11,165.67533333333333,25,0
581,625,625,0,50,25,0,25,625,0,25,0,25,0,-25,-25,462.37666666666667,25,462.37666666666667,25,0
582,625,250,625,35,50,15,0,100,250,35,-15,-15,625,0,15,838.6273333333334,25,588.6273333333334,10,25
583,100,250,0,35,10,-15,10,625,0,25,15,25,0,-10,-25,146.252,10,146.252,25,0
584,256,240,400,31,41,1,-9,225,375,40,-1,-10,625,9,10,754.96,16,379.96000000000004,15,25
585,121,275,0,36,11,-14,11,625,0,25,14,25,0,-11,-25,165.16066666666666,11,165.16066666666666,25,0
586,625,0,0,25,25,25,25,0,0,0,-25,0,0,-25,0,150.12533333333334,25,150.12533333333334,0,0
587,100,250,250,35,35,-15,-15,625,625,50,15,0,625,15,0,897.474,10,272.47400000000005,25,25
588,100,250,0,35,10,-15,10,625,0,25,15,25,0,-10,-25,146.09333333333333,10,146.09333333333333,25,0
589,256,240,400,31,41,1,-9,225,375,40,-1,-10,625,9,10,755.1826666666667,16,380.1826666666667,15,25
590,1,25,21,26,22,-24,-20,625,525,46,24,4,441,20,-4,547.9946666666667,1,22.994666666666717,25,21
591,625,0,0,25,25,25,25,0,0,0,-25,0,0,-25,0,150.10666666666665,25,150.10666666666665,0,0
592,169,0,0,13,13,13,13,0,0,0,-13,0,0,-13,0,39.022666666666666,13,39.022666666666666,0,0
593,1,25,0,26,1,-24,1,625,0,25,24,25,0,-1,-25,12.783333333333333,1,12.783333333333333,25,0
594,4,0,0,2,2,2,2,0,0,0,-2,0,0,-2,0,0.5093333333333333,2,0.5093333333333333,0,0
595,1,25,0,26,1,-24,1,625,0,25,24,25,0,-1,-25,12.233333333333333,1,12.233333333333333,25,0
596,169,0,0,13,13,13,13,0,0,0,-13,0,0,-13,0,39.093333333333334,13,39.093333333333334,0,0
597,1,0,25,1,26,1,-24,0,0,25,-1,-25,625,24,25,12.716666666666667,1,12.716666666666667,0,25
598,1,0,0,1,1,1,1,0,0,0,-1,0,0,-1,0,0.0,1,0.0,0,0
599,625,250,625,35,50,15,0,100,250,35,-15,-15,625,0,15,837.2886666666667,25,587.2886666666667,10,25
600,100,250,0,35,10,-15,10,625,0,25,15,25,0,-10,-25,146.144,10,146.144,25,0
601,625,225,625,34,50,16,0,81,225,34,-16,-16,625,0,16,799.6413333333334,25,574.6413333333334,9,25
602,625,250,0,35,25,15,25,100,0,10,-15,10,0,-25,-10,275.0373333333333,25,275.0373333333333,10,0
603,100,250,0,35,10,-15,10,625,0,25,15,25,0,-10,-25,147.52533333333332,10,147.52533333333332,25,0
604,625,225,0,34,25,16,25,81,0,9,-16,9,0,-25,-9,262.14733333333334,25,262.14733333333334,9,0
605,1,25,21,26,22,-24,-20,625,525,46,24,4,441,20,-4,547.9653333333333,1,22.96533333333332,25,21
606,121,275,275,36,36,-14,-14,625,625,50,14,0,625,14,0,927.36,11,302.36,25,25
607,625,225,0,34,25,16,25,81,0,9,-16,9,0,-25,-9,262.83866666666665,25,262.83866666666665,9,0
608,625,250,625,35,50,15,0,100,250,35,-15,-15,625,0,15,837.8,25,587.8,10,25
609,121,275,0,36,11,-14,11,625,0,25,14,25,0,-11,-25,165.76866666666666,11,165.76866666666666,25,0
610,256,240,400,31,41,1,-9,225,375,40,-1,-10,625,9,10,754.864,16,379.86400000000003,15,25
611,121,275,0,36,11,-14,11,625,0,25,14,25,0,-11,-25,165.742,11,165.742,25,0
612,625,0,0,25,25,25,25,0,0,0,-25,0,0,-25,0,150.116,25,150.116,0,0
613,625,250,0,35,25,15,25,100,0,10,-15,10,0,-25,-10,275.488,25,275.488,10,0
614,100,250,0,35,10,-15,10,625,0,25,15,25,0,-10,-25,147.78533333333334,10,147.78533333333334,25,0
615,256,240,0,31,16,1,16,225,0,15,-1,15,0,-16,-15,179.36933333333334,16,179.36933333333334,15,0
616,1,0,25,1,26,1,-24,0,0,25,-1,-25,625,24,25,11.733333333333333,1,11.733333333333333,0,25
617,4,0,50,2,27,2,-23,0,0,25,-2,-25,625,23,25,25.846666666666668,2,25.846666666666668,0,25
618,1,0,12,1,13,1,-11,0,0,12,-1,-12,144,11,12,6.144,1,6.144,0,12
619,49,0,133,7,26,7,-12,0,0,19,-7,-19,361,12,19,77.86333333333333,7,77.86333333333333,0,19
620,1,25,0,26,1,-24,1,625,0,25,24,25,0,-1,-25,12.45,1,12.45,25,0
621,625,625,0,50,25,0,25,625,0,25,0,25,0,-25,-25,463.432,25,463.432,25,0
622,625,0,0,25,25,25,25,0,0,0,-25,0,0,-25,0,149.86666666666667,25,149.86666666666667,0,0
623,1,0,25,1,26,1,-24,0,0,25,-1,-25,625,24,25,12.45,1,12.45,0,25
624,625,250,625,35,50,15,0,100,250,35,-15,-15,625,0,15,836.0566666666666,25,586.0566666666666,10,25
625,4,0,50,2,27,2,-23,0,0,25,-2,-25,625,23,25,25.424,2,25.424,0,25
626,256,256,0,32,16,0,16,256,0,16,0,16,0,-16,-16,187.10066666666665,16,187.10066666666665,16,0
627,625,225,625,34,50,16,0,81,225,34,-16,-16,625,0,16,799.828,25,574.828,9,25
628,256,240,0,31,16,1,16,225,0,15,-1,15,0,-16,-15,179.83866666666665,16,179.83866666666665,15,0
629,1,0,12,1,13,1,-11,0,0,12,-1,-12,144,11,12,5.848,1,5.848,0,12
630,121,275,275,36,36,-14,-14,625,625,50,14,0,625,14,0,927.4826666666667,11,302.48266666666666,25,25
631,625,0,625,25,50,25,0,0,0,25,-25,-25,625,0,25,460.494,25,460.494,0,25
632,100,250,0,35,10,-15,10,625,0,25,15,25,0,-10,-25,147.61333333333334,10,147.61333333333334,25,0
633,100,250,250,35,35,-15,-15,625,625,50,15,0,625,15,0,897.6666666666666,10,272.66666666666663,25,25
634,256,240,0,31,16,1,16,225,0,15,-1,15,0,-16,-15,181.34133333333332,16,181.34133333333332,15,0
635,1,25,0,26,1,-24,1,625,0,25,24,25,0,-1,-25,12.416666666666666,1,12.416666666666666,25,0
636,121,275,0,36,11,-14,11,625,0,25,14,25,0,-11,-25,165.67533333333333,11,165.67533333333333,25,0
637,625,625,0,50,25,0,25,625,0,25,0,25,0,-25,-25,462.37666666666667,25,462.37666666666667,25,0
638,625,250,625,35,50,15,0,100,250,35,-15,-15,625,0,15,838.6273333333334,25,588.6273333333334,10,25
639,100,250,0,35,10,-15,10,625,0,25,15,25,0,-10,-25,146.252,10,146.252,25,0
640,256,240,400,31,41,1,-9,225,375,40,-1,-10,625,9,10,754.96,16,379.96000000000004,15,25
641,121,275,0,36,11,-14,11,625,0,25,14,25,0,-11,-25,165.16066666666666,11,165.16066666666666,25,0
642,625,0,0,25,25,25,25,0,0,0,-25,0,0,-25,0,150.12533333333334,25,150.12533333333334,0,0
643,100,250,250,35,35,-15,-15,625,625,50,15,0,625,15,0,897.474,10,272.47400000000005,25,25
644,100,250,0,35,10,-15,10,625,0,25,15,25,0,-10,-25,146.09333333333333,10,146.09333333333333,25,0
645,256,240,400,31,41,1,-9,225,375,40,-1,-10,625,9,10,755.1826666666667,16,380.1826666666667,15,25
646,1,25,21,26,22,-24,-20,625,525,46,24,4,441,20,-4,547.9946666666667,1,22.994666666666717,25,21
647,625,0,0,25,25,25,25,0,0,0,-25,0,0,-25,0,150.10666666666665,25,150.10666666666665,0,0
648,169,0,0,13,13,13,13,0,0,0,-13,0,0,-13,0,39.022666666666666,13,39.022666666666666,0,0
649,1,25,0,26,1,-24,1,625,0,25,24,25,0,-1,-25,12.783333333333333,1,12.783333333333333,25,0
650,4,0,0,2,2,2,2,0,0,0,-2,0,0,-2,0,0.5093333333333333,2,0.5093333333333333,0,0
651,1,25,0,26,1,-24,1,625,0,25,24,25,0,-1,-25,12.233333333333333,1,12.233333333333333,25,0
652,169,0,0,13,13,13,13,0,0,0,-13,0,0,-13,0,39.093333333333334,13,39.093333333333334,0,0
653,1,0,25,1,26,1,-24,0,0,25,-1,-25,625,24,25,12.716666666666667,1,12.716666666666667,0,25
654,1,0,0,1,1,1,1,0,0,0,-1,0,0,-1,0,0.0,1,0.0,0,0
655,625,250,625,35,50,15,0,100,250,35,-15,-15,625,0,15,837.2886666666667,25,587.2886666666667,10,25
656,100,250,0,35,10,-15,10,625,0,25,15,25,0,-10,-25,146.144,10,146.144,25,0
657,625,225,625,34,50,16,0,81,225,34,-16,-16,625,0,16,799.6413333333334,25,574.6413333333334,9,25
658,625,250,0,35,25,15,25,100,0,10,-15,10,0,-25,-10,275.0373333333333,25,275.0373333333333,10,0
659,100,250,0,35,10,-15,10,625,0,25,15,25,0,-10,-25,147.52533333333332,10,147.52533333333332,25,0
660,625,225,0,34,25,16,25,81,0,9,-16,9,0,-25,-9,262.14733333333334,25,262.14733333333334,9,0
661,1,25,21,26,22,-24,-20,625,525,46,24,4,441,20,-4,547.9653333333333,1,22.96533333333332,25,21
662,121,275,275,36,36,-14,-14,625,625,50,14,0,625,14,0,927.36,11,302.36,25,25
663,625,225,0,34,25,16,25,81,0,9,-16,9,0,-25,-9,262.83866666666665,25,262.83866666666665,9,0
664,625,250,625,35,50,15,0,100,250,35,-15,-15,625,0,15,837.8,25,587.8,10,25
665,121,275,0,36,11,-14,11,625,0,25,14,25,0,-11,-25,165.76866666666666,11,165.76866666666666,25,0
666,256,240,400,31,41,1,-9,225,375,40,-1,-10,625,9,10,754.864,16,379.86400000000003,15,25
667,121,275,0,36,11,-14,11,625,0,25,14,25,0,-11,-25,165.742,11,165.742,25,0
668,625,0,0,25,25,25,25,0,0,0,-25,0,0,-25,0,150.116,25,150.116,0,0
669,625,250,0,35,25,15,25,100,0,10,-15,10,0,-25,-10,275.488,25,275.488,10,0
670,100,250,0,35,10,-15,10,625,0,25,15,25,0,-10,-25,147.78533333333334,10,147.78533333333334,25,0
671,256,240,0,31,16,1,16,225,0,15,-1,15,0,-16,-15,179.36933333333334,16,179.36933333333334,15,0
672,1,0,25,1,26,1,-24,0,0,25,-1,-25,625,24,25,11.733333333333333,1,11.733333333333333,0,25
673,4,0,50,2,27,2,-23,0,0,25,-2,-25,625,23,25,25.846666666666668,2,25.846666666666668,0,25
674,1,0,12,1,13,1,-11,0,0,12,-1,-12,144,11,12,6.144,1,6.144,0,12
675,49,0,133,7,26,7,-12,0,0,19,-7,-19,361,12,19,77.86333333333333,7,77.86333333333333,0,19
676,1,25,0,26,1,-24,1,625,0,25,24,25,0,-1,-25,12.45,1,12.45,25,0
677,625,625,0,50,25,0,25,625,0,25,0,25,0,-25,-25,463.432,25,463.432,25,0
678,625,0,0,25,25,25,25,0,0,0,-25,0,0,-25,0,149.86666666666667,25,149.86666666666667,0,0
679,1,0,25,1,26,1,-24,0,0,25,-1,-25,625,24,25,12.45,1,12.45,0,25
680,625,250,625,35,50,15,0,100,250,35,-15,-15,625,0,15,836.0566666666666,25,586.0566666666666,10,25
681,4,0,50,2,27,2,-23,0,0,25,-2,-25,625,23,25,25.424,2,25.424,0,25
682,256,256,0,32,16,0,16,256,0,16,0,16,0,-16,-16,187.10066666666665,16,187.10066666666665,16,0
683,625,225,625,34,50,16,0,81,225,34,-16,-16,625,0,16,799.828,25,574.828,9,25
684,256,240,0,31,16,1,16,225,0,15,-1,15,0,-16,-15,179.83866666666665,16,179.83866666666665,15,0
685,1,0,12,1,13,1,-11,0,0,12,-1,-12,144,11,12,5.848,1,5.848,0,12
686,121,275,275,36,36,-14,-14,625,625,50,14,0,625,14,0,927.4826666666667,11,302.48266666666666,25,25
687,625,0,625,25,50,25,0,0,0,25,-25,-25,625,0,25,460.494,25,460.494,0,25
688,100,250,0,35,10,-15,10,625,0,25,15,25,0,-10,-25,147.61333333333334,10,147.61333333333334,25,0
689,100,250,250,35,35,-15,-15,625,625,50,15,0,625,15,0,897.6666666666666,10,272.66666666666663,25,25
690,256,240,0,31,16,1,16,225,0,15,-1,15,0,-16,-15,181.34133333333332,16,181.34133333333332,15,0
691,1,25,0,26,1,-24,1,625,0,25,24,25,0,-1,-25,12.416666666666666,1,12.416666666666666,25,0
692,121,275,0,36,11,-14,11,625,0,25,14,25,0,-11,-25,165.67533333333333,11,165.67533333333333,25,0
693,625,625,0,50,25,0,25,625,0,25,0,25,0,-25,-25,462.37666666666667,25,462.37666666666667,25,0
694,625,250,625,35,50,15,0,100,250,35,-15,-15,625,0,15,838.6273333333334,25,588.6273333333334,10,25
695,100,250,0,35,10,-15,10,625,0,25,15,25,0,-10,-25,146.252,10,146.252,25,0
696,256,240,400,31,41,1,-9,225,375,40,-1,-10,625,9,10,754.96,16,379.96000000000004,15,25
697,121,275,0,36,11,-14,11,625,0,25,14,25,0,-11,-25,165.16066666666666,11,165.16066666666666,25,0
698,625,0,0,25,25,25,25,0,0,0,-25,0,0,-25,0,150.12533333333334,25,150.12533333333334,0,0
699,100,250,250,35,35,-15,-15,625,625,50,15,0,625,15,0,897.474,10,272.47400000000005,25,25
700,100,250,0,35,10,-15,10,625,0,25,15,25,0,-10,-25,146.09333333333333,10,146.09333333333333,25,0
701,256,240,400,31,41,1,-9,225,375,40,-1,-10,625,9,10,755.1826666666667,16,380.1826666666667,15,25
702,1,25,21,26,22,-24,-20,625,525,46,24,4,441,20,-4,547.9946666666667,1,22.994666666666717,25,21
703,625,0,0,25,25,25,25,0,0,0,-25,0,0,-25,0,150.10666666666665,25,150.10666666666665,0,0
704,169,0,0,13,13,13,13,0,0,0,-13,0,0,-13,0,39.022666666666666,13,39.022666666666666,0,0
705,1,25,0,26,1,-24,1,625,0,25,24,25,0,-1,-25,12.783333333333333,1,12.783333333333333,25,0
706,4,0,0,2,2,2,2,0,0,0,-2,0,0,-2,0,0.5093333333333333,2,0.5093333333333333,0,0
707,1,25,0,26,1,-24,1,625,0,25,24,25,0,-1,-25,12.233333333333333,1,12.233333333333333,25,0
708,169,0,0,13,13,13,13,0,0,0,-13,0,0,-13,0,39.093333333333334,13,39.093333333333334,0,0
709,1,0,25,1,26,1,-24,0,0,25,-1,-25,625,24,25,12.716666666666667,1,12.716666666666667,0,25
710,1,0,0,1,1,1,1,0,0,0,-1,0,0,-1,0,0.0,1,0.0,0,0
711,625,250,625,35,50,15,0,100,250,35,-15,-15,625,0,15,837.2886666666667,25,587.2886666666667,10,25
712,100,250,0,35,10,-15,10,625,0,25,15,25,0,-10,-25,146.144,10,146.144,25,0
713,625,225,625,34,50,16,0,81,225,34,-16,-16,625,0,16,799.6413333333334,25,574.6413333333334,9,25
714,625,250,0,35,25,15,25,100,0,10,-15,10,0,-25,-10,275.0373333333333,25,275.0373333333333,10,0
715,100,250,0,35,10,-15,10,625,0,25,15,25,0,-10,-25,147.52533333333332,10,147.52533333333332,25,0
716,625,225,0,34,25,16,25,81,0,9,-16,9,0,-25,-9,262.14733333333334,25,262.14733333333334,9,0
717,1,25,21,26,22,-24,-20,625,525,46,24,4,441,20,-4,547.9653333333333,1,22.96533333333332,25,21
718,121,275,275,36,36,-14,-14,625,625,50,14,0,625,14,0,927.36,11,302.36,25,25
719,625,225,0,34,25,16,25,81,0,9,-16,9,0,-25,-9,262.83866666666665,25,262.83866666666665,9,0
720,625,250,625,35,50,15,0,100,250,35,-15,-15,625,0,15,837.8,25,587.8,10,25
721,121,275,0,36,11,-14,11,625,0,25,14,25,0,-11,-25,165.76866666666666,11,165.76866666666666,25,0
722,256,240,400,31,41,1,-9,225,375,40,-1,-10,625,9,10,754.864,16,379.86400000000003,15,25
723,121,275,0,36,11,-14,11,625,0,25,14,25,0,-11,-25,165.742,11,165.742,25,0
724,625,0,0,25,25,25,25,0,0,0,-25,0,0,-25,0,150.116,25,150.116,0,0
725,625,250,0,35,25,15,25,100,0,10,-15,10,0,-25,-10,275.488,25,275.488,10,0
726,100,250,0,35,10,-15,10,625,0,25,15,25,0,-10,-25,147.78533333333334,10,147.78533333333334,25,0
727,256,240,0,31,16,1,16,225,0,15,-1,15,0,-16,-15,179.36933333333334,16,179.36933333333334,15,0
728,1,0,25,1,26,1,-24,0,0,25,-1,-25,625,24,25,11.733333333333333,1,11.733333333333333,0,25
729,4,0,50,2,27,2,-23,0,0,25,-2,-25,625,23,25,25.846666666666668,2,25.846666666666668,0,25
730,1,0,12,1,13,1,-11,0,0,12,-1,-12,144,11,12,6.144,1,6.144,0,12
731,49,0,133,7,26,7,-12,0,0,19,-7,-19,361,12,19,77.86333333333333,7,77.86333333333333,0,19
732,1,25,0,26,1,-24,1,625,0,25,24,25,0,-1,-25,12.45,1,12.45,25,0
733,625,625,0,50,25,0,25,625,0,25,0,25,0,-25,-25,463.432,25,463.432,25,0
734,625,0,0,25,25,25,25,0,0,0,-25,0,0,-25,0,149.86666666666667,25,149.86666666666667,0,0
735,1,0,25,1,26,1,-24,0,0,25,-1,-25,625,24,25,12.45,1,12.45,0,25
736,625,250,625,35,50,15,0,100,250,35,-15,-15,625,0,15,836.0566666666666,25,586.0566666666666,10,25
737,4,0,50,2,27,2,-23,0,0,25,-2,-25,625,23,25,25.424,2,25.424,0,25
738,256,256,0,32,16,0,16,256,0,16,0,16,0,-16,-16,187.10066666666665,16,187.10066666666665,16,0
739,625,225,625,34,50,16,0,81,225,34,-16,-16,625,0,16,799.828,25,574.828,9,25
740,256,240,0,31,16,1,16,225,0,15,-1,15,0,-16,-15,179.83866666666665,16,179.83866666666665,15,0
741,1,0,12,1,13,1,-11,0,0,12,-1,-12,144,11,12,5.848,1,5.848,0,12
742,121,275,275,36,36,-14,-14,625,625,50,14,0,625,14,0,927.4826666666667,11,302.48266666666666,25,25
743,625,0,625,25,50,25,0,0,0,25,-25,-25,625,0,25,460.494,25,460.494,0,25
744,100,250,0,35,10,-15,10,625,0,25,15,25,0,-10,-25,147.61333333333334,10,147.61333333333334,25,0
745,100,250,250,35,35,-15,-15,625,625,50,15,0,625,15,0,897.6666666666666,10,272.66666666666663,25,25
746,256,240,0,31,16,1,16,225,0,15,-1,15,0,-16,-15,181.34133333333332,16,181.34133333333332,15,0
747,1,25,0,26,1,-24,1,625,0,25,24,25,0,-1,-25,12.416666666666666,1,12.416666666666666,25,0
748,121,275,0,36,11,-14,11,625,0,25,14,25,0,-11,-25,165.67533333333333,11,165.67533333333333,25,0
749,625,625,0,50,25,0,25,625,0,25,0,25,0,-25,-25,462.37666666666667,25,462.37666666666667,25,0
750,625,250,625,35,50,15,0,100,250,35,-15,-15,625,0,15,838.6273333333334,25,588.6273333333334,10,25
751,100,250,0,35,10,-15,10,625,0,25,15,25,0,-10,-25,146.252,10,146.252,25,0
752,256,240,400,31,41,1,-9,225,375,40,-1,-10,625,9,10,754.96,16,379.96000000000004,15,25
753,121,275,0,36,11,-14,11,625,0,25,14,25,0,-11,-25,165.16066666666666,11,165.16066666666666,25,0
754,625,0,0,25,25,25,25,0,0,0,-25,0,0,-25,0,150.12533333333334,25,150.12533333333334,0,0
755,100,250,250,35,35,-15,-15,625,625,50,15,0,625,15,0,897.474,10,272.47400000000005,25,25
756,100,250,0,35,10,-15,10,625,0,25,15,25,0,-10,-25,146.09333333333333,10,146.09333333333333,25,0
757,256,240,400,31,41,1,-9,225,375,40,-1,-10,625,9,10,755.1826666666667,16,380.1826666666667,15,25
758,1,25,21,26,22,-24,-20,625,525,46,24,4,441,20,-4,547.9946666666667,1,22.994666666666717,25,21
759,625,0,0,25,25,25,25,0,0,0,-25,0,0,-25,0,150.10666666666665,25,150.10666666666665,0,0
760,169,0,0,13,13,13,13,0,0,0,-13,0,0,-13,0,39.022666666666666,13,39.022666666666666,0,0
761,1,25,0,26,1,-24,1,625,0,25,24,25,0,-1,-25,12.783333333333333,1,12.783333333333333,25,0
762,4,0,0,2,2,2,2,0,0,0,-2,0,0,-2,0,0.5093333333333333,2,0.5093333333333333,0,0
763,1,25,0,26,1,-24,1,625,0,25,24,25,0,-1,-25,12.233333333333333,1,12.233333333333333,25,0
764,169,0,0,13,13,13,13,0,0,0,-13,0,0,-13,0,39.093333333333334,13,39.093333333333334,0,0
765,1,0,25,1,26,1,-24,0,0,25,-1,-25,625,24,25,12.716666666666667,1,12.716666666666667,0,25
766,1,0,0,1,1,1,1,0,0,0,-1,0,0,-1,0,0.0,1,0.0,0,0
767,625,250,625,35,50,15,0,100,250,35,-15,-15,625,0,15,837.2886666666667,25,587.2886666666667,10,25
768,100,250,0,35,10,-15,10,625,0,25,15,25,0,-10,-25,146.144,10,146.144,25,0
769,625,225,625,34,50,16,0,81,225,34,-16,-16,625,0,16,799.6413333333334,25,574.6413333333334,9,25
770,625,250,0,35,25,15,25,100,0,10,-15,10,0,-25,-10,275.0373333333333,25,275.0373333333333,10,0
771,100,250,0,35,10,-15,10,625,0,25,15,25,0,-10,-25,147.52533333333332,10,147.52533333333332,25,0
772,625,225,0,34,25,16,25,81,0,9,-16,9,0,-25,-9,262.14733333333334,25,262.14733333333334,9,0
773,1,25,21,26,22,-24,-20,625,525,46,24,4,441,20,-4,547.9653333333333,1,22.96533333333332,25,21
774,121,275,275,36,36,-14,-14,625,625,50,14,0,625,14,0,927.36,11,302.36,25,25
775,625,225,0,34,25,16,25,81,0,9,-16,9,0,-25,-9,262.83866666666665,25,262.83866666666665,9,0
776,625,250,625,35,50,15,0,100,250,35,-15,-15,625,0,15,837.8,25,587.8,10,25
777,121,275,0,36,11,-14,11,625,0,25,14,25,0,-11,-25,165.76866666666666,11,165.76866666666666,25,0
778,256,240,400,31,41,1,-9,225,375,40,-1,-10,625,9,10,754.864,16,379.86400000000003,15,25
779,121,275,0,36,11,-14,11,625,0,25,14,25,0,-11,-25,165.742,11,165.742,25,0
780,625,0,0,25,25,25,25,0,0,0,-25,0,0,-25,0,150.116,25,150.116,0,0
781,625,250,0,35,25,15,25,100,0,10,-15,10,0,-25,-10,275.488,25,275.488,10,0
782,100,250,0,35,10,-15,10,625,0,25,15,25,0,-10,-25,147.78533333333334,10,147.78533333333334,25,0
783,256,240,0,31,16,1,16,225,0,15,-1,15,0,-16,-15,179.36933333333334,16,179.36933333333334,15,0
784,1,0,25,1,26,1,-24,0,0,25,-1,-25,625,24,25,11.733333333333333,1,11.733333333333333,0,25
785,4,0,50,2,27,2,-23,0,0,25,-2,-25,625,23,25,25.846666666666668,2,25.846666666666668,0,25
786,1,0,12,1,13,1,-11,0,0,12,-1,-12,144,11,12,6.144,1,6.144,0,12
787,49,0,133,7,26,7,-12,0,0,19,-7,-19,361,12,19,77.86333333333333,7,77.86333333333333,0,19
788,1,25,0,26,1,-24,1,625,0,25,24,25,0,-1,-25,12.45,1,12.45,25,0
789,625,625,0,50,25,0,25,625,0,25,0,25,0,-25,-25,463.432,25,463.432,25,0
790,625,0,0,25,25,25,25,0,0,0,-25,0,0,-25,0,149.86666666666667,25,149.86666666666667,0,0
791,1,0,25,1,26,1,-24,0,0,25,-1,-25,625,24,25,12.45,1,12.45,0,25
792,625,250,625,35,50,15,0,100,250,35,-15,-15,625,0,15,836.0566666666666,25,586.0566666666666,10,25
793,4,0,50,2,27,2,-23,0,0,25,-2,-25,625,23,25,25.424,2,25.424,0,25
794,256,256,0,32,16,0,16,256,0,16,0,16,0,-16,-16,187.10066666666665,16,187.10066666666665,16,0
795,625,225,625,34,50,16,0,81,225,34,-16,-16,625,0,16,799.828,25,574.828,9,25
796,256,240,0,31,16,1,16,225,0,15,-1,15,0,-16,-15,179.83866666666665,16,179.83866666666665,15,0
797,1,0,12,1,13,1,-11,0,0,12,-1,-12,144,11,12,5.848,1,5.848,0,12
798,121,275,275,36,36,-14,-14,625,625,50,14,0,625,14,0,927.4826666666667,11,302.48266666666666,25,25
799,625,0,625,25,50,25,0,0,0,25,-25,-25,625,0,25,460.494,25,460.494,0,25
800,100,250,0,35,10,-15,10,625,0,25,15,25,0,-10,-25,147.61333333333334,10,147.61333333333334,25,0
801,100,250,250,35,35,-15,-15,625,625,50,15,0,625,15,0,897.6666666666666,10,272.66666666666663,25,25
802,256,240,0,31,16,1,16,225,0,15,-1,15,0,-16,-15,181.34133333333332,16,181.34133333333332,15,0
803,1,25,0,26,1,-24,1,625,0,25,24,25,0,-1,-25,12.416666666666666,1,12.416666666666666,25,0
804,121,275,0,36,11,-14,11,625,0,25,14,25,0,-11,-25,165.67533333333333,11,165.67533333333333,25,0
805,625,625,0,50,25,0,25,625,0,25,0,25,0,-25,-25,462.37666666666667,25,462.37666666666667,25,0
806,625,250,625,35,50,15,0,100,250,35,-15,-15,625,0,15,838.6273333333334,25,588.6273333333334,10,25
807,100,250,0,35,10,-15,10,625,0,25,15,25,0,-10,-25,146.252,10,146.252,25,0
808,256,240,400,31,41,1,-9,225,375,40,-1,-10,625,9,10,754.96,16,379.96000000000004,15,25
809,121,275,0,36,11,-14,11,625,0,25,14,25,0,-11,-25,165.16066666666666,11,165.16066666666666,25,0
810,625,0,0,25,25,25,25,0,0,0,-25,0,0,-25,0,150.12533333333334,25,150.12533333333334,0,0
811,100,250,250,35,35,-15,-15,625,625,50,15,0,625,15,0,897.474,10,272.47400000000005,25,25
812,100,250,0,35,10,-15,10,625,0,25,15,25,0,-10,-25,146.09333333333333,10,146.09333333333333,25,0
813,256,240,400,31,41,1,-9,225,375,40,-1,-10,625,9,10,755.1826666666667,16,380.1826666666667,15,25
814,1,25,21,26,22,-24,-20,625,525,46,24,4,441,20,-4,547.9946666666667,1,22.994666666666717,25,21
815,625,0,0,25,25,25,25,0,0,0,-25,0,0,-25,0,150.10666666666665,25,150.10666666666665,0,0
816,169,0,0,13,13,13,13,0,0,0,-13,0,0,-13,0,39.022666666666666,13,39.022666666666666,0,0
817,1,25,0,26,1,-24,1,625,0,25,24,25,0,-1,-25,12.783333333333333,1,12.783333333333333,25,0
818,4,0,0,2,2,2,2,0,0,0,-2,0,0,-2,0,0.5093333333333333,2,0.5093333333333333,0,0
819,1,25,0,26,1,-24,1,625,0,25,24,25,0,-1,-25,12.233333333333333,1,12.233333333333333,25,0
820,169,0,0,13,13,13,13,0,0,0,-13,0,0,-13,0,39.093333333333334,13,39.093333333333334,0,0
821,1,0,25,1,26,1,-24,0,0,25,-1,-25,625,24,25,12.716666666666667,1,12.716666666666667,0,25
822,1,0,0,1,1,1,1,0,0,0,-1,0,0,-1,0,0.0,1,0.0,0,0
823,625,250,625,35,50,15,0,100,250,35,-15,-15,625,0,15,837.2886666666667,25,587.2886666666667,10,25
824,100,250,0,35,10,-15,10,625,0,25,15,25,0,-10,-25,146.144,10,146.144,25,0
825,625,225,625,34,50,16,0,81,225,34,-16,-16,625,0,16,799.6413333333334,25,574.6413333333334,9,25
826,625,250,0,35,25,15,25,100,0,10,-15,10,0,-25,-10,275.0373333333333,25,275.0373333333333,10,0
827,100,250,0,35,10,-15,10,625,0,25,15,25,0,-10,-25,147.52533333333332,10,147.52533333333332,25,0
828,625,225,0,34,25,16,25,81,0,9,-16,9,0,-25,-9,262.14733333333334,25,262.14733333333334,9,0
829,1,25,21,26,22,-24,-20,625,525,46,24,4,441,20,-4,547.9653333333333,1,22.96533333333332,25,21
830,121,275,275,36,36,-14,-14,625,625,50,14,0,625,14,0,927.36,11,302.36,25,25
831,625,225,0,34,25,16,25,81,0,9,-16,9,0,-25,-9,262.83866666666665,25,262.83866666666665,9,0
832,625,250,625,35,50,15,0,100,250,35,-15,-15,625,0,15,837.8,25,587.8,10,25
833,121,275,0,36,11,-14,11,625,0,25,14,25,0,-11,-25,165.76866666666666,11,165.76866666666666,25,0
834,256,240,400,31,41,1,-9,225,375,40,-1,-10,625,9,10,754.864,16,379.86400000000003,15,25
835,121,275,0,36,11,-14,11,625,0,25,14,25,0,-11,-25,165.742,11,165.742,25,0
836,625,0,0,25,25,25,25,0,0,0,-25,0,0,-25,0,150.116,25,150.116,0,0
837,625,250,0,35,25,15,25,100,0,10,-15,10,0,-25,-10,275.488,25,275.488,10,0
838,100,250,0,35,10,-15,10,625,0,25,15,25,0,-10,-25,147.78533333333334,10,147.78533333333334,25,0
839,256,240,0,31,16,1,16,225,0,15,-1,15,0,-16,-15,179.36933333333334,16,179.36933333333334,15,0
840,1,0,25,1,26,1,-24,0,0,25,-1,-25,625,24,25,11.733333333333333,1,11.733333333333333,0,25
841,4,0,50,2,27,2,-23,0,0,25,-2,-25,625,23,25,25.846666666666668,2,25.846666666666668,0,25
842,1,0,12,1,13,1,-11,0,0,12,-1,-12,144,11,12,6.144,1,6.144,0,12
843,49,0,133,7,26,7,-12,0,0,19,-7,-19,361,12,19,77.86333333333333,7,77.86333333333333,0,19
844,1,25,0,26,1,-24,1,625,0,25,24,25,0,-1,-25,12.45,1,12.45,25,0
845,625,625,0,50,25,0,25,625,0,25,0,25,0,-25,-25,463.432,25,463.432,25,0
846,625,0,0,25,25,25,25,0,0,0,-25,0,0,-25,0,149.86666666666667,25,149.86666666666667,0,0
847,1,0,25,1,26,1,-24,0,0,25,-1,-25,625,24,25,12.45,1,12.45,0,25
848,625,250,625,35,50,15,0,100,250,35,-15,-15,625,0,15,836.0566666666666,25,586.0566666666666,10,25
849,4,0,50,2,27,2,-23,0,0,25,-2,-25,625,23,25,25.424,2,25.424,0,25
850,256,256,0,32,16,0,16,256,0,16,0,16,0,-16,-16,187.10066666666665,16,187.10066666666665,16,0
851,625,225,625,34,50,16,0,81,225,34,-16,-16,625,0,16,799.828,25,574.828,9,25
852,256,240,0,31,16,1,16,225,0,15,-1,15,0,-16,-15,179.83866666666665,16,179.83866666666665,15,0
853,1,0,12,1,13,1,-11,0,0,12,-1,-12,144,11,12,5.848,1,5.848,0,12
854,121,275,275,36,36,-14,-14,625,625,50,14,0,625,14,0,927.4826666666667,11,302.48266666666666,25,25
855,625,0,625,25,50,25,0,0,0,25,-25,-25,625,0,25,460.494,25,460.494,0,25
856,100,250,0,35,10,-15,10,625,0,25,15,25,0,-10,-25,147.61333333333334,10,147.61333333333334,25,0
857,100,250,250,35,35,-15,-15,625,625,50,15,0,625,15,0,897.6666666666666,10,272.66666666666663,25,25
858,256,240,0,31,16,1,16,225,0,15,-1,15,0,-16,-15,181.34133333333332,16,181.34133333333332,15,0
859,1,25,0,26,1,-24,1,625,0,25,24,25,0,-1,-25,12.416666666666666,1,12.416666666666666,25,0
860,121,275,0,36,11,-14,11,625,0,25,14,25,0,-11,-25,165.67533333333333,11,165.67533333333333,25,0
861,625,625,0,50,25,0,25,625,0,25,0,25,0,-25,-25,462.37666666666667,25,462.37666666666667,25,0
862,625,250,625,35,50,15,0,100,250,35,-15,-15,625,0,15,838.6273333333334,25,588.6273333333334,10,25
863,100,250,0,35,10,-15,10,625,0,25,15,25,0,-10,-25,146.252,10,146.252,25,0
864,256,240,400,31,41,1,-9,225,375,40,-1,-10,625,9,10,754.96,16,379.96000000000004,15,25
865,121,275,0,36,11,-14,11,625,0,25,14,25,0,-11,-25,165.16066666666666,11,165.16066666666666,25,0
866,625,0,0,25,25,25,25,0,0,0,-25,0,0,-25,0,150.12533333333334,25,150.12533333333334,0,0
867,100,250,250,35,35,-15,-15,625,625,50,15,0,625,15,0,897.474,10,272.47400000000005,25,25
868,100,250,0,35,10,-15,10,625,0,25,15,25,0,-10,-25,146.09333333333333,10,146.09333333333333,25,0
869,256,240,400,31,41,1,-9,225,375,40,-1,-10,625,9,10,755.1826666666667,16,380.1826666666667,15,25
870,1,25,21,26,22,-24,-20,625,525,46,24,4,441,20,-4,547.9946666666667,1,22.994666666666717,25,21
871,625,0,0,25,25,25,25,0,0,0,-25,0,0,-25,0,150.10666666666665,25,150.10666666666665,0,0
872,169,0,0,13,13,13,13,0,0,0,-13,0,0,-13,0,39.022666666666666,13,39.022666666666666,0,0
873,1,25,0,26,1,-24,1,625,0,25,24,25,0,-1,-25,12.783333333333333,1,12.783333333333333,25,0
874,4,0,0,2,2,2,2,0,0,0,-2,0,0,-2,0,0.5093333333333333,2,0.5093333333333333,0,0
875,1,25,0,26,1,-24,1,625,0,25,24,25,0,-1,-25,12.233333333333333,1,12.233333333333333,25,0
876,169,0,0,13,13,13,13,0,0,0,-13,0,0,-13,0,39.093333333333334,13,39.093333333333334,0,0
877,1,0,25,1,26,1,-24,0,0,25,-1,-25,625,24,25,12.716666666666667,1,12.716666666666667,0,25
878,1,0,0,1,1,1,1,0,0,0,-1,0,0,-1,0,0.0,1,0.0,0,0
879,625,250,625,35,50,15,0,100,250,35,-15,-15,625,0,15,837.2886666666667,25,587.2886666666667,10,25
880,100,250,0,35,10,-15,10,625,0,25,15,25,0,-10,-25,146.144,10,146.144,25,0
881,625,225,625,34,50,16,0,81,225,34,-16,-16,625,0,16,799.6413333333334,25,574.6413333333334,9,25
882,625,250,0,35,25,15,25,100,0,10,-15,10,0,-25,-10,275.0373333333333,25,275.0373333333333,10,0
883,100,250,0,35,10,-15,10,625,0,25,15,25,0,-10,-25,147.52533333333332,10,147.52533333333332,25,0
884,625,225,0,34,25,16,25,81,0,9,-16,9,0,-25,-9,262.14733333333334,25,262.14733333333334,9,0
885,1,25,21,26,22,-24,-20,625,525,46,24,4,441,20,-4,547.9653333333333,1,22.96533333333332,25,21
886,121,275,275,36,36,-14,-14,625,625,50,14,0,625,14,0,927.36,11,302.36,25,25
887,625,225,0,34,25,16,25,81,0,9,-16,9,0,-25,-9,262.83866666666665,25,262.83866666666665,9,0
888,625,250,625,35,50,15,0,100,250,35,-15,-15,625,0,15,837.8,25,587.8,10,25
889,121,275,0,36,11,-14,11,625,0,25,14,25,0,-11,-25,165.76866666666666,11,165.76866666666666,25,0
890,256,240,400,31,41,1,-9,225,375,40,-1,-10,625,9,10,754.864,16,379.86400000000003,15,25
891,121,275,0,36,11,-14,11,625,0,25,14,25,0,-11,-25,165.742,11,165.742,25,0
892,625,0,0,25,25,25,25,0,0,0,-25,0,0,-25,0,150.116,25,150.116,0,0
893,625,250,0,35,25,15,25,100,0,10,-15,10,0,-25,-10,275.488,25,275.488,10,0
894,100,250,0,35,10,-15,10,625,0,25,15,25,0,-10,-25,147.78533333333334,10,147.78533333333334,25,0
895,256,240,0,31,16,1,16,225,0,15,-1,15,0,-16,-15,179.36933333333334,16,179.36933333333334,15,0
896,1,0,25,1,26,1,-24,0,0,25,-1,-25,625,24,25,11.733333333333333,1,11.733333333333333,0,25
897,4,0,50,2,27,2,-23,0,0,25,-2,-25,625,23,25,25.846666666666668,2,25.846666666666668,0,25
898,1,0,12,1,13,1,-11,0,0,12,-1,-12,144,11,12,6.144,1,6.144,0,12
899,49,0,133,7,26,7,-12,0,0,19,-7,-19,361,12,19,77.86333333333333,7,77.86333333333333,0,19
900,1,25,0,26,1,-24,1,625,0,25,24,25,0,-1,-25,12.45,1,12.45,25,0
901,625,625,0,50,25,0,25,625,0,25,0,25,0,-25,-25,463.432,25,463.432,25,0
902,625,0,0,25,25,25,25,0,0,0,-25,0,0,-25,0,149.86666666666667,25,149.86666666666667,0,0
903,1,0,25,1,26,1,-24,0,0,25,-1,-25,625,24,25,12.45,1,12.45,0,25
904,625,250,625,35,50,15,0,100,250,35,-15,-15,625,0,15,836.0566666666666,25,586.0566666666666,10,25
905,4,0,50,2,27,2,-23,0,0,25,-2,-25,625,23,25,25.424,2,25.424,0,25
906,256,256,0,32,16,0,16,256,0,16,0,16,0,-16,-16,187.10066666666665,16,187.10066666666665,16,0
907,625,225,625,34,50,16,0,81,225,34,-16,-16,625,0,16,799.828,25,574.828,9,25
908,256,240,0,31,16,1,16,225,0,15,-1,15,0,-16,-15,179.83866666666665,16,179.83866666666665,15,0
909,1,0,12,1,13,1,-11,0,0,12,-1,-12,144,11,12,5.848,1,5.848,0,12
910,121,275,275,36,36,-14,-14,625,625,50,14,0,625,14,0,927.4826666666667,11,302.48266666666666,25,25
911,625,0,625,25,50,25,0,0,0,25,-25,-25,625,0,25,460.494,25,460.494,0,25
912,100,250,0,35,10,-15,10,625,0,25,15,25,0,-10,-25,147.61333333333334,10,147.61333333333334,25,0
913,100,250,250,35,35,-15,-15,625,625,50,15,0,625,15,0,897.6666666666666,10,272.66666666666663,25,25
914,256,240,0,31,16,1,16,225,0,15,-1,15,0,-16,-15,181.34133333333332,16,181.34133333333332,15,0
915,1,25,0,26,1,-24,1,625,0,25,24,25,0,-1,-25,12.416666666666666,1,12.416666666666666,25,0
916,121,275,0,36,11,-14,11,625,0,25,14,25,0,-11,-25,165.67533333333333,11,165.67533333333333,25,0
917,625,625,0,50,25,0,25,625,0,25,0,25,0,-25,-25,462.37666666666667,25,462.37666666666667,25,0
918,625,250,625,35,50,15,0,100,250,35,-15,-15,625,0,15,838.6273333333334,25,588.6273333333334,10,25
919,100,250,0,35,10,-15,10,625,0,25,15,25,0,-10,-25,146.252,10,146.252,25,0
920,256,240,400,31,41,1,-9,225,375,40,-1,-10,625,9,10,754.96,16,379.96000000000004,15,25
921,121,275,0,36,11,-14,11,625,0,25,14,25,0,-11,-25,165.16066666666666,11,165.16066666666666,25,0
922,625,0,0,25,25,25,25,0,0,0,-25,0,0,-25,0,150.12533333333334,25,150.12533333333334,0,0
923,100,250,250,35,35,-15,-15,625,625,50,15,0,625,15,0,897.474,10,272.47400000000005,25,25
924,100,250,0,35,10,-15,10,625,0,25,15,25,0,-10,-25,146.09333333333333,10,146.09333333333333,25,0
925,256,240,400,31,41,1,-9,225,375,40,-1,-10,625,9,10,755.1826666666667,16,380.1826666666667,15,25
926,1,25,21,26,22,-24,-20,625,525,46,24,4,441,20,-4,547.9946666666667,1,22.994666666666717,25,21
927,625,0,0,25,25,25,25,0,0,0,-25,0,0,-25,0,150.10666666666665,25,150.10666666666665,0,0
928,169,0,0,13,13,13,13,0,0,0,-13,0,0,-13,0,39.022666666666666,13,39.022666666666666,0,0
929,1,25,0,26,1,-24,1,625,0,25,24,25,0,-1,-25,12.783333333333333,1,12.783333333333333,25,0
930,4,0,0,2,2,2,2,0,0,0,-2,0,0,-2,0,0.5093333333333333,2,0.5093333333333333,0,0
931,1,25,0,26,1,-24,1,625,0,25,24,25,0,-1,-25,12.233333333333333,1,12.233333333333333,25,0
932,169,0,0,13,13,13,13,0,0,0,-13,0,0,-13,0,39.093333333333334,13,39.093333333333334,0,0
933,1,0,25,1,26,1,-24,0,0,25,-1,-25,625,24,25,12.716666666666667,1,12.716666666666667,0,25
934,1,0,0,1,1,1,1,0,0,0,-1,0,0,-1,0,0.0,1,0.0,0,0
935,625,250,625,35,50,15,0,100,250,35,-15,-15,625,0,15,837.2886666666667,25,587.2886666666667,10,25
936,100,250,0,35,10,-15,10,625,0,25,15,25,0,-10,-25,146.144,10,146.144,25,0
937,625,225,625,34,50,16,0,81,225,34,-16,-16,625,0,16,799.6413333333334,25,574.6413333333334,9,25
938,625,250,0,35,25,15,25,100,0,10,-15,10,0,-25,-10,275.0373333333333,25,275.0373333333333,10,0
939,100,250,0,35,10,-15,10,625,0,25,15,25,0,-10,-25,147.52533333333332,10,147.52533333333332,25,0
940,625,225,0,34,25,16,25,81,0,9,-16,9,0,-25,-9,262.14733333333334,25,262.14733333333334,9,0
941,1,25,21,26,22,-24,-20,625,525,46,24,4,441,20,-4,547.9653333333333,1,22.96533333333332,25,21
942,121,275,275,36,36,-14,-14,625,625,50,14,0,625,14,0,927.36,11,302.36,25,25
943,625,225,0,34,25,16,25,81,0,9,-16,9,0,-25,-9,262.83866666666665,25,262.83866666666665,9,0
944,625,250,625,35,50,15,0,100,250,35,-15,-15,625,0,15,837.8,25,587.8,10,25
945,121,275,0,36,11,-14,11,625,0,25,14,25,0,-11,-25,165.76866666666666,11,165.76866666666666,25,0
946,256,240,400,31,41,1,-9,225,375,40,-1,-10,625,9,10,754.864,16,379.86400000000003,15,25
947,121,275,0,36,11,-14,11,625,0,25,14,25,0,-11,-25,165.742,11,165.742,25,0
948,625,0,0,25,25,25,25,0,0,0,-25,0,0,-25,0,150.116,25,150.116,0,0
949,625,250,0,35,25,15,25,100,0,10,-15,10,0,-25,-10,275.488,25,275.488,10,0
950,100,250,0,35,10,-15,10,625,0,25,15,25,0,-10,-25,147.78533333333334,10,147.78533333333334,25,0
951,256,240,0,31,16,1,16,225,0,15,-1,15,0,-16,-15,179.36933333333334,16,179.36933333333334,15,0
952,1,0,25,1,26,1,-24,0,0,25,-1,-25,625,24,25,11.733333333333333,1,11.733333333333333,0,25
953,4,0,50,2,27,2,-23,0,0,25,-2,-25,625,23,25,25.846666666666668,2,25.846666666666668,0,25
954,1,0,12,1,13,1,-11,0,0,12,-1,-12,144,11,12,6.144,1,6.144,0,12
955,49,0,133,7,26,7,-12,0,0,19,-7,-19,361,12,19,77.86333333333333,7,77.86333333333333,0,19
956,1,25,0,26,1,-24,1,625,0,25,24,25,0,-1,-25,12.45,1,12.45,25,0
957,625,625,0,50,25,0,25,625,0,25,0,25,0,-25,-25,463.432,25,463.432,25,0
958,625,0,0,25,25,25,25,0,0,0,-25,0,0,-25,0,149.86666666666667,25,149.86666666666667,0,0
959,1,0,25,1,26,1,-24,0,0,25,-1,-25,625,24,25,12.45,1,12.45,0,25
960,625,250,625,35,50,15,0,100,250,35,-15,-15,625,0,15,836.0566666666666,25,586.0566666666666,10,25
961,4,0,50,2,27,2,-23,0,0,25,-2,-25,625,23,25,25.424,2,25.424,0,25
962,256,256,0,32,16,0,16,256,0,16,0,16,0,-16,-16,187.10066666666665,16,187.10066666666665,16,0
963,625,225,625,34,50,16,0,81,225,34,-16,-16,625,0,16,799.828,25,574.828,9,25
964,256,240,0,31,16,1,16,225,0,15,-1,15,0,-16,-15,179.83866666666665,16,179.83866666666665,15,0
965,1,0,12,1,13,1,-11,0,0,12,-1,-12,144,11,12,5.848,1,5.848,0,12
966,121,275,275,36,36,-14,-14,625,625,50,14,0,625,14,0,927.4826666666667,11,302.48266666666666,25,25
967,625,0,625,25,50,25,0,0,0,25,-25,-25,625,0,25,460.494,25,460.494,0,25
968,100,250,0,35,10,-15,10,625,0,25,15,25,0,-10,-25,147.61333333333334,10,147.61333333333334,25,0
969,100,250,250,35,35,-15,-15,625,625,50,15,0,625,15,0,897.6666666666666,10,272.66666666666663,25,25
970,256,240,0,31,16,1,16,225,0,15,-1,15,0,-16,-15,181.34133333333332,16,181.34133333333332,15,0
971,1,25,0,26,1,-24,1,625,0,25,24,25,0,-1,-25,12.416666666666666,1,12.416666666666666,25,0
972,121,275,0,36,11,-14,11,625,0,25,14,25,0,-11,-25,165.67533333333333,11,165.67533333333333,25,0
973,625,625,0,50,25,0,25,625,0,25,0,25,0,-25,-25,462.37666666666667,25,462.37666666666667,25,0
974,625,250,625,35,50,15,0,100,250,35,-15,-15,625,0,15,838.6273333333334,25,588.6273333333334,10,25
975,100,250,0,35,10,-15,10,625,0,25,15,25,0,-10,-25,146.252,10,146.252,25,0
976,256,240,400,31,41,1,-9,225,375,40,-1,-10,625,9,10,754.96,16,379.96000000000004,15,25
977,121,275,0,36,11,-14,11,625,0,25,14,25,0,-11,-25,165.16066666666666,11,165.16066666666666,25,0
978,625,0,0,25,25,25,25,0,0,0,-25,0,0,-25,0,150.12533333333334,25,150.12533333333334,0,0
979,100,250,250,35,35,-15,-15,625,625,50,15,0,625,15,0,897.474,10,272.47400000000005,25,25
980,100,250,0,35,10,-15,10,625,0,25,15,25,0,-10,-25,146.09333333333333,10,146.09333333333333,25,0
981,256,240,400,31,41,1,-9,225,375,40,-1,-10,625,9,10,755.1826666666667,16,380.1826666666667,15,25
982,1,25,21,26,22,-24,-20,625,525,46,24,4,441,20,-4,547.9946666666667,1,22.994666666666717,25,21
983,625,0,0,25,25,25,25,0,0,0,-25,0,0,-25,0,150.10666666666665,25,150.10666666666665,0,0
984,169,0,0,13,13,13,13,0,0,0,-13,0,0,-13,0,39.022666666666666,13,39.022666666666666,0,0
985,1,25,0,26,1,-24,1,625,0,25,24,25,0,-1,-25,12.783333333333333,1,12.783333333333333,25,0
986,4,0,0,2,2,2,2,0,0,0,-2,0,0,-2,0,0.5093333333333333,2,0.5093333333333333,0,0
987,1,25,0,26,1,-24,1,625,0,25,24,25,0,-1,-25,12.233333333333333,1,12.233333333333333,25,0
988,169,0,0,13,13,13,13,0,0,0,-13,0,0,-13,0,39.093333333333334,13,39.093333333333334,0,0
989,1,0,25,1,26,1,-24,0,0,25,-1,-25,625,24,25,12.716666666666667,1,12.716666666666667,0,25
990,1,0,0,1,1,1,1,0,0,0,-1,0,0,-1,0,0.0,1,0.0,0,0
991,625,250,625,35,50,15,0,100,250,35,-15,-15,625,0,15,837.2886666666667,25,587.2886666666667,10,25
992,100,250,0,35,10,-15,10,625,0,25,15,25,0,-10,-25,146.144,10,146.144,25,0
993,625,225,625,34,50,16,0,81,225,34,-16,-16,625,0,16,799.6413333333334,25,574.6413333333334,9,25
994,625,250,0,35,25,15,25,100,0,10,-15,10,0,-25,-10,275.0373333333333,25,275.0373333333333,10,0
995,100,250,0,35,10,-15,10,625,0,25,15,25,0,-10,-25,147.52533333333332,10,147.52533333333332,25,0
996,625,225,0,34,25,16,25,81,0,9,-16,9,0,-25,-9,262.14733333333334,25,262.14733333333334,9,0
997,1,25,21,26,22,-24,-20,625,525,46,24,4,441,20,-4,547.9653333333333,1,22.96533333333332,25,21
998,121,275,275,36,36,-14,-14,625,625,50,14,0,625,14,0,927.36,11,302.36,25,25
999,625,225,0,34,25,16,25,81,0,9,-16,9,0,-25,-9,262.83866666666665,25,262.83866666666665,9,0
1000,625,250,625,35,50,15,0,100,250,35,-15,-15,625,0,15,837.8,25,587.8,10,25
1001,121,275,0,36,11,-14,11,625,0,25,14,25,0,-11,-25,165.76866666666666,11,165.76866666666666,25,0
1002,256,240,400,31,41,1,-9,225,375,40,-1,-10,625,9,10,754.864,16,379.86400000000003,15,25
1003,121,275,0,36,11,-14,11,625,0,25,14,25,0,-11,-25,165.742,11,165.742,25,0
1004,625,0,0,25,25,25,25,0,0,0,-25,0,0,-25,0,150.116,25,150.116,0,0
1005,625,250,0,35,25,15,25,100,0,10,-15,10,0,-25,-10,275.488,25,275.488,10,0
1006,100,250,0,35,10,-15,10,625,0,25,15,25,0,-10,-25,147.78533333333334,10,147.78533333333334,25,0
1007,256,240,0,31,16,1,16,225,0,15,-1,15,0,-16,-15,179.36933333333334,16,179.36933333333334,15,0
1008,1,0,25,1,26,1,-24,0,0,25,-1,-25,625,24,25,11.733333333333333,1,11.733333333333333,0,25
1009,4,0,50,2,27,2,-23,0,0,25,-2,-25,625,23,25,25.846666666666668,2,25.846666666666668,0,25
1010,1,0,12,1,13,1,-11,0,0,12,-1,-12,144,11,12,6.144,1,6.144,0,12
1011,49,0,133,7,26,7,-12,0,0,19,-7,-19,361,12,19,77.86333333333333,7,77.86333333333333,0,19
1012,1,25,0,26,1,-24,1,625,0,25,24,25,0,-1,-25,12.45,1,12.45,25,0
1013,625,625,0,50,25,0,25,625,0,25,0,25,0,-25,-25,463.432,25,463.432,25,0
1014,625,0,0,25,25,25,25,0,0,0,-25,0,0,-25,0,149.86666666666667,25,149.86666666666667,0,0
1015,1,0,25,1,26,1,-24,0,0,25,-1,-25,625,24,25,12.45,1,12.45,0,25
1016,625,250,625,35,50,15,0,100,250,35,-15,-15,625,0,15,836.0566666666666,25,586.0566666666666,10,25
1017,4,0,50,2,27,2,-23,0,0,25,-2,-25,625,23,25,25.424,2,25.424,0,25
1018,256,256,0,32,16,0,16,256,0,16,0,16,0,-16,-16,187.10066666666665,16,187.10066666666665,16,0
1019,625,225,625,34,50,16,0,81,225,34,-16,-16,625,0,16,799.828,25,574.828,9,25
1020,256,240,0,31,16,1,16,225,0,15,-1,15,0,-16,-15,179.83866666666665,16,179.83866666666665,15,0
1021,1,0,12,1,13,1,-11,0,0,12,-1,-12,144,11,12,5.848,1,5.848,0,12
1022,121,275,275,36,36,-14,-14,625,625,50,14,0,625,14,0,927.4826666666667,11,302.48266666666666,25,25
1023,625,0,625,25,50,25,0,0,0,25,-25,-25,625,0,25,460.494,25,460.494,0,25
1024,100,250,0,35,10,-15,10,625,0,25,15,25,0,-10,-25,147.61333333333334,10,147.61333333333334,25,0
1025,100,250,250,35,35,-15,-15,625,625,50,15,0,625,15,0,897.6666666666666,10,272.66666666666663,25,25
1026,256,240,0,31,16,1,16,225,0,15,-1,15,0,-16,-15,181.34133333333332,16,181.34133333333332,15,0
1027,1,25,0,26,1,-24,1,625,0,25,24,25,0,-1,-25,12.416666666666666,1,12.416666666666666,25,0
1028,121,275,0,36,11,-14,11,625,0,25,14,25,0,-11,-25,165.67533333333333,11,165.67533333333333,25,0
1029,625,625,0,50,25,0,25,625,0,25,0,25,0,-25,-25,462.37666666666667,25,462.37666666666667,25,0
1030,625,250,625,35,50,15,0,100,250,35,-15,-15,625,0,15,838.6273333333334,25,588.6273333333334,10,25
1031,100,250,0,35,10,-15,10,625,0,25,15,25,0,-10,-25,146.252,10,146.252,25,0
1032,256,240,400,31,41,1,-9,225,375,40,-1,-10,625,9,10,754.96,16,379.96000000000004,15,25
1033,121,275,0,36,11,-14,11,625,0,25,14,25,0,-11,-25,165.16066666666666,11,165.16066666666666,25,0
1034,625,0,0,25,25,25,25,0,0,0,-25,0,0,-25,0,150.12533333333334,25,150.12533333333334,0,0
1035,100,250,250,35,35,-15,-15,625,625,50,15,0,625,15,0,897.474,10,272.47400000000005,25,25
1036,100,250,0,35,10,-15,10,625,0,25,15,25,0,-10,-25,146.09333333333333,10,146.09333333333333,25,0
1037,256,240,400,31,41,1,-9,225,375,40,-1,-10,625,9,10,755.1826666666667,16,380.1826666666667,15,25
1038,1,25,21,26,22,-24,-20,625,525,46,24,4,441,20,-4,547.9946666666667,1,22.994666666666717,25,21
1039,625,0,0,25,25,25,25,0,0,0,-25,0,0,-25,0,150.10666666666665,25,150.10666666666665,0,0
1040,169,0,0,13,13,13,13,0,0,0,-13,0,0,-13,0,39.022666666666666,13,39.022666666666666,0,0
1041,1,25,0,26,1,-24,1,625,0,25,24,25,0,-1,-25,12.783333333333333,1,12.783333333333333,25,0
1042,4,0,0,2,2,2,2,0,0,0,-2,0,0,-2,0,0.5093333333333333,2,0.5093333333333333,0,0
1043,1,25,0,26,1,-24,1,625,0,25,24,25,0,-1,-25,12.233333333333333,1,12.233333333333333,25,0
1044,169,0,0,13,13,13,13,0,0,0,-13,0,0,-13,0,39.093333333333334,13,39.093333333333334,0,0
1045,1,0,25,1,26,1,-24,0,0,25,-1,-25,625,24,25,12.716666666666667,1,12.716666666666667,0,25
1046,1,0,0,1,1,1,1,0,0,0,-1,0,0,-1,0,0.0,1,0.0,0,0
1047,625,250,625,35,50,15,0,100,250,35,-15,-15,625,0,15,837.2886666666667,25,587.2886666666667,10,25
1048,100,250,0,35,10,-15,10,625,0,25,15,25,0,-10,-25,146.144,10,146.144,25,0
1049,625,225,625,34,50,16,0,81,225,34,-16,-16,625,0,16,799.6413333333334,25,574.6413333333334,9,25
1050,625,250,0,35,25,15,25,100,0,10,-15,10,0,-25,-10,275.0373333333333,25,275.0373333333333,10,0
1051,100,250,0,35,10,-15,10,625,0,25,15,25,0,-10,-25,147.52533333333332,10,147.52533333333332,25,0
1052,625,225,0,34,25,16,25,81,0,9,-16,9,0,-25,-9,262.14733333333334,25,262.14733333333334,9,0
1053,1,25,21,26,22,-24,-20,625,525,46,24,4,441,20,-4,547.9653333333333,1,22.96533333333332,25,21
1054,121,275,275,36,36,-14,-14,625,625,50,14,0,625,14,0,927.36,11,302.36,25,25
1055,625,225,0,34,25,16,25,81,0,9,-16,9,0,-25,-9,262.83866666666665,25,262.83866666666665,9,0
1056,625,250,625,35,50,15,0,100,250,35,-15,-15,625,0,15,837.8,25,587.8,10,25
1057,121,275,0,36,11,-14,11,625,0,25,14,25,0,-11,-25,165.76866666666666,11,165.76866666666666,25,0
1058,256,240,400,31,41,1,-9,225,375,40,-1,-10,625,9,10,754.864,16,379.86400000000003,15,25
1059,121,275,0,36,11,-14,11,625,0,25,14,25,0,-11,-25,165.742,11,165.742,25,0
1060,625,0,0,25,25,25,25,0,0,0,-25,0,0,-25,0,150.116,25,150.116,0,0
1061,625,250,0,35,25,15,25,100,0,10,-15,10,0,-25,-10,275.488,25,275.488,10,0
1062,100,250,0,35,10,-15,10,625,0,25,15,25,0,-10,-25,147.78533333333334,10,147.78533333333334,25,0
1063,256,240,0,31,16,1,16,225,0,15,-1,15,0,-16,-15,179.36933333333334,16,179.36933333333334,15,0
1064,1,0,25,1,26,1,-24,0,0,25,-1,-25,625,24,25,11.733333333333333,1,11.733333333333333,0,25
1065,4,0,50,2,27,2,-23,0,0,25,-2,-25,625,23,25,25.846666666666668,2,25.846666666666668,0,25
1066,1,0,12,1,13,1,-11,0,0,12,-1,-12,144,11,12,6.144,1,6.144,0,12
1067,49,0,133,7,26,7,-12,0,0,19,-7,-19,361,12,19,77.86333333333333,7,77.86333333333333,0,19
1068,1,25,0,26,1,-24,1,625,0,25,24,25,0,-1,-25,12.45,1,12.45,25,0
1069,625,625,0,50,25,0,25,625,0,25,0,25,0,-25,-25,463.432,25,463.432,25,0
1070,625,0,0,25,25,25,25,0,0,0,-25,0,0,-25,0,149.86666666666667,25,149.86666666666667,0,0
1071,1,0,25,1,26,1,-24,0,0,25,-1,-25,625,24,25,12.45,1,12.45,0,25
1072,625,250,625,35,50,15,0,100,250,35,-15,-15,625,0,15,836.0566666666666,25,586.0566666666666,10,25
1073,4,0,50,2,27,2,-23,0,0,25,-2,-25,625,23,25,25.424,2,25.424,0,25
1074,256,256,0,32,16,0,16,256,0,16,0,16,0,-16,-16,187.10066666666665,16,187.10066666666665,16,0
1075,625,225,625,34,50,16,0,81,225,34,-16,-16,625,0,16,799.828,25,574.828,9,25
1076,256,240,0,31,16,1,16,225,0,15,-1,15,0,-16,-15,179.83866666666665,16,179.83866666666665,15,0
1077,1,0,12,1,13,1,-11,0,0,12,-1,-12,144,11,12,5.848,1,5.848,0,12
1078,121,275,275,36,36,-14,-14,625,625,50,14,0,625,14,0,927.4826666666667,11,302.48266666666666,25,25
1079,625,0,625,25,50,25,0,0,0,25,-25,-25,625,0,25,460.494,25,460.494,0,25
1080,100,250,0,35,10,-15,10,625,0,25,15,25,0,-10,-25,147.61333333333334,10,147.61333333333334,25,0
1081,100,250,250,35,35,-15,-15,625,625,50,15,0,625,15,0,897.6666666666666,10,272.66666666666663,25,25
1082,256,240,0,31,16,1,16,225,0,15,-1,15,0,-16,-15,181.34133333333332,16,181.34133333333332,15,0
1083,1,25,0,26,1,-24,1,625,0,25,24,25,0,-1,-25,12.416666666666666,1,12.416666666666666,25,0
1084,121,275,0,36,11,-14,11,625,0,25,14,25,0,-11,-25,165.67533333333333,11,165.67533333333333,25,0
1085,625,625,0,50,25,0,25,625,0,25,0,25,0,-25,-25,462.37666666666667,25,462.37666666666667,25,0
1086,625,250,625,35,50,15,0,100,250,35,-15,-15,625,0,15,838.6273333333334,25,588.6273333333334,10,25
1087,100,250,0,35,10,-15,10,625,0,25,15,25,0,-10,-25,146.252,10,146.252,25,0
1088,256,240,400,31,41,1,-9,225,375,40,-1,-10,625,9,10,754.96,16,379.96000000000004,15,25
1089,121,275,0,36,11,-14,11,625,0,25,14,25,0,-11,-25,165.16066666666666,11,165.16066666666666,25,0
1090,625,0,0,25,25,25,25,0,0,0,-25,0,0,-25,0,150.12533333333334,25,150.12533333333334,0,0
1091,100,250,250,35,35,-15,-15,625,625,50,15,0,625,15,0,897.474,10,272.47400000000005,25,25
1092,100,250,0,35,10,-15,10,625,0,25,15,25,0,-10,-25,146.09333333333333,10,146.09333333333333,25,0
1093,256,240,400,31,41,1,-9,225,375,40,-1,-10,625,9,10,755.1826666666667,16,380.1826666666667,15,25
1094,1,25,21,26,22,-24,-20,625,525,46,24,4,441,20,-4,547.9946666666667,1,22.994666666666717,25,21
1095,625,0,0,25,25,25,25,0,0,0,-25,0,0,-25,0,150.10666666666665,25,150.10666666666665,0,0
1096,169,0,0,13,13,13,13,0,0,0,-13,0,0,-13,0,39.022666666666666,13,39.022666666666666,0,0
1097,1,25,0,26,1,-24,1,625,0,25,24,25,0,-1,-25,12.783333333333333,1,12.783333333333333,25,0
1098,4,0,0,2,2,2,2,0,0,0,-2,0,0,-2,0,0.5093333333333333,2,0.5093333333333333,0,0
1099,1,25,0,26,1,-24,1,625,0,25,24,25,0,-1,-25,12.233333333333333,1,12.233333333333333,25,0
1100,169,0,0,13,13,13,13,0,0,0,-13,0,0,-13,0,39.093333333333334,13,39.093333333333334,0,0
1101,1,0,25,1,26,1,-24,0,0,25,-1,-25,625,24,25,12.716666666666667,1,12.716666666666667,0,25
1102,1,0,0,1,1,1,1,0,0,0,-1,0,0,-1,0,0.0,1,0.0,0,0
1103,625,250,625,35,50,15,0,100,250,35,-15,-15,625,0,15,837.2886666666667,25,587.2886666666667,10,25
1104,100,250,0,35,10,-15,10,625,0,25,15,25,0,-10,-25,146.144,10,146.144,25,0
1105,625,225,625,34,50,16,0,81,225,34,-16,-16,625,0,16,799.6413333333334,25,574.6413333333334,9,25
1106,625,250,0,35,25,15,25,100,0,10,-15,10,0,-25,-10,275.0373333333333,25,275.0373333333333,10,0
1107,100,250,0,35,10,-15,10,625,0,25,15,25,0,-10,-25,147.52533333333332,10,147.52533333333332,25,0
1108,625,225,0,34,25,16,25,81,0,9,-16,9,0,-25,-9,262.14733333333334,25,262.14733333333334,9,0
1109,1,25,21,26,22,-24,-20,625,525,46,24,4,441,20,-4,547.9653333333333,1,22.96533333333332,25,21
1110,121,275,275,36,36,-14,-14,625,625,50,14,0,625,14,0,927.36,11,302.36,25,25
1111,625,225,0,34,25,16,25,81,0,9,-16,9,0,-25,-9,262.83866666666665,25,262.83866666666665,9,0
1112,625,250,625,35,50,15,0,100,250,35,-15,-15,625,0,15,837.8,25,587.8,10,25
1113,121,275,0,36,11,-14,11,625,0,25,14,25,0,-11,-25,165.76866666666666,11,165.76866666666666,25,0
1114,256,240,400,31,41,1,-9,225,375,40,-1,-10,625,9,10,754.864,16,379.86400000000003,15,25
1115,121,275,0,36,11,-14,11,625,0,25,14,25,0,-11,-25,165.742,11,165.742,25,0
1116,625,0,0,25,25,25,25,0,0,0,-25,0,0,-25,0,150.116,25,150.116,0,0
1117,625,250,0,35,25,15,25,100,0,10,-15,10,0,-25,-10,275.488,25,275.488,10,0
1118,100,250,0,35,10,-15,10,625,0,25,15,25,0,-10,-25,147.78533333333334,10,147.78533333333334,25,0
1119,256,240,0,31,16,1,16,225,0,15,-1,15,0,-16,-15,179.36933333333334,16,179.36933333333334,15,0
1120,1,0,25,1,26,1,-24,0,0,25,-1,-25,625,24,25,11.733333333333333,1,11.733333333333333,0,25
1121,4,0,50,2,27,2,-23,0,0,25,-2,-25,625,23,25,25.846666666666668,2,25.846666666666668,0,25
1122,1,0,12,1,13,1,-11,0,0,12,-1,-12,144,11,12,6.144,1,6.144,0,12
1123,49,0,133,7,26,7,-12,0,0,19,-7,-19,361,12,19,77.86333333333333,7,77.86333333333333,0,19
1124,1,25,0,26,1,-24,1,625,0,25,24,25,0,-1,-25,12.45,1,12.45,25,0
1125,625,625,0,50,25,0,25,625,0,25,0,25,0,-25,-25,463.432,25,463.432,25,0
1126,625,0,0,25,25,25,25,0,0,0,-25,0,0,-25,0,149.86666666666667,25,149.86666666666667,0,0
1127,1,0,25,1,26,1,-24,0,0,25,-1,-25,625,24,25,12.45,1,12.45,0,25
1128,625,250,625,35,50,15,0,100,250,35,-15,-15,625,0,15,836.0566666666666,25,586.0566666666666,10,25
1129,4,0,50,2,27,2,-23,0,0,25,-2,-25,625,23,25,25.424,2,25.424,0,25
1130,256,256,0,32,16,0,16,256,0,16,0,16,0,-16,-16,187.10066666666665,16,187.10066666666665,16,0
1131,625,225,625,34,50,16,0,81,225,34,-16,-16,625,0,16,799.828,25,574.828,9,25
1132,256,240,0,31,16,1,16,225,0,15,-1,15,0,-16,-15,179.83866666666665,16,179.83866666666665,15,0
1133,1,0,12,1,13,1,-11,0,0,12,-1,-12,144,11,12,5.848,1,5.848,0,12
1134,121,275,275,36,36,-14,-14,625,625,50,14,0,625,14,0,927.4826666666667,11,302.48266666666666,25,25
1135,625,0,625,25,50,25,0,0,0,25,-25,-25,625,0,25,460.494,25,460.494,0,25
1136,100,250,0,35,10,-15,10,625,0,25,15,25,0,-10,-25,147.61333333333334,10,147.61333333333334,25,0
1137,100,250,250,35,35,-15,-15,625,625,50,15,0,625,15,0,897.6666666666666,10,272.66666666666663,25,25
1138,256,240,0,31,16,1,16,225,0,15,-1,15,0,-16,-15,181.34133333333332,16,181.34133333333332,15,0
1139,1,25,0,26,1,-24,1,625,0,25,24,25,0,-1,-25,12.416666666666666,1,12.416666666666666,25,0
1140,121,275,0,36,11,-14,11,625,0,25,14,25,0,-11,-25,165.67533333333333,11,165.67533333333333,25,0
1141,625,625,0,50,25,0,25,625,0,25,0,25,0,-25,-25,462.37666666666667,25,462.37666666666667,25,0
1142,625,250,625,35,50,15,0,100,250,35,-15,-15,625,0,15,838.6273333333334,25,588.6273333333334,10,25
1143,100,250,0,35,10,-15,10,625,0,25,15,25,0,-10,-25,146.252,10,146.252,25,0
1144,256,240,400,31,41,1,-9,225,375,40,-1,-10,625,9,10,754.96,16,379.96000000000004,15,25
1145,121,275,0,36,11,-14,11,625,0,25,14,25,0,-11,-25,165.16066666666666,11,165.16066666666666,25,0
1146,625,0,0,25,25,25,25,0,0,0,-25,0,0,-25,0,150.12533333333334,25,150.12533333333334,0,0
1147,100,250,250,35,35,-15,-15,625,625,50,15,0,625,15,0,897.474,10,272.47400000000005,25,25
1148,100,250,0,35,10,-15,10,625,0,25,15,25,0,-10,-25,146.09333333333333,10,146.09333333333333,25,0
1149,256,240,400,31,41,1,-9,225,375,40,-1,-10,625,9,10,755.1826666666667,16,380.1826666666667,15,25
1150,1,25,21,26,22,-24,-20,625,525,46,24,4,441,20,-4,547.9946666666667,1,22.994666666666717,25,21
1151,625,0,0,25,25,25,25,0,0,0,-25,0,0,-25,0,150.10666666666665,25,150.10666666666665,0,0
1152,169,0,0,13,13,13,13,0,0,0,-13,0,0,-13,0,39.022666666666666,13,39.022666666666666,0,0
1153,1,25,0,26,1,-24,1,625,0,25,24,25,0,-1,-25,12.783333333333333,1,12.783333333333333,25,0
1154,4,0,0,2,2,2,2,0,0,0,-2,0,0,-2,0,0.5093333333333333,2,0.5093333333333333,0,0
1155,1,25,0,26,1,-24,1,625,0,25,24,25,0,-1,-25,12.233333333333333,1,12.233333333333333,25,0
1156,169,0,0,13,13,13,13,0,0,0,-13,0,0,-13,0,39.093333333333334,13,39.093333333333334,0,0
1157,1,0,25,1,26,1,-24,0,0,25,-1,-25,625,24,25,12.716666666666667,1,12.716666666666667,0,25
1158,1,0,0,1,1,1,1,0,0,0,-1,0,0,-1,0,0.0,1,0.0,0,0
1159,625,250,625,35,50,15,0,100,250,35,-15,-15,625,0,15,837.2886666666667,25,587.2886666666667,10,25
1160,100,250,0,35,10,-15,10,625,0,25,15,25,0,-10,-25,146.144,10,146.144,25,0
1161,625,225,625,34,50,16,0,81,225,34,-16,-16,625,0,16,799.6413333333334,25,574.6413333333334,9,25
1162,625,250,0,35,25,15,25,100,0,10,-15,10,0,-25,-10,275.0373333333333,25,275.0373333333333,10,0
1163,100,250,0,35,10,-15,10,625,0,25,15,25,0,-10,-25,147.52533333333332,10,147.52533333333332,25,0
1164,625,225,0,34,25,16,25,81,0,9,-16,9,0,-25,-9,262.14733333333334,25,262.14733333333334,9,0
1165,1,25,21,26,22,-24,-20,625,525,46,24,4,441,20,-4,547.9653333333333,1,22.96533333333332,25,21
1166,121,275,275,36,36,-14,-14,625,625,50,14,0,625,14,0,927.36,11,302.36,25,25
1167,625,225,0,34,25,16,25,81,0,9,-16,9,0,-25,-9,262.83866666666665,25,262.83866666666665,9,0
1168,625,250,625,35,50,15,0,100,250,35,-15,-15,625,0,15,837.8,25,587.8,10,25
1169,121,275,0,36,11,-14,11,625,0,25,14,25,0,-11,-25,165.76866666666666,11,165.76866666666666,25,0
1170,256,240,400,31,41,1,-9,225,375,40,-1,-10,625,9,10,754.864,16,379.86400000000003,15,25
1171,121,275,0,36,11,-14,11,625,0,25,14,25,0,-11,-25,165.742,11,165.742,25,0
1172,625,0,0,25,25,25,25,0,0,0,-25,0,0,-25,0,150.116,25,150.116,0,0
1173,625,250,0,35,25,15,25,100,0,10,-15,10,0,-25,-10,275.488,25,275.488,10,0
1174,100,250,0,35,10,-15,10,625,0,25,15,25,0,-10,-25,147.78533333333334,10,147.78533333333334,25,0
1175,256,240,0,31,16,1,16,225,0,15,-1,15,0,-16,-15,179.36933333333334,16,179.36933333333334,15,0
1176,1,0,25,1,26,1,-24,0,0,25,-1,-25,625,24,25,11.733333333333333,1,11.733333333333333,0,25
1177,4,0,50,2,27,2,-23,0,0,25,-2,-25,625,23,25,25.846666666666668,2,25.846666666666668,0,25
1178,1,0,12,1,13,1,-11,0,0,12,-1,-12,144,11,12,6.144,1,6.144,0,12
1179,49,0,133,7,26,7,-12,0,0,19,-7,-19,361,12,19,77.86333333333333,7,77.86333333333333,0,19
1180,1,25,0,26,1,-24,1,625,0,25,24,25,0,-1,-25,12.45,1,12.45,25,0
1181,625,625,0,50,25,0,25,625,0,25,0,25,0,-25,-25,463.432,25,463.432,25,0
1182,625,0,0,25,25,25,25,0,0,0,-25,0,0,-25,0,149.86666666666667,25,149.86666666666667,0,0
1183,1,0,25,1,26,1,-24,0,0,25,-1,-25,625,24,25,12.45,1,12.45,0,25
1184,625,250,625,35,50,15,0,100,250,35,-15,-15,625,0,15,836.0566666666666,25,586.0566666666666,10,25
1185,4,0,50,2,27,2,-23,0,0,25,-2,-25,625,23,25,25.424,2,25.424,0,25
1186,256,256,0,32,16,0,16,256,0,16,0,16,0,-16,-16,187.10066666666665,16,187.10066666666665,16,0
1187,625,225,625,34,50,16,0,81,225,34,-16,-16,625,0,16,799.828,25,574.828,9,25
1188,256,240,0,31,16,1,16,225,0,15,-1,15,0,-16,-15,179.83866666666665,16,179.83866666666665,15,0
1189,1,0,12,1,13,1,-11,0,0,12,-1,-12,144,11,12,5.848,1,5.848,0,12
1190,121,275,275,36,36,-14,-14,625,625,50,14,0,625,14,0,927.4826666666667,11,302.48266666666666,25,25
1191,625,0,625,25,50,25,0,0,0,25,-25,-25,625,0,25,460.494,25,460.494,0,25
1192,100,250,0,35,10,-15,10,625,0,25,15,25,0,-10,-25,147.61333333333334,10,147.61333333333334,25,0
1193,100,250,250,35,35,-15,-15,625,625,50,15,0,625,15,0,897.6666666666666,10,272.66666666666663,25,25
1194,256,240,0,31,16,1,16,225,0,15,-1,15,0,-16,-15,181.34133333333332,16,181.34133333333332,15,0
1195,1,25,0,26,1,-24,1,625,0,25,24,25,0,-1,-25,12.416666666666666,1,12.416666666666666,25,0
1196,121,275,0,36,11,-14,11,625,0,25,14,25,0,-11,-25,165.67533333333333,11,165.67533333333333,25,0
1197,625,625,0,50,25,0,25,625,0,25,0,25,0,-25,-25,462.37666666666667,25,462.37666666666667,25,0
1198,625,250,625,35,50,15,0,100,250,35,-15,-15,625,0,15,838.6273333333334,25,588.6273333333334,10,25
1199,100,250,0,35,10,-15,10,625,0,25,15,25,0,-10,-25,146.252,10,146.252,25,0
1200,256,240,400,31,41,1,-9,225,375,40,-1,-10,625,9,10,754.96,16,379.96000000000004,15,25
1201,121,275,0,36,11,-14,11,625,0,25,14,25,0,-11,-25,165.16066666666666,11,165.16066666666666,25,0
1202,625,0,0,25,25,25,25,0,0,0,-25,0,0,-25,0,150.12533333333334,25,150.12533333333334,0,0
1203,100,250,250,35,35,-15,-15,625,625,50,15,0,625,15,0,897.474,10,272.47400000000005,25,25
1204,100,250,0,35,10,-15,10,625,0,25,15,25,0,-10,-25,146.09333333333333,10,146.09333333333333,25,0
1205,256,240,400,31,41,1,-9,225,375,40,-1,-10,625,9,10,755.1826666666667,16,380.1826666666667,15,25
1206,1,25,21,26,22,-24,-20,625,525,46,24,4,441,20,-4,547.9946666666667,1,22.994666666666717,25,21
1207,625,0,0,25,25,25,25,0,0,0,-25,0,0,-25,0,150.10666666666665,25,150.10666666666665,0,0
1208,169,0,0,13,13,13,13,0,0,0,-13,0,0,-13,0,39.022666666666666,13,39.022666666666666,0,0
1209,1,25,0,26,1,-24,1,625,0,25,24,25,0,-1,-25,12.783333333333333,1,12.783333333333333,25,0
1210,4,0,0,2,2,2,2,0,0,0,-2,0,0,-2,0,0.5093333333333333,2,0.5093333333333333,0,0
1211,1,25,0,26,1,-24,1,625,0,25,24,25,0,-1,-25,12.233333333333333,1,12.233333333333333,25,0
1212,169,0,0,13,13,13,13,0,0,0,-13,0,0,-13,0,39.093333333333334,13,39.093333333333334,0,0
1213,1,0,25,1,26,1,-24,0,0,25,-1,-25,625,24,25,12.716666666666667,1,12.716666666666667,0,25
1214,1,0,0,1,1,1,1,0,0,0,-1,0,0,-1,0,0.0,1,0.0,0,0
1215,625,250,625,35,50,15,0,100,250,35,-15,-15,625,0,15,837.2886666666667,25,587.2886666666667,10,25
1216,100,250,0,35,10,-15,10,625,0,25,15,25,0,-10,-25,146.144,10,146.144,25,0
1217,625,225,625,34,50,16,0,81,225,34,-16,-16,625,0,16,799.6413333333334,25,574.6413333333334,9,25
1218,625,250,0,35,25,15,25,100,0,10,-15,10,0,-25,-10,275.0373333333333,25,275.0373333333333,10,0
1219,100,250,0,35,10,-15,10,625,0,25,15,25,0,-10,-25,147.52533333333332,10,147.52533333333332,25,0
1220,625,225,0,34,25,16,25,81,0,9,-16,9,0,-25,-9,262.14733333333334,25,262.14733333333334,9,0
1221,1,25,21,26,22,-24,-20,625,525,46,24,4,441,20,-4,547.9653333333333,1,22.96533333333332,25,21
1222,121,275,275,36,36,-14,-14,625,625,50,14,0,625,14,0,927.36,11,302.36,25,25
1223,625,225,0,34,25,16,25,81,0,9,-16,9,0,-25,-9,262.83866666666665,25,262.83866666666665,9,0
1224,625,250,625,35,50,15,0,100,250,35,-15,-15,625,0,15,837.8,25,587.8,10,25
1225,121,275,0,36,11,-14,11,625,0,25,14,25,0,-11,-25,165.76866666666666,11,165.76866666666666,25,0
1226,256,240,400,31,41,1,-9,225,375,40,-1,-10,625,9,10,754.864,16,379.86400000000003,15,25
1227,121,275,0,36,11,-14,11,625,0,25,14,25,0,-11,-25,165.742,11,165.742,25,0
1228,625,0,0,25,25,25,25,0,0,0,-25,0,0,-25,0,150.116,25,150.116,0,0
1229,625,250,0,35,25,15,25,100,0,10,-15,10,0,-25,-10,275.488,25,275.488,10,0
1230,100,250,0,35,10,-15,10,625,0,25,15,25,0,-10,-25,147.78533333333334,10,147.78533333333334,25,0
1231,256,240,0,31,16,1,16,225,0,15,-1,15,0,-16,-15,179.36933333333334,16,179.36933333333334,15,0
1232,1,0,25,1,26,1,-24,0,0,25,-1,-25,625,24,25,11.733333333333333,1,11.733333333333333,0,25
1233,4,0,50,2,27,2,-23,0,0,25,-2,-25,625,23,25,25.846666666666668,2,25.846666666666668,0,25
1234,1,0,12,1,13,1,-11,0,0,12,-1,-12,144,11,12,6.144,1,6.144,0,12
1235,49,0,133,7,26,7,-12,0,0,19,-7,-19,361,12,19,77.86333333333333,7,77.86333333333333,0,19
1236,1,25,0,26,1,-24,1,625,0,25,24,25,0,-1,-25,12.45,1,12.45,25,0
1237,625,625,0,50,25,0,25,625,0,25,0,25,0,-25,-25,463.432,25,463.432,25,0
1238,625,0,0,25,25,25,25,0,0,0,-25,0,0,-25,0,149.86666666666667,25,149.86666666666667,0,0
1239,1,0,25,1,26,1,-24,0,0,25,-1,-25,625,24,25,12.45,1,12.45,0,25
1240,625,250,625,35,50,15,0,100,250,35,-15,-15,625,0,15,836.0566666666666,25,586.0566666666666,10,25
1241,4,0,50,2,27,2,-23,0,0,25,-2,-25,625,23,25,25.424,2,25.424,0,25
1242,256,256,0,32,16,0,16,256,0,16,0,16,0,-16,-16,187.10066666666665,16,187.10066666666665,16,0
1243,625,225,625,34,50,16,0,81,225,34,-16,-16,625,0,16,799.828,25,574.828,9,25
1244,256,240,0,31,16,1,16,225,0,15,-1,15,0,-16,-15,179.83866666666665,16,179.83866666666665,15,0
1245,1,0,12,1,13,1,-11,0,0,12,-1,-12,144,11,12,5.848,1,5.848,0,12
1246,121,275,275,36,36,-14,-14,625,625,50,14,0,625,14,0,927.4826666666667,11,302.48266666666666,25,25
1247,625,0,625,25,50,25,0,0,0,25,-25,-25,625,0,25,460.494,25,460.494,0,25
1248,100,250,0,35,10,-15,10,625,0,25,15,25,0,-10,-25,147.61333333333334,10,147.61333333333334,25,0
1249,100,250,250,35,35,-15,-15,625,625,50,15,0,625,15,0,897.6666666666666,10,272.66666666666663,25,25
1250,256,240,0,31,16,1,16,225,0,15,-1,15,0,-16,-15,181.34133333333332,16,181.34133333333332,15,0
1251,1,25,0,26,1,-24,1,625,0,25,24,25,0,-1,-25,12.416666666666666,1,12.416666666666666,25,0
1252,121,275,0,36,11,-14,11,625,0,25,14,25,0,-11,-25,165.67533333333333,11,165.67533333333333,25,0
1253,625,625,0,50,25,0,25,625,0,25,0,25,0,-25,-25,462.37666666666667,25,462.37666666666667,25,0
1254,625,250,625,35,50,15,0,100,250,35,-15,-15,625,0,15,838.6273333333334,25,588.6273333333334,10,25
1255,100,250,0,35,10,-15,10,625,0,25,15,25,0,-10,-25,146.252,10,146.252,25,0
1256,256,240,400,31,41,1,-9,225,375,40,-1,-10,625,9,10,754.96,16,379.96000000000004,15,25
1257,121,275,0,36,11,-14,11,625,0,25,14,25,0,-11,-25,165.16066666666666,11,165.16066666666666,25,0
1258,625,0,0,25,25,25,25,0,0,0,-25,0,0,-25,0,150.12533333333334,25,150.12533333333334,0,0
1259,100,250,250,35,35,-15,-15,625,625,50,15,0,625,15,0,897.474,10,272.47400000000005,25,25
1260,100,250,0,35,10,-15,10,625,0,25,15,25,0,-10,-25,146.09333333333333,10,146.09333333333333,25,0
1261,256,240,400,31,41,1,-9,225,375,40,-1,-10,625,9,10,755.1826666666667,16,380.1826666666667,15,25
1262,1,25,21,26,22,-24,-20,625,525,46,24,4,441,20,-4,547.9946666666667,1,22.994666666666717,25,21
1263,625,0,0,25,25,25,25,0,0,0,-25,0,0,-25,0,150.10666666666665,25,150.10666666666665,0,0
1264,169,0,0,13,13,13,13,0,0,0,-13,0,0,-13,0,39.022666666666666,13,39.022666666666666,0,0
1265,1,25,0,26,1,-24,1,625,0,25,24,25,0,-1,-25,12.783333333333333,1,12.783333333333333,25,0
1266,4,0,0,2,2,2,2,0,0,0,-2,0,0,-2,0,0.5093333333333333,2,0.5093333333333333,0,0
1267,1,25,0,26,1,-24,1,625,0,25,24,25,0,-1,-25,12.233333333333333,1,12.233333333333333,25,0
1268,169,0,0,13,13,13,13,0,0,0,-13,0,0,-13,0,39.093333333333334,13,39.093333333333334,0,0
1269,1,0,25,1,26,1,-24,0,0,25,-1,-25,625,24,25,12.716666666666667,1,12.716666666666667,0,25
1270,1,0,0,1,1,1,1,0,0,0,-1,0,0,-1,0,0.0,1,0.0,0,0
1271,625,250,625,35,50,15,0,100,250,35,-15,-15,625,0,15,837.2886666666667,25,587.2886666666667,10,25
1272,100,250,0,35,10,-15,10,625,0,25,15,25,0,-10,-25,146.144,10,146.144,25,0
1273,625,225,625,34,50,16,0,81,225,34,-16,-16,625,0,16,799.6413333333334,25,574.6413333333334,9,25
1274,625,250,0,35,25,15,25,100,0,10,-15,10,0,-25,-10,275.0373333333333,25,275.0373333333333,10,0
1275,100,250,0,35,10,-15,10,625,0,25,15,25,0,-10,-25,147.52533333333332,10,147.52533333333332,25,0
1276,625,225,0,34,25,16,25,81,0,9,-16,9,0,-25,-9,262.14733333333334,25,262.14733333333334,9,0
1277,1,25,21,26,22,-24,-20,625,525,46,24,4,441,20,-4,547.9653333333333,1,22.96533333333332,25,21
1278,121,275,275,36,36,-14,-14,625,625,50,14,0,625,14,0,927.36,11,302.36,25,25
1279,625,225,0,34,25,16,25,81,0,9,-16,9,0,-25,-9,262.83866666666665,25,262.83866666666665,9,0
1280,625,250,625,35,50,15,0,100,250,35,-15,-15,625,0,15,837.8,25,587.8,10,25
1281,121,275,0,36,11,-14,11,625,0,25,14,25,0,-11,-25,165.76866666666666,11,165.76866666666666,25,0
1282,256,240,400,31,41,1,-9,225,375,40,-1,-10,625,9,10,754.864,16,379.86400000000003,15,25
1283,121,275,0,36,11,-14,11,625,0,25,14,25,0,-11,-25,165.742,11,165.742,25,0
1284,625,0,0,25,25,25,25,0,0,0,-25,0,0,-25,0,150.116,25,150.116,0,0
1285,625,250,0,35,25,15,25,100,0,10,-15,10,0,-25,-10,275.488,25,275.488,10,0
1286,100,250,0,35,10,-15,10,625,0,25,15,25,0,-10,-25,147.78533333333334,10,147.78533333333334,25,0
1287,256,240,0,31,16,1,16,225,0,15,-1,15,0,-16,-15,179.36933333333334,16,179.36933333333334,15,0
1288,1,0,25,1,26,1,-24,0,0,25,-1,-25,625,24,25,11.733333333333333,1,11.733333333333333,0,25
1289,4,0,50,2,27,2,-23,0,0,25,-2,-25,625,23,25,25.846666666666668,2,25.846666666666668,0,25
1290,1,0,12,1,13,1,-11,0,0,12,-1,-12,144,11,12,6.144,1,6.144,0,12
1291,49,0,133,7,26,7,-12,0,0,19,-7,-19,361,12,19,77.86333333333333,7,77.86333333333333,0,19
1292,1,25,0,26,1,-24,1,625,0,25,24,25,0,-1,-25,12.45,1,12.45,25,0
1293,625,625,0,50,25,0,25,625,0,25,0,25,0,-25,-25,463.432,25,463.432,25,0
1294,625,0,0,25,25,25,25,0,0,0,-25,0,0,-25,0,149.86666666666667,25,149.86666666666667,0,0
1295,1,0,25,1,26,1,-24,0,0,25,-1,-25,625,24,25,12.45,1,12.45,0,25
1296,625,250,625,35,50,15,0,100,250,35,-15,-15,625,0,15,836.0566666666666,25,586.0566666666666,10,25
1297,4,0,50,2,27,2,-23,0,0,25,-2,-25,625,23,25,25.424,2,25.424,0,25
1298,256,256,0,32,16,0,16,256,0,16,0,16,0,-16,-16,187.10066666666665,16,187.10066666666665,16,0
1299,625,225,625,34,50,16,0,81,225,34,-16,-16,625,0,16,799.828,25,574.828,9,25
1300,256,240,0,31,16,1,16,225,0,15,-1,15,0,-16,-15,179.83866666666665,16,179.83866666666665,15,0
1301,1,0,12,1,13,1,-11,0,0,12,-1,-12,144,11,12,5.848,1,5.848,0,12
1302,121,275,275,36,36,-14,-14,625,625,50,14,0,625,14,0,927.4826666666667,11,302.48266666666666,25,25
1303,625,0,625,25,50,25,0,0,0,25,-25,-25,625,0,25,460.494,25,460.494,0,25
1304,100,250,0,35,10,-15,10,625,0,25,15,25,0,-10,-25,147.61333333333334,10,147.61333333333334,25,0
1305,100,250,250,35,35,-15,-15,625,625,50,15,0,625,15,0,897.6666666666666,10,272.66666666666663,25,25
1306,256,240,0,31,16,1,16,225,0,15,-1,15,0,-16,-15,181.34133333333332,16,181.34133333333332,15,0
1307,1,25,0,26,1,-24,1,625,0,25,24,25,0,-1,-25,12.416666666666666,1,12.416666666666666,25,0
1308,121,275,0,36,11,-14,11,625,0,25,14,25,0,-11,-25,165.67533333333333,11,165.67533333333333,25,0
1309,625,625,0,50,25,0,25,625,0,25,0,25,0,-25,-25,462.37666666666667,25,462.37666666666667,25,0
1310,625,250,625,35,50,15,0,100,250,35,-15,-15,625,0,15,838.6273333333334,25,588.6273333333334,10,25
1311,100,250,0,35,10,-15,10,625,0,25,15,25,0,-10,-25,146.252,10,146.252,25,0
1312,256,240,400,31,41,1,-9,225,375,40,-1,-10,625,9,10,754.96,16,379.96000000000004,15,25
1313,121,275,0,36,11,-14,11,625,0,25,14,25,0,-11,-25,165.16066666666666,11,165.16066666666666,25,0
1314,625,0,0,25,25,25,25,0,0,0,-25,0,0,-25,0,150.12533333333334,25,150.12533333333334,0,0
1315,100,250,250,35,35,-15,-15,625,625,50,15,0,625,15,0,897.474,10,272.47400000000005,25,25
1316,100,250,0,35,10,-15,10,625,0,25,15,25,0,-10,-25,146.09333333333333,10,146.09333333333333,25,0
1317,256,240,400,31,41,1,-9,225,375,40,-1,-10,625,9,10,755.1826666666667,16,380.1826666666667,15,25
1318,1,25,21,26,22,-24,-20,625,525,46,24,4,441,20,-4,547.9946666666667,1,22.994666666666717,25,21
1319,625,0,0,25,25,25,25,0,0,0,-25,0,0,-25,0,150.10666666666665,25,150.10666666666665,0,0
1320,169,0,0,13,13,13,13,0,0,0,-13,0,0,-13,0,39.022666666666666,13,39.022666666666666,0,0
1321,1,25,0,26,1,-24,1,625,0,25,24,25,0,-1,-25,12.783333333333333,1,12.783333333333333,25,0
1322,4,0,0,2,2,2,2,0,0,0,-2,0,0,-2,0,0.5093333333333333,2,0.5093333333333333,0,0
1323,1,25,0,26,1,-24,1,625,0,25,24,25,0,-1,-25,12.233333333333333,1,12.233333333333333,25,0
1324,169,0,0,13,13,13,13,0,0,0,-13,0,0,-13,0,39.093333333333334,13,39.093333333333334,0,0
1325,1,0,25,1,26,1,-24,0,0,25,-1,-25,625,24,25,12.716666666666667,1,12.716666666666667,0,25
1326,1,0,0,1,1,1,1,0,0,0,-1,0,0,-1,0,0.0,1,0.0,0,0
1327,625,250,625,35,50,15,0,100,250,35,-15,-15,625,0,15,837.2886666666667,25,587.2886666666667,10,25
1328,100,250,0,35,10,-15,10,625,0,25,15,25,0,-10,-25,146.144,10,146.144,25,0
1329,625,225,625,34,50,16,0,81,225,34,-16,-16,625,0,16,799.6413333333334,25,574.6413333333334,9,25
1330,625,250,0,35,25,15,25,100,0,10,-15,10,0,-25,-10,275.0373333333333,25,275.0373333333333,10,0
1331,100,250,0,35,10,-15,10,625,0,25,15,25,0,-10,-25,147.52533333333332,10,147.52533333333332,25,0
1332,625,225,0,34,25,16,25,81,0,9,-16,9,0,-25,-9,262.14733333333334,25,262.14733333333334,9,0
1333,1,25,21,26,22,-24,-20,625,525,46,24,4,441,20,-4,547.9653333333333,1,22.96533333333332,25,21
1334,121,275,275,36,36,-14,-14,625,625,50,14,0,625,14,0,927.36,11,302.36,25,25
1335,625,225,0,34,25,16,25,81,0,9,-16,9,0,-25,-9,262.83866666666665,25,262.83866666666665,9,0
1336,625,250,625,35,50,15,0,100,250,35,-15,-15,625,0,15,837.8,25,587.8,10,25
1337,121,275,0,36,11,-14,11,625,0,25,14,25,0,-11,-25,165.76866666666666,11,165.76866666666666,25,0
1338,256,240,400,31,41,1,-9,225,375,40,-1,-10,625,9,10,754.864,16,379.86400000000003,15,25
1339,121,275,0,36,11,-14,11,625,0,25,14,25,0,-11,-25,165.742,11,165.742,25,0
1340,625,0,0,25,25,25,25,0,0,0,-25,0,0,-25,0,150.116,25,150.116,0,0
1341,625,250,0,35,25,15,25,100,0,10,-15,10,0,-25,-10,275.488,25,275.488,10,0
1342,100,250,0,35,10,-15,10,625,0,25,15,25,0,-10,-25,147.78533333333334,10,147.78533333333334,25,0
1343,256,240,0,31,16,1,16,225,0,15,-1,15,0,-16,-15,179.36933333333334,16,179.36933333333334,15,0
1344,1,0,25,1,26,1,-24,0,0,25,-1,-25,625,24,25,11.733333333333333,1,11.733333333333333,0,25
1345,4,0,50,2,27,2,-23,0,0,25,-2,-25,625,23,25,25.846666666666668,2,25.846666666666668,0,25
1346,1,0,12,1,13,1,-11,0,0,12,-1,-12,144,11,12,6.144,1,6.144,0,12
1347,49,0,133,7,26,7,-12,0,0,19,-7,-19,361,12,19,77.86333333333333,7,77.86333333333333,0,19
1348,1,25,0,26,1,-24,1,625,0,25,24,25,0,-1,-25,12.45,1,12.45,25,0
1349,625,625,0,50,25,0,25,625,0,25,0,25,0,-25,-25,463.432,25,463.432,25,0
1350,625,0,0,25,25,25,25,0,0,0,-25,0,0,-25,0,149.86666666666667,25,149.86666666666667,0,0
1351,1,0,25,1,26,1,-24,0,0,25,-1,-25,625,24,25,12.45,1,12.45,0,25
1352,625,250,625,35,50,15,0,100,250,35,-15,-15,625,0,15,836.0566666666666,25,586.0566666666666,10,25
1353,4,0,50,2,27,2,-23,0,0,25,-2,-25,625,23,25,25.424,2,25.424,0,25
1354,256,256,0,32,16,0,16,256,0,16,0,16,0,-16,-16,187.10066666666665,16,187.10066666666665,16,0
1355,625,225,625,34,50,16,0,81,225,34,-16,-16,625,0,16,799.828,25,574.828,9,25
1356,256,240,0,31,16,1,16,225,0,15,-1,15,0,-16,-15,179.83866666666665,16,179.83866666666665,15,0
1357,1,0,12,1,13,1,-11,0,0,12,-1,-12,144,11,12,5.848,1,5.848,0,12
1358,121,275,275,36,36,-14,-14,625,625,50,14,0,625,14,0,927.4826666666667,11,302.48266666666666,25,25
1359,625,0,625,25,50,25,0,0,0,25,-25,-25,625,0,25,460.494,25,460.494,0,25
1360,100,250,0,35,10,-15,10,625,0,25,15,25,0,-10,-25,147.61333333333334,10,147.61333333333334,25,0
1361,100,250,250,35,35,-15,-15,625,625,50,15,0,625,15,0,897.6666666666666,10,272.66666666666663,25,25
1362,256,240,0,31,16,1,16,225,0,15,-1,15,0,-16,-15,181.34133333333332,16,181.34133333333332,15,0
1363,1,25,0,26,1,-24,1,625,0,25,24,25,0,-1,-25,12.416666666666666,1,12.416666666666666,25,0
1364,121,275,0,36,11,-14,11,625,0,25,14,25,0,-11,-25,165.67533333333333,11,165.67533333333333,25,0
1365,625,625,0,50,25,0,25,625,0,25,0,25,0,-25,-25,462.37666666666667,25,462.37666666666667,25,0
1366,625,250,625,35,50,15,0,100,250,35,-15,-15,625,0,15,838.6273333333334,25,588.6273333333334,10,25
1367,100,250,0,35,10,-15,10,625,0,25,15,25,0,-10,-25,146.252,10,146.252,25,0
1368,256,240,400,31,41,1,-9,225,375,40,-1,-10,625,9,10,754.96,16,379.96000000000004,15,25
1369,121,275,0,36,11,-14,11,625,0,25,14,25,0,-11,-25,165.16066666666666,11,165.16066666666666,25,0
1370,625,0,0,25,25,25,25,0,0,0,-25,0,0,-25,0,150.12533333333334,25,150.12533333333334,0,0
1371,100,250,250,35,35,-15,-15,625,625,50,15,0,625,15,0,897.474,10,272.47400000000005,25,25
1372,100,250,0,35,10,-15,10,625,0,25,15,25,0,-10,-25,146.09333333333333,10,146.09333333333333,25,0
1373,256,240,400,31,41,1,-9,225,375,40,-1,-10,625,9,10,755.1826666666667,16,380.1826666666667,15,25
1374,1,25,21,26,22,-24,-20,625,525,46,24,4,441,20,-4,547.9946666666667,1,22.994666666666717,25,21
1375,625,0,0,25,25,25,25,0,0,0,-25,0,0,-25,0,150.10666666666665,25,150.10666666666665,0,0
1376,169,0,0,13,13,13,13,0,0,0,-13,0,0,-13,0,39.022666666666666,13,39.022666666666666,0,0
1377,1,25,0,26,1,-24,1,625,0,25,24,25,0,-1,-25,12.783333333333333,1,12.783333333333333,25,0
1378,4,0,0,2,2,2,2,0,0,0,-2,0,0,-2,0,0.5093333333333333,2,0.5093333333333333,0,0
1379,1,25,0,26,1,-24,1,625,0,25,24,25,0,-1,-25,12.233333333333333,1,12.233333333333333,25,0
1380,169,0,0,13,13,13,13,0,0,0,-13,0,0,-13,0,39.093333333333334,13,39.093333333333334,0,0
1381,1,0,25,1,26,1,-24,0,0,25,-1,-25,625,24,25,12.716666666666667,1,12.716666666666667,0,25
1382,1,0,0,1,1,1,1,0,0,0,-1,0,0,-1,0,0.0,1,0.0,0,0
1383,625,250,625,35,50,15,0,100,250,35,-15,-15,625,0,15,837.2886666666667,25,587.2886666666667,10,25
1384,100,250,0,35,10,-15,10,625,0,25,15,25,0,-10,-25,146.144,10,146.144,25,0
1385,625,225,625,34,50,16,0,81,225,34,-16,-16,625,0,16,799.6413333333334,25,574.6413333333334,9,25
1386,625,250,0,35,25,15,25,100,0,10,-15,10,0,-25,-10,275.0373333333333,25,275.0373333333333,10,0
1387,100,250,0,35,10,-15,10,625,0,25,15,25,0,-10,-25,147.52533333333332,10,147.52533333333332,25,0
1388,625,225,0,34,25,16,25,81,0,9,-16,9,0,-25,-9,262.14733333333334,25,262.14733333333334,9,0
1389,1,25,21,26,22,-24,-20,625,525,46,24,4,441,20,-4,547.9653333333333,1,22.96533333333332,25,21
1390,121,275,275,36,36,-14,-14,625,625,50,14,0,625,14,0,927.36,11,302.36,25,25
1391,625,225,0,34,25,16,25,81,0,9,-16,9,0,-25,-9,262.83866666666665,25,262.83866666666665,9,0
1392,625,250,625,35,50,15,0,100,250,35,-15,-15,625,0,15,837.8,25,587.8,10,25
1393,121,275,0,36,11,-14,11,625,0,25,14,25,0,-11,-25,165.76866666666666,11,165.76866666666666,25,0
1394,256,240,400,31,41,1,-9,225,375,40,-1,-10,625,9,10,754.864,16,379.86400000000003,15,25
1395,121,275,0,36,11,-14,11,625,0,25,14,25,0,-11,-25,165.742,11,165.742,25,0
1396,625,0,0,25,25,25,25,0,0,0,-25,0,0,-25,0,150.116,25,150.116,0,0
1397,625,250,0,35,25,15,25,100,0,10,-15,10,0,-25,-10,275.488,25,275.488,10,0
1398,100,250,0,35,10,-15,10,625,0,25,15,25,0,-10,-25,147.78533333333334,10,147.78533333333334,25,0
1399,256,240,0,31,16,1,16,225,0,15,-1,15,0,-16,-15,179.36933333333334,16,179.36933333333334,15,0
1400,1,0,25,1,26,1,-24,0,0,25,-1,-25,625,24,25,11.733333333333333,1,11.733333333333333,0,25
1401,4,0,50,2,27,2,-23,0,0,25,-2,-25,625,23,25,25.846666666666668,2,25.846666666666668,0,25
1402,1,0,12,1,13,1,-11,0,0,12,-1,-12,144,11,12,6.144,1,6.144,0,12
1403,49,0,133,7,26,7,-12,0,0,19,-7,-19,361,12,19,77.86333333333333,7,77.86333333333333,0,19
1404,1,25,0,26,1,-24,1,625,0,25,24,25,0,-1,-25,12.45,1,12.45,25,0
1405,625,625,0,50,25,0,25,625,0,25,0,25,0,-25,-25,463.432,25,463.432,25,0
1406,625,0,0,25,25,25,25,0,0,0,-25,0,0,-25,0,149.86666666666667,25,149.86666666666667,0,0
1407,1,0,25,1,26,1,-24,0,0,25,-1,-25,625,24,25,12.45,1,12.45,0,25
1408,625,250,625,35,50,15,0,100,250,35,-15,-15,625,0,15,836.0566666666666,25,586.0566666666666,10,25
1409,4,0,50,2,27,2,-23,0,0,25,-2,-25,625,23,25,25.424,2,25.424,0,25
1410,256,256,0,32,16,0,16,256,0,16,0,16,0,-16,-16,187.10066666666665,16,187.10066666666665,16,0
1411,625,225,625,34,50,16,0,81,225,34,-16,-16,625,0,16,799.828,25,574.828,9,25
1412,256,240,0,31,16,1,16,225,0,15,-1,15,0,-16,-15,179.83866666666665,16,179.83866666666665,15,0
1413,1,0,12,1,13,1,-11,0,0,12,-1,-12,144,11,12,5.848,1,5.848,0,12
1414,121,275,275,36,36,-14,-14,625,625,50,14,0,625,14,0,927.4826666666667,11,302.48266666666666,25,25
1415,625,0,625,25,50,25,0,0,0,25,-25,-25,625,0,25,460.494,25,460.494,0,25
1416,100,250,0,35,10,-15,10,625,0,25,15,25,0,-10,-25,147.61333333333334,10,147.61333333333334,25,0
1417,100,250,250,35,35,-15,-15,625,625,50,15,0,625,15,0,897.6666666666666,10,272.66666666666663,25,25
1418,256,240,0,31,16,1,16,225,0,15,-1,15,0,-16,-15,181.34133333333332,16,181.34133333333332,15,0
1419,1,25,0,26,1,-24,1,625,0,25,24,25,0,-1,-25,12.416666666666666,1,12.416666666666666,25,0
1420,121,275,0,36,11,-14,11,625,0,25,14,25,0,-11,-25,165.67533333333333,11,165.67533333333333,25,0
1421,625,625,0,50,25,0,25,625,0,25,0,25,0,-25,-25,462.37666666666667,25,462.37666666666667,25,0
1422,625,250,625,35,50,15,0,100,250,35,-15,-15,625,0,15,838.6273333333334,25,588.6273333333334,10,25
1423,100,250,0,35,10,-15,10,625,0,25,15,25,0,-10,-25,146.252,10,146.252,25,0
1424,256,240,400,31,41,1,-9,225,375,40,-1,-10,625,9,10,754.96,16,379.96000000000004,15,25
1425,121,275,0,36,11,-14,11,625,0,25,14,25,0,-11,-25,165.16066666666666,11,165.16066666666666,25,0
1426,625,0,0,25,25,25,25,0,0,0,-25,0,0,-25,0,150.12533333333334,25,150.12533333333334,0,0
1427,100,250,250,35,35,-15,-15,625,625,50,15,0,625,15,0,897.474,10,272.47400000000005,25,25
1428,100,250,0,35,10,-15,10,625,0,25,15,25,0,-10,-25,146.09333333333333,10,146.09333333333333,25,0
1429,256,240,400,31,41,1,-9,225,375,40,-1,-10,625,9,10,755.1826666666667,16,380.1826666666667,15,25
1430,1,25,21,26,22,-24,-20,625,525,46,24,4,441,20,-4,547.9946666666667,1,22.994666666666717,25,21
1431,625,0,0,25,25,25,25,0,0,0,-25,0,0,-25,0,150.10666666666665,25,150.10666666666665,0,0
1432,169,0,0,13,13,13,13,0,0,0,-13,0,0,-13,0,39.022666666666666,13,39.022666666666666,0,0
1433,1,25,0,26,1,-24,1,625,0,25,24,25,0,-1,-25,12.783333333333333,1,12.783333333333333,25,0
1434,4,0,0,2,2,2,2,0,0,0,-2,0,0,-2,0,0.5093333333333333,2,0.5093333333333333,0,0
1435,1,25,0,26,1,-24,1,625,0,25,24,25,0,-1,-25,12.233333333333333,1,12.233333333333333,25,0
1436,169,0,0,13,13,13,13,0,0,0,-13,0,0,-13,0,39.093333333333334,13,39.093333333333334,0,0
1437,1,0,25,1,26,1,-24,0,0,25,-1,-25,625,24,25,12.716666666666667,1,12.716666666666667,0,25
1438,1,0,0,1,1,1,1,0,0,0,-1,0,0,-1,0,0.0,1,0.0,0,0
1439,625,250,625,35,50,15,0,100,250,35,-15,-15,625,0,15,837.2886666666667,25,587.2886666666667,10,25
1440,100,250,0,35,10,-15,10,625,0,25,15,25,0,-10,-25,146.144,10,146.144,25,0
1441,625,225,625,34,50,16,0,81,225,34,-16,-16,625,0,16,799.6413333333334,25,574.6413333333334,9,25
1442,625,250,0,35,25,15,25,100,0,10,-15,10,0,-25,-10,275.0373333333333,25,275.0373333333333,10,0
1443,100,250,0,35,10,-15,10,625,0,25,15,25,0,-10,-25,147.52533333333332,10,147.52533333333332,25,0
1444,625,225,0,34,25,16,25,81,0,9,-16,9,0,-25,-9,262.14733333333334,25,262.14733333333334,9,0
1445,1,25,21,26,22,-24,-20,625,525,46,24,4,441,20,-4,547.9653333333333,1,22.96533333333332,25,21
1446,121,275,275,36,36,-14,-14,625,625,50,14,0,625,14,0,927.36,11,302.36,25,25
1447,625,225,0,34,25,16,25,81,0,9,-16,9,0,-25,-9,262.83866666666665,25,262.83866666666665,9,0
1448,625,250,625,35,50,15,0,100,250,35,-15,-15,625,0,15,837.8,25,587.8,10,25
1449,121,275,0,36,11,-14,11,625,0,25,14,25,0,-11,-25,165.76866666666666,11,165.76866666666666,25,0
1450,256,240,400,31,41,1,-9,225,375,40,-1,-10,625,9,10,754.864,16,379.86400000000003,15,25
1451,121,275,0,36,11,-14,11,625,0,25,14,25,0,-11,-25,165.742,11,165.742,25,0
1452,625,0,0,25,25,25,25,0,0,0,-25,0,0,-25,0,150.116,25,150.116,0,0
1453,625,250,0,35,25,15,25,100,0,10,-15,10,0,-25,-10,275.488,25,275.488,10,0
1454,100,250,0,35,10,-15,10,625,0,25,15,25,0,-10,-25,147.78533333333334,10,147.78533333333334,25,0
1455,256,240,0,31,16,1,16,225,0,15,-1,15,0,-16,-15,179.36933333333334,16,179.36933333333334,15,0
1456,1,0,25,1,26,1,-24,0,0,25,-1,-25,625,24,25,11.733333333333333,1,11.733333333333333,0,25
1457,4,0,50,2,27,2,-23,0,0,25,-2,-25,625,23,25,25.846666666666668,2,25.846666666666668,0,25
1458,1,0,12,1,13,1,-11,0,0,12,-1,-12,144,11,12,6.144,1,6.144,0,12
1459,49,0,133,7,26,7,-12,0,0,19,-7,-19,361,12,19,77.86333333333333,7,77.86333333333333,0,19
1460,1,25,0,26,1,-24,1,625,0,25,24,25,0,-1,-25,12.45,1,12.45,25,0
1461,625,625,0,50,25,0,25,625,0,25,0,25,0,-25,-25,463.432,25,463.432,25,0
1462,625,0,0,25,25,25,25,0,0,0,-25,0,0,-25,0,149.86666666666667,25,149.86666666666667,0,0
1463,1,0,25,1,26,1,-24,0,0,25,-1,-25,625,24,25,12.45,1,12.45,0,25
1464,625,250,625,35,50,15,0,100,250,35,-15,-15,625,0,15,836.0566666666666,25,586.0566666666666,10,25
1465,4,0,50,2,27,2,-23,0,0,25,-2,-25,625,23,25,25.424,2,25.424,0,25
1466,256,256,0,32,16,0,16,256,0,16,0,16,0,-16,-16,187.10066666666665,16,187.10066666666665,16,0
1467,625,225,625,34,50,16,0,81,225,34,-16,-16,625,0,16,799.828,25,574.828,9,25
1468,256,240,0,31,16,1,16,225,0,15,-1,15,0,-16,-15,179.83866666666665,16,179.83866666666665,15,0
1469,1,0,12,1,13,1,-11,0,0,12,-1,-12,144,11,12,5.848,1,5.848,0,12
1470,121,275,275,36,36,-14,-14,625,625,50,14,0,625,14,0,927.4826666666667,11,302.48266666666666,25,25
1471,625,0,625,25,50,25,0,0,0,25,-25,-25,625,0,25,460.494,25,460.494,0,25
1472,100,250,0,35,10,-15,10,625,0,25,15,25,0,-10,-25,147.61333333333334,10,147.61333333333334,25,0
1473,100,250,250,35,35,-15,-15,625,625,50,15,0,625,15,0,897.6666666666666,10,272.66666666666663,25,25
1474,256,240,0,31,16,1,16,225,0,15,-1,15,0,-16,-15,181.34133333333332,16,181.34133333333332,15,0
1475,1,25,0,26,1,-24,1,625,0,25,24,25,0,-1,-25,12.416666666666666,1,12.416666666666666,25,0
1476,121,275,0,36,11,-14,11,625,0,25,14,25,0,-11,-25,165.67533333333333,11,165.67533333333333,25,0
1477,625,625,0,50,25,0,25,625,0,25,0,25,0,-25,-25,462.37666666666667,25,462.37666666666667,25,0
1478,625,250,625,35,50,15,0,100,250,35,-15,-15,625,0,15,838.6273333333334,25,588.6273333333334,10,25
1479,100,250,0,35,10,-15,10,625,0,25,15,25,0,-10,-25,146.252,10,146.252,25,0
1480,256,240,400,31,41,1,-9,225,375,40,-1,-10,625,9,10,754.96,16,379.96000000000004,15,25
1481,121,275,0,36,11,-14,11,625,0,25,14,25,0,-11,-25,165.16066666666666,11,165.16066666666666,25,0
1482,625,0,0,25,25,25,25,0,0,0,-25,0,0,-25,0,150.12533333333334,25,150.12533333333334,0,0
1483,100,250,250,35,35,-15,-15,625,625,50,15,0,625,15,0,897.474,10,272.47400000000005,25,25
1484,100,250,0,35,10,-15,10,625,0,25,15,25,0,-10,-25,146.09333333333333,10,146.09333333333333,25,0
1485,256,240,400,31,41,1,-9,225,375,40,-1,-10,625,9,10,755.1826666666667,16,380.1826666666667,15,25
1486,1,25,21,26,22,-24,-20,625,525,46,24,4,441,20,-4,547.9946666666667,1,22.994666666666717,25,21
1487,625,0,0,25,25,25,25,0,0,0,-25,0,0,-25,0,150.10666666666665,25,150.10666666666665,0,0
1488,169,0,0,13,13,13,13,0,0,0,-13,0,0,-13,0,39.022666666666666,13,39.022666666666666,0,0
1489,1,25,0,26,1,-24,1,625,0,25,24,25,0,-1,-25,12.783333333333333,1,12.783333333333333,25,0
1490,4,0,0,2,2,2,2,0,0,0,-2,0,0,-2,0,0.5093333333333333,2,0.5093333333333333,0,0
1491,1,25,0,26,1,-24,1,625,0,25,24,25,0,-1,-25,12.233333333333333,1,12.233333333333333,25,0
1492,169,0,0,13,13,13,13,0,0,0,-13,0,0,-13,0,39.093333333333334,13,39.093333333333334,0,0
1493,1,0,25,1,26,1,-24,0,0,25,-1,-25,625,24,25,12.716666666666667,1,12.716666666666667,0,25
1494,1,0,0,1,1,1,1,0,0,0,-1,0,0,-1,0,0.0,1,0.0,0,0
1495,625,250,625,35,50,15,0,100,250,35,-15,-15,625,0,15,837.2886666666667,25,587.2886666666667,10,25
1496,100,250,0,35,10,-15,10,625,0,25,15,25,0,-10,-25,146.144,10,146.144,25,0
1497,625,225,625,34,50,16,0,81,225,34,-16,-16,625,0,16,799.6413333333334,25,574.6413333333334,9,25
1498,625,250,0,35,25,15,25,100,0,10,-15,10,0,-25,-10,275.0373333333333,25,275.0373333333333,10,0
1499,100,250,0,35,10,-15,10,625,0,25,15,25,0,-10,-25,147.52533333333332,10,147.52533333333332,25,0
1500,625,225,0,34,25,16,25,81,0,9,-16,9,0,-25,-9,262.14733333333334,25,262.14733333333334,9,0
1501,1,25,21,26,22,-24,-20,625,525,46,24,4,441,20,-4,547.9653333333333,1,22.96533333333332,25,21
1502,121,275,275,36,36,-14,-14,625,625,50,14,0,625,14,0,927.36,11,302.36,25,25
1503,625,225,0,34,25,16,25,81,0,9,-16,9,0,-25,-9,262.83866666666665,25,262.83866666666665,9,0
1504,625,250,625,35,50,15,0,100,250,35,-15,-15,625,0,15,837.8,25,587.8,10,25
1505,121,275,0,36,11,-14,11,625,0,25,14,25,0,-11,-25,165.76866666666666,11,165.76866666666666,25,0
1506,256,240,400,31,41,1,-9,225,375,40,-1,-10,625,9,10,754.864,16,379.86400000000003,15,25
1507,121,275,0,36,11,-14,11,625,0,25,14,25,0,-11,-25,165.742,11,165.742,25,0
1508,625,0,0,25,25,25,25,0,0,0,-25,0,0,-25,0,150.116,25,150.116,0,0
1509,625,250,0,35,25,15,25,100,0,10,-15,10,0,-25,-10,275.488,25,275.488,10,0
1510,100,250,0,35,10,-15,10,625,0,25,15,25,0,-10,-25,147.78533333333334,10,147.78533333333334,25,0
1511,256,240,0,31,16,1,16,225,0,15,-1,15,0,-16,-15,179.36933333333334,16,179.36933333333334,15,0
1512,1,0,25,1,26,1,-24,0,0,25,-1,-25,625,24,25,11.733333333333333,1,11.733333333333333,0,25
1513,4,0,50,2,27,2,-23,0,0,25,-2,-25,625,23,25,25.846666666666668,2,25.846666666666668,0,25
1514,1,0,12,1,13,1,-11,0,0,12,-1,-12,144,11,12,6.144,1,6.144,0,12
1515,49,0,133,7,26,7,-12,0,0,19,-7,-19,361,12,19,77.86333333333333,7,77.86333333333333,0,19
1516,1,25,0,26,1,-24,1,625,0,25,24,25,0,-1,-25,12.45,1,12.45,25,0
1517,625,625,0,50,25,0,25,625,0,25,0,25,0,-25,-25,463.432,25,463.432,25,0
1518,625,0,0,25,25,25,25,0,0,0,-25,0,0,-25,0,149.86666666666667,25,149.86666666666667,0,0
1519,1,0,25,1,26,1,-24,0,0,25,-1,-25,625,24,25,12.45,1,12.45,0,25
1520,625,250,625,35,50,15,0,100,250,35,-15,-15,625,0,15,836.0566666666666,25,586.0566666666666,10,25
1521,4,0,50,2,27,2,-23,0,0,25,-2,-25,625,23,25,25.424,2,25.424,0,25
1522,256,256,0,32,16,0,16,256,0,16,0,16,0,-16,-16,187.10066666666665,16,187.10066666666665,16,0
1523,625,225,625,34,50,16,0,81,225,34,-16,-16,625,0,16,799.828,25,574.828,9,25
1524,256,240,0,31,16,1,16,225,0,15,-1,15,0,-16,-15,179.83866666666665,16,179.83866666666665,15,0
1525,1,0,12,1,13,1,-11,0,0,12,-1,-12,144,11,12,5.848,1,5.848,0,12
1526,121,275,275,36,36,-14,-14,625,625,50,14,0,625,14,0,927.4826666666667,11,302.48266666666666,25,25
1527,625,0,625,25,50,25,0,0,0,25,-25,-25,625,0,25,460.494,25,460.494,0,25
1528,100,250,0,35,10,-15,10,625,0,25,15,25,0,-10,-25,147.61333333333334,10,147.61333333333334,25,0
1529,100,250,250,35,35,-15,-15,625,625,50,15,0,625,15,0,897.6666666666666,10,272.66666666666663,25,25
1530,256,240,0,31,16,1,16,225,0,15,-1,15,0,-16,-15,181.34133333333332,16,181.34133333333332,15,0
1531,1,25,0,26,1,-24,1,625,0,25,24,25,0,-1,-25,12.416666666666666,1,12.416666666666666,25,0
1532,121,275,0,36,11,-14,11,625,0,25,14,25,0,-11,-25,165.67533333333333,11,165.67533333333333,25,0
1533,625,625,0,50,25,0,25,625,0,25,0,25,0,-25,-25,462.37666666666667,25,462.37666666666667,25,0
1534,625,250,625,35,50,15,0,100,250,35,-15,-15,625,0,15,838.6273333333334,25,588.6273333333334,10,25
1535,100,250,0,35,10,-15,10,625,0,25,15,25,0,-10,-25,146.252,10,146.252,25,0
1536,256,240,400,31,41,1,-9,225,375,40,-1,-10,625,9,10,754.96,16,379.96000000000004,15,25
1537,121,275,0,36,11,-14,11,625,0,25,14,25,0,-11,-25,165.16066666666666,11,165.16066666666666,25,0
1538,625,0,0,25,25,25,25,0,0,0,-25,0,0,-25,0,150.12533333333334,25,150.12533333333334,0,0
1539,100,250,250,35,35,-15,-15,625,625,50,15,0,625,15,0,897.474,10,272.47400000000005,25,25
1540,100,250,0,35,10,-15,10,625,0,25,15,25,0,-10,-25,146.09333333333333,10,146.09333333333333,25,0
1541,256,240,400,31,41,1,-9,225,375,40,-1,-10,625,9,10,755.1826666666667,16,380.1826666666667,15,25
1542,1,25,21,26,22,-24,-20,625,525,46,24,4,441,20,-4,547.9946666666667,1,22.994666666666717,25,21
1543,625,0,0,25,25,25,25,0,0,0,-25,0,0,-25,0,150.10666666666665,25,150.10666666666665,0,0
1544,169,0,0,13,13,13,13,0,0,0,-13,0,0,-13,0,39.022666666666666,13,39.022666666666666,0,0
1545,1,25,0,26,1,-24,1,625,0,25,24,25,0,-1,-25,12.783333333333333,1,12.783333333333333,25,0
1546,4,0,0,2,2,2,2,0,0,0,-2,0,0,-2,0,0.5093333333333333,2,0.5093333333333333,0,0
1547,1,25,0,26,1,-24,1,625,0,25,24,25,0,-1,-25,12.233333333333333,1,12.233333333333333,25,0
1548,169,0,0,13,13,13,13,0,0,0,-13,0,0,-13,0,39.093333333333334,13,39.093333333333334,0,0
1549,1,0,25,1,26,1,-24,0,0,25,-1,-25,625,24,25,12.716666666666667,1,12.716666666666667,0,25
1550,1,0,0,1,1,1,1,0,0,0,-1,0,0,-1,0,0.0,1,0.0,0,0
1551,625,250,625,35,50,15,0,100,250,35,-15,-15,625,0,15,837.2886666666667,25,587.2886666666667,10,25
1552,100,250,0,35,10,-15,10,625,0,25,15,25,0,-10,-25,146.144,10,146.144,25,0
1553,625,225,625,34,50,16,0,81,225,34,-16,-16,625,0,16,799.6413333333334,25,574.6413333333334,9,25
1554,625,250,0,35,25,15,25,100,0,10,-15,10,0,-25,-10,275.0373333333333,25,275.0373333333333,10,0
1555,100,250,0,35,10,-15,10,625,0,25,15,25,0,-10,-25,147.52533333333332,10,147.52533333333332,25,0
1556,625,225,0,34,25,16,25,81,0,9,-16,9,0,-25,-9,262.14733333333334,25,262.14733333333334,9,0
1557,1,25,21,26,22,-24,-20,625,525,46,24,4,441,20,-4,547.9653333333333,1,22.96533333333332,25,21
1558,121,275,275,36,36,-14,-14,625,625,50,14,0,625,14,0,927.36,11,302.36,25,25
1559,625,225,0,34,25,16,25,81,0,9,-16,9,0,-25,-9,262.83866666666665,25,262.83866666666665,9,0
1560,625,250,625,35,50,15,0,100,250,35,-15,-15,625,0,15,837.8,25,587.8,10,25
1561,121,275,0,36,11,-14,11,625,0,25,14,25,0,-11,-25,165.76866666666666,11,165.76866666666666,25,0
1562,256,240,400,31,41,1,-9,225,375,40,-1,-10,625,9,10,754.864,16,379.86400000000003,15,25
1563,121,275,0,36,11,-14,11,625,0,25,14,25,0,-11,-25,165.742,11,165.742,25,0
1564,625,0,0,25,25,25,25,0,0,0,-25,0,0,-25,0,150.116,25,150.116,0,0
1565,625,250,0,35,25,15,25,100,0,10,-15,10,0,-25,-10,275.488,25,275.488,10,0
1566,100,250,0,35,10,-15,10,625,0,25,15,25,0,-10,-25,147.78533333333334,10,147.78533333333334,25,0
1567,256,240,0,31,16,1,16,225,0,15,-1,15,0,-16,-15,179.36933333333334,16,179.36933333333334,15,0
1568,1,0,25,1,26,1,-24,0,0,25,-1,-25,625,24,25,11.733333333333333,1,11.733333333333333,0,25
1569,4,0,50,2,27,2,-23,0,0,25,-2,-25,625,23,25,25.846666666666668,2,25.846666666666668,0,25
1570,1,0,12,1,13,1,-11,0,0,12,-1,-12,144,11,12,6.144,1,6.144,0,12
1571,49,0,133,7,26,7,-12,0,0,19,-7,-19,361,12,19,77.86333333333333,7,77.86333333333333,0,19
1572,1,25,0,26,1,-24,1,625,0,25,24,25,0,-1,-25,12.45,1,12.45,25,0
1573,625,625,0,50,25,0,25,625,0,25,0,25,0,-25,-25,463.432,25,463.432,25,0
1574,625,0,0,25,25,25,25,0,0,0,-25,0,0,-25,0,149.86666666666667,25,149.86666666666667,0,0
1575,1,0,25,1,26,1,-24,0,0,25,-1,-25,625,24,25,12.45,1,12.45,0,25
1576,625,250,625,35,50,15,0,100,250,35,-15,-15,625,0,15,836.0566666666666,25,586.0566666666666,10,25
1577,4,0,50,2,27,2,-23,0,0,25,-2,-25,625,23,25,25.424,2,25.424,0,25
1578,256,256,0,32,16,0,16,256,0,16,0,16,0,-16,-16,187.10066666666665,16,187.10066666666665,16,0
1579,625,225,625,34,50,16,0,81,225,34,-16,-16,625,0,16,799.828,25,574.828,9,25
1580,256,240,0,31,16,1,16,225,0,15,-1,15,0,-16,-15,179.83866666666665,16,179.83866666666665,15,0
1581,1,0,12,1,13,1,-11,0,0,12,-1,-12,144,11,12,5.848,1,5.848,0,12
1582,121,275,275,36,36,-14,-14,625,625,50,14,0,625,14,0,927.4826666666667,11,302.48266666666666,25,25
1583,625,0,625,25,50,25,0,0,0,25,-25,-25,625,0,25,460.494,25,460.494,0,25
1584,100,250,0,35,10,-15,10,625,0,25,15,25,0,-10,-25,147.61333333333334,10,147.61333333333334,25,0
1585,100,250,250,35,35,-15,-15,625,625,50,15,0,625,15,0,897.6666666666666,10,272.66666666666663,25,25
1586,256,240,0,31,16,1,16,225,0,15,-1,15,0,-16,-15,181.34133333333332,16,181.34133333333332,15,0
1587,1,25,0,26,1,-24,1,625,0,25,24,25,0,-1,-25,12.416666666666666,1,12.416666666666666,25,0
1588,121,275,0,36,11,-14,11,625,0,25,14,25,0,-11,-25,165.67533333333333,11,165.67533333333333,25,0
1589,625,625,0,50,25,0,25,625,0,25,0,25,0,-25,-25,462.37666666666667,25,462.37666666666667,25,0
1590,625,250,625,35,50,15,0,100,250,35,-15,-15,625,0,15,838.6273333333334,25,588.6273333333334,10,25
1591,100,250,0,35,10,-15,10,625,0,25,15,25,0,-10,-25,146.252,10,146.252,25,0
1592,256,240,400,31,41,1,-9,225,375,40,-1,-10,625,9,10,754.96,16,379.96000000000004,15,25
1593,121,275,0,36,11,-14,11,625,0,25,14,25,0,-11,-25,165.16066666666666,11,165.16066666666666,25,0
1594,625,0,0,25,25,25,25,0,0,0,-25,0,0,-25,0,150.12533333333334,25,150.12533333333334,0,0
1595,100,250,250,35,35,-15,-15,625,625,50,15,0,625,15,0,897.474,10,272.47400000000005,25,25
1596,100,250,0,35,10,-15,10,625,0,25,15,25,0,-10,-25,146.09333333333333,10,146.09333333333333,25,0
1597,256,240,400,31,41,1,-9,225,375,40,-1,-10,625,9,10,755.1826666666667,16,380.1826666666667,15,25
1598,1,25,21,26,22,-24,-20,625,525,46,24,4,441,20,-4,547.9946666666667,1,22.994666666666717,25,21
1599,625,0,0,25,25,25,25,0,0,0,-25,0,0,-25,0,150.10666666666665,25,150.10666666666665,0,0
1600,169,0,0,13,13,13,13,0,0,0,-13,0,0,-13,0,39.022666666666666,13,39.022666666666666,0,0
1601,1,25,0,26,1,-24,1,625,0,25,24,25,0,-1,-25,12.783333333333333,1,12.783333333333333,25,0
1602,4,0,0,2,2,2,2,0,0,0,-2,0,0,-2,0,0.5093333333333333,2,0.5093333333333333,0,0
1603,1,25,0,26,1,-24,1,625,0,25,24,25,0,-1,-25,12.233333333333333,1,12.233333333333333,25,0
1604,169,0,0,13,13,13,13,0,0,0,-13,0,0,-13,0,39.093333333333334,13,39.093333333333334,0,0
1605,1,0,25,1,26,1,-24,0,0,25,-1,-25,625,24,25,12.716666666666667,1,12.716666666666667,0,25
1606,1,0,0,1,1,1,1,0,0,0,-1,0,0,-1,0,0.0,1,0.0,0,0
1607,625,250,625,35,50,15,0,100,250,35,-15,-15,625,0,15,837.2886666666667,25,587.2886666666667,10,25
1608,100,250,0,35,10,-15,10,625,0,25,15,25,0,-10,-25,146.144,10,146.144,25,0
1609,625,225,625,34,50,16,0,81,225,34,-16,-16,625,0,16,799.6413333333334,25,574.6413333333334,9,25
1610,625,250,0,35,25,15,25,100,0,10,-15,10,0,-25,-10,275.0373333333333,25,275.0373333333333,10,0
1611,100,250,0,35,10,-15,10,625,0,25,15,25,0,-10,-25,147.52533333333332,10,147.52533333333332,25,0
1612,625,225,0,34,25,16,25,81,0,9,-16,9,0,-25,-9,262.14733333333334,25,262.14733333333334,9,0
1613,1,25,21,26,22,-24,-20,625,525,46,24,4,441,20,-4,547.9653333333333,1,22.96533333333332,25,21
1614,121,275,275,36,36,-14,-14,625,625,50,14,0,625,14,0,927.36,11,302.36,25,25
1615,625,225,0,34,25,16,25,81,0,9,-16,9,0,-25,-9,262.83866666666665,25,262.83866666666665,9,0
1616,625,250,625,35,50,15,0,100,250,35,-15,-15,625,0,15,837.8,25,587.8,10,25
1617,121,275,0,36,11,-14,11,625,0,25,14,25,0,-11,-25,165.76866666666666,11,165.76866666666666,25,0
1618,256,240,400,31,41,1,-9,225,375,40,-1,-10,625,9,10,754.864,16,379.86400000000003,15,25
1619,121,275,0,36,11,-14,11,625,0,25,14,25,0,-11,-25,165.742,11,165.742,25,0
1620,625,0,0,25,25,25,25,0,0,0,-25,0,0,-25,0,150.116,25,150.116,0,0
1621,625,250,0,35,25,15,25,100,0,10,-15,10,0,-25,-10,275.488,25,275.488,10,0
1622,100,250,0,35,10,-15,10,625,0,25,15,25,0,-10,-25,147.78533333333334,10,147.78533333333334,25,0
1623,256,240,0,31,16,1,16,225,0,15,-1,15,0,-16,-15,179.36933333333334,16,179.36933333333334,15,0
1624,1,0,25,1,26,1,-24,0,0,25,-1,-25,625,24,25,11.733333333333333,1,11.733333333333333,0,25
1625,4,0,50,2,27,2,-23,0,0,25,-2,-25,625,23,25,25.846666666666668,2,25.846666666666668,0,25
1626,1,0,12,1,13,1,-11,0,0,12,-1,-12,144,11,12,6.144,1,6.144,0,12
1627,49,0,133,7,26,7,-12,0,0,19,-7,-19,361,12,19,77.86333333333333,7,77.86333333333333,0,19
1628,1,25,0,26,1,-24,1,625,0,25,24,25,0,-1,-25,12.45,1,12.45,25,0
1629,625,625,0,50,25,0,25,625,0,25,0,25,0,-25,-25,463.432,25,463.432,25,0
1630,625,0,0,25,25,25,25,0,0,0,-25,0,0,-25,0,149.86666666666667,25,149.86666666666667,0,0
1631,1,0,25,1,26,1,-24,0,0,25,-1,-25,625,24,25,12.45,1,12.45,0,25
1632,625,250,625,35,50,15,0,100,250,35,-15,-15,625,0,15,836.0566666666666,25,586.0566666666666,10,25
1633,4,0,50,2,27,2,-23,0,0,25,-2,-25,625,23,25,25.424,2,25.424,0,25
1634,256,256,0,32,16,0,16,256,0,16,0,16,0,-16,-16,187.10066666666665,16,187.10066666666665,16,0
1635,625,225,625,34,50,16,0,81,225,34,-16,-16,625,0,16,799.828,25,574.828,9,25
1636,256,240,0,31,16,1,16,225,0,15,-1,15,0,-16,-15,179.83866666666665,16,179.83866666666665,15,0
1637,1,0,12,1,13,1,-11,0,0,12,-1,-12,144,11,12,5.848,1,5.848,0,12
1638,121,275,275,36,36,-14,-14,625,625,50,14,0,625,14,0,927.4826666666667,11,302.48266666666666,25,25
1639,625,0,625,25,50,25,0,0,0,25,-25,-25,625,0,25,460.494,25,460.494,0,25
1640,100,250,0,35,10,-15,10,625,0,25,15,25,0,-10,-25,147.61333333333334,10,147.61333333333334,25,0
1641,100,250,250,35,35,-15,-15,625,625,50,15,0,625,15,0,897.6666666666666,10,272.66666666666663,25,25
1642,256,240,0,31,16,1,16,225,0,15,-1,15,0,-16,-15,181.34133333333332,16,181.34133333333332,15,0
1643,1,25,0,26,1,-24,1,625,0,25,24,25,0,-1,-25,12.416666666666666,1,12.416666666666666,25,0
1644,121,275,0,36,11,-14,11,625,0,25,14,25,0,-11,-25,165.67533333333333,11,165.67533333333333,25,0
1645,625,625,0,50,25,0,25,625,0,25,0,25,0,-25,-25,462.37666666666667,25,462.37666666666667,25,0
1646,625,250,625,35,50,15,0,100,250,35,-15,-15,625,0,15,838.6273333333334,25,588.6273333333334,10,25
1647,100,250,0,35,10,-15,10,625,0,25,15,25,0,-10,-25,146.252,10,146.252,25,0
1648,256,240,400,31,41,1,-9,225,375,40,-1,-10,625,9,10,754.96,16,379.96000000000004,15,25
1649,121,275,0,36,11,-14,11,625,0,25,14,25,0,-11,-25,165.16066666666666,11,165.16066666666666,25,0
1650,625,0,0,25,25,25,25,0,0,0,-25,0,0,-25,0,150.12533333333334,25,150.12533333333334,0,0
1651,100,250,250,35,35,-15,-15,625,625,50,15,0,625,15,0,897.474,10,272.47400000000005,25,25
1652,100,250,0,35,10,-15,10,625,0,25,15,25,0,-10,-25,146.09333333333333,10,146.09333333333333,25,0
1653,256,240,400,31,41,1,-9,225,375,40,-1,-10,625,9,10,755.1826666666667,16,380.1826666666667,15,25
1654,1,25,21,26,22,-24,-20,625,525,46,24,4,441,20,-4,547.9946666666667,1,22.994666666666717,25,21
1655,625,0,0,25,25,25,25,0,0,0,-25,0,0,-25,0,150.10666666666665,25,150.10666666666665,0,0
1656,169,0,0,13,13,13,13,0,0,0,-13,0,0,-13,0,39.022666666666666,13,39.022666666666666,0,0
1657,1,25,0,26,1,-24,1,625,0,25,24,25,0,-1,-25,12.783333333333333,1,12.783333333333333,25,0
1658,4,0,0,2,2,2,2,0,0,0,-2,0,0,-2,0,0.5093333333333333,2,0.5093333333333333,0,0
1659,1,25,0,26,1,-24,1,625,0,25,24,25,0,-1,-25,12.233333333333333,1,12.233333333333333,25,0
1660,169,0,0,13,13,13,13,0,0,0,-13,0,0,-13,0,39.093333333333334,13,39.093333333333334,0,0
1661,1,0,25,1,26,1,-24,0,0,25,-1,-25,625,24,25,12.716666666666667,1,12.716666666666667,0,25
1662,1,0,0,1,1,1,1,0,0,0,-1,0,0,-1,0,0.0,1,0.0,0,0
1663,625,250,625,35,50,15,0,100,250,35,-15,-15,625,0,15,837.2886666666667,25,587.2886666666667,10,25
1664,100,250,0,35,10,-15,10,625,0,25,15,25,0,-10,-25,146.144,10,146.144,25,0
1665,625,225,625,34,50,16,0,81,225,34,-16,-16,625,0,16,799.6413333333334,25,574.6413333333334,9,25
1666,625,250,0,35,25,15,25,100,0,10,-15,10,0,-25,-10,275.0373333333333,25,275.0373333333333,10,0
1667,100,250,0,35,10,-15,10,625,0,25,15,25,0,-10,-25,147.52533333333332,10,147.52533333333332,25,0
1668,625,225,0,34,25,16,25,81,0,9,-16,9,0,-25,-9,262.14733333333334,25,262.14733333333334,9,0
1669,1,25,21,26,22,-24,-20,625,525,46,24,4,441,20,-4,547.9653333333333,1,22.96533333333332,25,21
1670,121,275,275,36,36,-14,-14,625,625,50,14,0,625,14,0,927.36,11,302.36,25,25
1671,625,225,0,34,25,16,25,81,0,9,-16,9,0,-25,-9,262.83866666666665,25,262.83866666666665,9,0
1672,625,250,625,35,50,15,0,100,250,35,-15,-15,625,0,15,837.8,25,587.8,10,25
1673,121,275,0,36,11,-14,11,625,0,25,14,25,0,-11,-25,165.76866666666666,11,165.76866666666666,25,0
1674,256,240,400,31,41,1,-9,225,375,40,-1,-10,625,9,10,754.864,16,379.86400000000003,15,25
1675,121,275,0,36,11,-14,11,625,0,25,14,25,0,-11,-25,165.742,11,165.742,25,0
1676,625,0,0,25,25,25,25,0,0,0,-25,0,0,-25,0,150.116,25,150.116,0,0
1677,625,250,0,35,25,15,25,100,0,10,-15,10,0,-25,-10,275.488,25,275.488,10,0
1678,100,250,0,35,10,-15,10,625,0,25,15,25,0,-10,-25,147.78533333333334,10,147.78533333333334,25,0
1679,256,240,0,31,16,1,16,225,0,15,-1,15,0,-16,-15,179.36933333333334,16,179.36933333333334,15,0
0,1,15,13,16,14,-14,-12,225,195,28,14,2,169,12,-2,208.996,1,13.99600000000001,15,13
1,100,10,180,11,28,9,-8,1,18,19,-9,-17,324,8,17,134.16,10,116.16,1,18
2,81,27,171,12,28,6,-10,9,57,22,-6,-16,361,10,16,172.68,9,115.68,3,19
3,4,22,26,13,15,-9,-11,121,143,24,9,-2,169,11,2,167.498,2,24.49799999999999,11,13
4,25,65,40,18,13,-8,-3,169,104,21,8,5,64,3,-5,161.532,5,57.53200000000001,13,8
5,361,304,133,35,26,3,12,256,112,23,-3,9,49,-12,-9,416.192,19,304.192,16,7
6,49,7,112,8,23,6,-9,1,16,17,-6,-15,256,9,15,85.35,7,69.35,1,16
7,225,195,210,28,29,2,1,169,182,27,-2,-1,196,-1,1,437.412,15,255.41199999999998,13,14
8,225,15,0,16,15,14,15,1,0,1,-14,1,0,-15,-1,59.962,15,59.962,1,0
9,324,198,162,29,27,7,9,121,99,20,-7,2,81,-9,-2,355.712,18,256.712,11,9
10,144,84,192,19,28,5,-4,49,112,23,-5,-9,256,4,9,283.844,12,171.844,7,16
11,169,91,130,20,23,6,3,49,70,17,-6,-3,100,-3,3,219.398,13,149.398,7,10
12,36,18,108,9,24,3,-12,9,54,21,-3,-15,324,12,15,123.712,6,69.712,3,18
13,1,6,15,7,16,-5,-14,36,90,21,5,-9,225,14,9,100.356,1,10.355999999999995,6,15
14,289,170,34,27,19,7,15,100,20,12,-7,8,4,-15,-8,190.228,17,170.228,10,2
15,64,80,120,18,23,-2,-7,100,150,25,2,-5,225,7,5,263.336,8,113.33600000000001,10,15
16,324,162,342,27,37,9,-1,81,171,28,-9,-10,361,1,10,499.792,18,328.792,9,19
17,225,210,285,29,34,1,-4,196,266,33,-1,-5,361,4,5,566.434,15,300.43399999999997,14,19
18,400,160,220,28,31,12,9,64,88,19,-12,-3,121,-9,3,373.384,20,285.384,8,11
19,36,102,60,23,16,-11,-4,289,170,27,11,7,100,4,-7,259.192,6,89.19200000000001,17,10
20,49,49,91,14,20,0,-6,49,91,20,0,-6,169,6,6,171.636,7,80.636,7,13
21,4,2,12,3,8,1,-4,1,6,7,-1,-5,36,4,5,13.544,2,7.5440000000000005,1,6
22,36,48,96,14,22,-2,-10,64,128,24,2,-8,256,10,8,206.896,6,78.89599999999999,8,16
23,100,160,160,26,26,-6,-6,256,256,32,6,0,256,6,0,438.444,10,182.44400000000002,16,16
24,1,1,6,2,7,0,-5,1,6,7,0,-5,36,5,5,9.43,1,3.4299999999999997,1,6
25,121,77,55,18,16,4,6,49,35,12,-4,2,25,-6,-2,128.676,11,93.67599999999999,7,5
26,1,5,8,6,9,-4,-7,25,40,13,4,-3,64,7,3,46.572,1,6.572000000000003,5,8
27,25,0,80,5,21,5,-11,0,0,16,-5,-16,256,11,16,43.568,5,43.568,0,16
28,9,36,60,15,23,-9,-17,144,240,32,9,-8,400,17,8,289.444,3,49.44400000000002,12,20
29,4,38,24,21,14,-17,-10,361,228,31,17,7,144,10,-7,259.708,2,31.708000000000027,19,12
30,196,28,126,16,23,12,5,4,18,11,-12,-7,81,-5,7,140.608,14,122.608,2,9
31,361,304,171,35,28,3,10,256,144,25,-3,7,81,-10,-7,467.208,19,323.208,16,9
32,256,16,144,17,25,15,7,1,9,10,-15,-8,81,-7,8,149.758,16,140.758,1,9
33,81,36,99,13,20,5,-2,16,44,15,-5,-7,121,2,7,130.61,9,86.61000000000001,4,11
34,16,36,0,13,4,-5,4,81,0,9,5,9,0,-4,-9,20.412,4,20.412,9,0
35,25,65,25,18,10,-8,0,169,65,18,8,8,25,0,-8,114.628,5,49.628,13,5
36,4,34,36,19,20,-15,-16,289,306,35,15,-1,324,16,1,341.456,2,35.45600000000002,17,18
37,9,36,45,15,18,-9,-12,144,180,27,9,-3,225,12,3,222.084,3,42.084,12,15
38,256,80,48,21,19,11,13,25,15,8,-11,2,9,-13,-2,138.866,16,123.86600000000001,5,3
39,256,0,240,16,31,16,1,0,0,15,-16,-15,225,-1,15,179.724,16,179.724,0,15
40,100,60,170,16,27,4,-7,36,102,23,-4,-11,289,7,11,239.168,10,137.168,6,17
41,225,75,135,20,24,10,6,25,45,14,-10,-4,81,-6,4,202.68,15,157.68,5,9
42,225,195,210,28,29,2,1,169,182,27,-2,-1,196,-1,1,437.118,15,255.118,13,14
43,196,210,98,29,21,-1,7,225,105,22,1,8,49,-7,-8,304.868,14,199.868,15,7
44,225,300,150,35,25,-5,5,400,200,30,5,10,100,-5,-10,476.776,15,276.776,20,10
45,100,10,70,11,17,9,3,1,7,8,-9,-6,49,-3,6,69.72,10,62.72,1,7
46,196,238,28,31,16,-3,12,289,34,19,3,15,4,-12,-15,214.032,14,180.032,17,2
47,289,306,187,35,28,-1,6,324,198,29,1,7,121,-6,-7,511.814,17,313.814,18,11
0,1,25,0,26,1,-24,1,625,0,25,24,25,0,-1,-25,12.066666666666666,1,12.066666666666666,25,0
1,4,50,0,27,2,-23,2,625,0,25,23,25,0,-2,-25,25.42,2,25.42,25,0
2,1,12,0,13,1,-11,1,144,0,12,11,12,0,-1,-12,5.944,1,5.944,12,0
3,49,133,0,26,7,-12,7,361,0,19,12,19,0,-7,-19,77.89866666666667,7,77.89866666666667,19,0
4,1,0,25,1,26,1,-24,0,0,25,-1,-25,625,24,25,13.283333333333333,1,13.283333333333333,0,25
5,625,0,625,25,50,25,0,0,0,25,-25,-25,625,0,25,463.33,25,463.33,0,25
6,625,0,0,25,25,25,25,0,0,0,-25,0,0,-25,0,149.94,25,149.94,0,0
7,289,255,0,32,17,2,17,225,0,15,-2,15,0,-17,-15,193.704,17,193.704,15,0
8,1,25,0,26,1,-24,1,625,0,25,24,25,0,-1,-25,12.233333333333333,1,12.233333333333333,25,0
9,4,50,0,27,2,-23,2,625,0,25,23,25,0,-2,-25,25.156,2,25.156,25,0
10,625,250,0,35,25,15,25,100,0,10,-15,10,0,-25,-10,275.5706666666667,25,275.5706666666667,10,0
11,1,25,0,26,1,-24,1,625,0,25,24,25,0,-1,-25,12.266666666666667,1,12.266666666666667,25,0
12,100,250,0,35,10,-15,10,625,0,25,15,25,0,-10,-25,147.11333333333334,10,147.11333333333334,25,0
13,625,625,625,50,50,0,0,625,625,50,0,0,625,0,0,1400.0053333333333,25,775.0053333333333,25,25
14,121,275,253,36,34,-14,-12,625,575,48,14,2,529,12,-2,866.34,11,291.34000000000003,25,23
15,121,275,0,36,11,-14,11,625,0,25,14,25,0,-11,-25,165.33533333333332,11,165.33533333333332,25,0
16,1,0,25,1,26,1,-24,0,0,25,-1,-25,625,24,25,12.466666666666667,1,12.466666666666667,0,25
17,625,0,625,25,50,25,0,0,0,25,-25,-25,625,0,25,462.074,25,462.074,0,25
18,625,625,0,50,25,0,25,625,0,25,0,25,0,-25,-25,462.362,25,462.362,25,0
19,121,275,0,36,11,-14,11,625,0,25,14,25,0,-11,-25,163.966,11,163.966,25,0
20,100,250,0,35,10,-15,10,625,0,25,15,25,0,-10,-25,145.27066666666667,10,145.27066666666667,25,0
21,625,0,0,25,25,25,25,0,0,0,-25,0,0,-25,0,149.96533333333332,25,149.96533333333332,0,0
22,1,25,25,26,26,-24,-24,625,625,50,24,0,625,24,0,650.0,1,25.0,25,25
23,625,0,0,25,25,25,25,0,0,0,-25,0,0,-25,0,149.60666666666665,25,149.60666666666665,0,0
24,1,0,0,1,1,1,1,0,0,0,-1,0,0,-1,0,0.0,1,0.0,0,0
25,169,0,0,13,13,13,13,0,0,0,-13,0,0,-13,0,38.952,13,38.952,0,0
26,1,0,25,1,26,1,-24,0,0,25,-1,-25,625,24,25,12.75,1,12.75,0,25
27,1,0,0,1,1,1,1,0,0,0,-1,0,0,-1,0,0.0,1,0.0,0,0
28,4,0,0,2,2,2,2,0,0,0,-2,0,0,-2,0,0.5106666666666667,2,0.5106666666666667,0,0
29,1,25,0,26,1,-24,1,625,0,25,24,25,0,-1,-25,12.066666666666666,1,12.066666666666666,25,0
30,169,0,0,13,13,13,13,0,0,0,-13,0,0,-13,0,38.776,13,38.776,0,0
31,121,275,165,36,26,-14,-4,625,375,40,14,10,225,4,-10,622.3213333333333,11,247.3213333333333,25,15
32,625,250,625,35,50,15,0,100,250,35,-15,-15,625,0,15,837.972,25,587.972,10,25
33,256,256,400,32,41,0,-9,256,400,41,0,-9,625,9,9,787.8746666666667,16,387.8746666666667,16,25
34,625,625,0,50,25,0,25,625,0,25,0,25,0,-25,-25,463.948,25,463.948,25,0
35,121,275,275,36,36,-14,-14,625,625,50,14,0,625,14,0,927.58,11,302.58000000000004,25,25
36,100,250,250,35,35,-15,-15,625,625,50,15,0,625,15,0,897.5126666666666,10,272.51266666666663,25,25
37,121,275,0,36,11,-14,11,625,0,25,14,25,0,-11,-25,163.84333333333333,11,163.84333333333333,25,0
38,100,250,0,35,10,-15,10,625,0,25,15,25,0,-10,-25,147.66666666666666,10,147.66666666666666,25,0
39,625,225,625,34,50,16,0,81,225,34,-16,-16,625,0,16,802.2253333333333,25,577.2253333333333,9,25
40,625,225,0,34,25,16,25,81,0,9,-16,9,0,-25,-9,262.6913333333333,25,262.6913333333333,9,0
41,121,275,0,36,11,-14,11,625,0,25,14,25,0,-11,-25,164.40666666666667,11,164.40666666666667,25,0
42,100,250,0,35,10,-15,10,625,0,25,15,25,0,-10,-25,149.67466666666667,10,149.67466666666667,25,0
43,625,250,0,35,25,15,25,100,0,10,-15,10,0,-25,-10,275.3586666666667,25,275.3586666666667,10,0
44,625,0,0,25,25,25,25,0,0,0,-25,0,0,-25,0,150.09733333333332,25,150.09733333333332,0,0
45,1,25,0,26,1,-24,1,625,0,25,24,25,0,-1,-25,12.066666666666666,1,12.066666666666666,25,0
46,4,50,0,27,2,-23,2,625,0,25,23,25,0,-2,-25,25.42,2,25.42,25,0
47,1,12,0,13,1,-11,1,144,0,12,11,12,0,-1,-12,5.944,1,5.944,12,0
48,49,133,0,26,7,-12,7,361,0,19,12,19,0,-7,-19,77.89866666666667,7,77.89866666666667,19,0
49,1,0,25,1,26,1,-24,0,0,25,-1,-25,625,24,25,13.283333333333333,1,13.283333333333333,0,25
50,625,0,625,25,50,25,0,0,0,25,-25,-25,625,0,25,463.33,25,463.33,0,25
51,625,0,0,25,25,25,25,0,0,0,-25,0,0,-25,0,149.94,25,149.94,0,0
52,289,255,0,32,17,2,17,225,0,15,-2,15,0,-17,-15,193.704,17,193.704,15,0
53,1,25,0,26,1,-24,1,625,0,25,24,25,0,-1,-25,12.233333333333333,1,12.233333333333333,25,0
54,4,50,0,27,2,-23,2,625,0,25,23,25,0,-2,-25,25.156,2,25.156,25,0
55,625,250,0,35,25,15,25,100,0,10,-15,10,0,-25,-10,275.5706666666667,25,275.5706666666667,10,0
56,1,25,0,26,1,-24,1,625,0,25,24,25,0,-1,-25,12.266666666666667,1,12.266666666666667,25,0
57,100,250,0,35,10,-15,10,625,0,25,15,25,0,-10,-25,147.11333333333334,10,147.11333333333334,25,0
58,625,625,625,50,50,0,0,625,625,50,0,0,625,0,0,1400.0053333333333,25,775.0053333333333,25,25
59,121,275,253,36,34,-14,-12,625,575,48,14,2,529,12,-2,866.34,11,291.34000000000003,25,23
60,121,275,0,36,11,-14,11,625,0,25,14,25,0,-11,-25,165.33533333333332,11,165.33533333333332,25,0
61,1,0,25,1,26,1,-24,0,0,25,-1,-25,625,24,25,12.466666666666667,1,12.466666666666667,0,25
62,625,0,625,25,50,25,0,0,0,25,-25,-25,625,0,25,462.074,25,462.074,0,25
63,625,625,0,50,25,0,25,625,0,25,0,25,0,-25,-25,462.362,25,462.362,25,0
64,121,275,0,36,11,-14,11,625,0,25,14,25,0,-11,-25,163.966,11,163.966,25,0
65,100,250,0,35,10,-15,10,625,0,25,15,25,0,-10,-25,145.27066666666667,10,145.27066666666667,25,0
66,625,0,0,25,25,25,25,0,0,0,-25,0,0,-25,0,149.96533333333332,25,149.96533333333332,0,0
67,1,25,25,26,26,-24,-24,625,625,50,24,0,625,24,0,650.0,1,25.0,25,25
68,625,0,0,25,25,25,25,0,0,0,-25,0,0,-25,0,149.60666666666665,25,149.60666666666665,0,0
69,1,0,0,1,1,1,1,0,0,0,-1,0,0,-1,0,0.0,1,0.0,0,0
70,169,0,0,13,13,13,13,0,0,0,-13,0,0,-13,0,38.952,13,38.952,0,0
71,1,0,25,1,26,1,-24,0,0,25,-1,-25,625,24,25,12.75,1,12.75,0,25
72,1,0,0,1,1,1,1,0,0,0,-1,0,0,-1,0,0.0,1,0.0,0,0
73,4,0,0,2,2,2,2,0,0,0,-2,0,0,-2,0,0.5106666666666667,2,0.5106666666666667,0,0
74,1,25,0,26,1,-24,1,625,0,25,24,25,0,-1,-25,12.066666666666666,1,12.066666666666666,25,0
75,169,0,0,13,13,13,13,0,0,0,-13,0,0,-13,0,38.776,13,38.776,0,0
76,121,275,165,36,26,-14,-4,625,375,40,14,10,225,4,-10,622.3213333333333,11,247.3213333333333,25,15
77,625,250,625,35,50,15,0,100,250,35,-15,-15,625,0,15,837.972,25,587.972,10,25
78,256,256,400,32,41,0,-9,256,400,41,0,-9,625,9,9,787.8746666666667,16,387.8746666666667,16,25
79,625,625,0,50,25,0,25,625,0,25,0,25,0,-25,-25,463.948,25,463.948,25,0
80,121,275,275,36,36,-14,-14,625,625,50,14,0,625,14,0,927.58,11,302.58000000000004,25,25
81,100,250,250,35,35,-15,-15,625,625,50,15,0,625,15,0,897.5126666666666,10,272.51266666666663,25,25
82,121,275,0,36,11,-14,11,625,0,25,14,25,0,-11,-25,163.84333333333333,11,163.84333333333333,25,0
83,100,250,0,35,10,-15,10,625,0,25,15,25,0,-10,-25,147.66666666666666,10,147.66666666666666,25,0
84,625,225,625,34,50,16,0,81,225,34,-16,-16,625,0,16,802.2253333333333,25,577.2253333333333,9,25
85,625,225,0,34,25,16,25,81,0,9,-16,9,0,-25,-9,262.6913333333333,25,262.6913333333333,9,0
86,121,275,0,36,11,-14,11,625,0,25,14,25,0,-11,-25,164.40666666666667,11,164.40666666666667,25,0
87,100,250,0,35,10,-15,10,625,0,25,15,25,0,-10,-25,149.67466666666667,10,149.67466666666667,25,0
88,625,250,0,35,25,15,25,100,0,10,-15,10,0,-25,-10,275.3586666666667,25,275.3586666666667,10,0
89,625,0,0,25,25,25,25,0,0,0,-25,0,0,-25,0,150.09733333333332,25,150.09733333333332,0,0
90,1,25,0,26,1,-24,1,625,0,25,24,25,0,-1,-25,12.066666666666666,1,12.066666666666666,25,0
91,4,50,0,27,2,-23,2,625,0,25,23,25,0,-2,-25,25.42,2,25.42,25,0
92,1,12,0,13,1,-11,1,144,0,12,11,12,0,-1,-12,5.944,1,5.944,12,0
93,49,133,0,26,7,-12,7,361,0,19,12,19,0,-7,-19,77.89866666666667,7,77.89866666666667,19,0
94,1,0,25,1,26,1,-24,0,0,25,-1,-25,625,24,25,13.283333333333333,1,13.283333333333333,0,25
95,625,0,625,25,50,25,0,0,0,25,-25,-25,625,0,25,463.33,25,463.33,0,25
96,625,0,0,25,25,25,25,0,0,0,-25,0,0,-25,0,149.94,25,149.94,0,0
97,289,255,0,32,17,2,17,225,0,15,-2,15,0,-17,-15,193.704,17,193.704,15,0
98,1,25,0,26,1,-24,1,625,0,25,24,25,0,-1,-25,12.233333333333333,1,12.233333333333333,25,0
99,4,50,0,27,2,-23,2,625,0,25,23,25,0,-2,-25,25.156,2,25.156,25,0
100,625,250,0,35,25,15,25,100,0,10,-15,10,0,-25,-10,275.5706666666667,25,275.5706666666667,10,0
101,1,25,0,26,1,-24,1,625,0,25,24,25,0,-1,-25,12.266666666666667,1,12.266666666666667,25,0
102,100,250,0,35,10,-15,10,625,0,25,15,25,0,-10,-25,147.11333333333334,10,147.11333333333334,25,0
103,625,625,625,50,50,0,0,625,625,50,0,0,625,0,0,1400.0053333333333,25,775.0053333333333,25,25
104,121,275,253,36,34,-14,-12,625,575,48,14,2,529,12,-2,866.34,11,291.34000000000003,25,23
105,121,275,0,36,11,-14,11,625,0,25,14,25,0,-11,-25,165.33533333333332,11,165.33533333333332,25,0
106,1,0,25,1,26,1,-24,0,0,25,-1,-25,625,24,25,12.466666666666667,1,12.466666666666667,0,25
107,625,0,625,25,50,25,0,0,0,25,-25,-25,625,0,25,462.074,25,462.074,0,25
108,625,625,0,50,25,0,25,625,0,25,0,25,0,-25,-25,462.362,25,462.362,25,0
109,121,275,0,36,11,-14,11,625,0,25,14,25,0,-11,-25,163.966,11,163.966,25,0
110,100,250,0,35,10,-15,10,625,0,25,15,25,0,-10,-25,145.27066666666667,10,145.27066666666667,25,0
111,625,0,0,25,25,25,25,0,0,0,-25,0,0,-25,0,149.96533333333332,25,149.96533333333332,0,0
112,1,25,25,26,26,-24,-24,625,625,50,24,0,625,24,0,650.0,1,25.0,25,25
113,625,0,0,25,25,25,25,0,0,0,-25,0,0,-25,0,149.60666666666665,25,149.60666666666665,0,0
114,1,0,0,1,1,1,1,0,0,0,-1,0,0,-1,0,0.0,1,0.0,0,0
115,169,0,0,13,13,13,13,0,0,0,-13,0,0,-13,0,38.952,13,38.952,0,0
116,1,0,25,1,26,1,-24,0,0,25,-1,-25,625,24,25,12.75,1,12.75,0,25
117,1,0,0,1,1,1,1,0,0,0,-1,0,0,-1,0,0.0,1,0.0,0,0
118,4,0,0,2,2,2,2,0,0,0,-2,0,0,-2,0,0.5106666666666667,2,0.5106666666666667,0,0
119,1,25,0,26,1,-24,1,625,0,25,24,25,0,-1,-25,12.066666666666666,1,12.066666666666666,25,0
120,169,0,0,13,13,13,13,0,0,0,-13,0,0,-13,0,38.776,13,38.776,0,0
121,121,275,165,36,26,-14,-4,625,375,40,14,10,225,4,-10,622.3213333333333,11,247.3213333333333,25,15
122,625,250,625,35,50,15,0,100,250,35,-15,-15,625,0,15,837.972,25,587.972,10,25
123,256,256,400,32,41,0,-9,256,400,41,0,-9,625,9,9,787.8746666666667,16,387.8746666666667,16,25
124,625,625,0,50,25,0,25,625,0,25,0,25,0,-25,-25,463.948,25,463.948,25,0
125,121,275,275,36,36,-14,-14,625,625,50,14,0,625,14,0,927.58,11,302.58000000000004,25,25
126,100,250,250,35,35,-15,-15,625,625,50,15,0,625,15,0,897.5126666666666,10,272.51266666666663,25,25
127,121,275,0,36,11,-14,11,625,0,25,14,25,0,-11,-25,163.84333333333333,11,163.84333333333333,25,0
128,100,250,0,35,10,-15,10,625,0,25,15,25,0,-10,-25,147.66666666666666,10,147.66666666666666,25,0
129,625,225,625,34,50,16,0,81,225,34,-16,-16,625,0,16,802.2253333333333,25,577.2253333333333,9,25
130,625,225,0,34,25,16,25,81,0,9,-16,9,0,-25,-9,262.6913333333333,25,262.6913333333333,9,0
131,121,275,0,36,11,-14,11,625,0,25,14,25,0,-11,-25,164.40666666666667,11,164.40666666666667,25,0
132,100,250,0,35,10,-15,10,625,0,25,15,25,0,-10,-25,149.67466666666667,10,149.67466666666667,25,0
133,625,250,0,35,25,15,25,100,0,10,-15,10,0,-25,-10,275.3586666666667,25,275.3586666666667,10,0
134,625,0,0,25,25,25,25,0,0,0,-25,0,0,-25,0,150.09733333333332,25,150.09733333333332,0,0
135,1,25,0,26,1,-24,1,625,0,25,24,25,0,-1,-25,12.066666666666666,1,12.066666666666666,25,0
136,4,50,0,27,2,-23,2,625,0,25,23,25,0,-2,-25,25.42,2,25.42,25,0
137,1,12,0,13,1,-11,1,144,0,12,11,12,0,-1,-12,5.944,1,5.944,12,0
138,49,133,0,26,7,-12,7,361,0,19,12,19,0,-7,-19,77.89866666666667,7,77.89866666666667,19,0
139,1,0,25,1,26,1,-24,0,0,25,-1,-25,625,24,25,13.283333333333333,1,13.283333333333333,0,25
140,625,0,625,25,50,25,0,0,0,25,-25,-25,625,0,25,463.33,25,463.33,0,25
141,625,0,0,25,25,25,25,0,0,0,-25,0,0,-25,0,149.94,25,149.94,0,0
142,289,255,0,32,17,2,17,225,0,15,-2,15,0,-17,-15,193.704,17,193.704,15,0
143,1,25,0,26,1,-24,1,625,0,25,24,25,0,-1,-25,12.233333333333333,1,12.233333333333333,25,0
144,4,50,0,27,2,-23,2,625,0,25,23,25,0,-2,-25,25.156,2,25.156,25,0
145,625,250,0,35,25,15,25,100,0,10,-15,10,0,-25,-10,275.5706666666667,25,275.5706666666667,10,0
146,1,25,0,26,1,-24,1,625,0,25,24,25,0,-1,-25,12.266666666666667,1,12.266666666666667,25,0
147,100,250,0,35,10,-15,10,625,0,25,15,25,0,-10,-25,147.11333333333334,10,147.11333333333334,25,0
148,625,625,625,50,50,0,0,625,625,50,0,0,625,0,0,1400.0053333333333,25,775.0053333333333,25,25
149,121,275,253,36,34,-14,-12,625,575,48,14,2,529,12,-2,866.34,11,291.34000000000003,25,23
150,121,275,0,36,11,-14,11,625,0,25,14,25,0,-11,-25,165.33533333333332,11,165.33533333333332,25,0
151,1,0,25,1,26,1,-24,0,0,25,-1,-25,625,24,25,12.466666666666667,1,12.466666666666667,0,25
152,625,0,625,25,50,25,0,0,0,25,-25,-25,625,0,25,462.074,25,462.074,0,25
153,625,625,0,50,25,0,25,625,0,25,0,25,0,-25,-25,462.362,25,462.362,25,0
154,121,275,0,36,11,-14,11,625,0,25,14,25,0,-11,-25,163.966,11,163.966,25,0
155,100,250,0,35,10,-15,10,625,0,25,15,25,0,-10,-25,145.27066666666667,10,145.27066666666667,25,0
156,625,0,0,25,25,25,25,0,0,0,-25,0,0,-25,0,149.96533333333332,25,149.96533333333332,0,0
157,1,25,25,26,26,-24,-24,625,625,50,24,0,625,24,0,650.0,1,25.0,25,25
158,625,0,0,25,25,25,25,0,0,0,-25,0,0,-25,0,149.60666666666665,25,149.60666666666665,0,0
159,1,0,0,1,1,1,1,0,0,0,-1,0,0,-1,0,0.0,1,0.0,0,0
160,169,0,0,13,13,13,13,0,0,0,-13,0,0,-13,0,38.952,13,38.952,0,0
161,1,0,25,1,26,1,-24,0,0,25,-1,-25,625,24,25,12.75,1,12.75,0,25
162,1,0,0,1,1,1,1,0,0,0,-1,0,0,-1,0,0.0,1,0.0,0,0
163,4,0,0,2,2,2,2,0,0,0,-2,0,0,-2,0,0.5106666666666667,2,0.5106666666666667,0,0
164,1,25,0,26,1,-24,1,625,0,25,24,25,0,-1,-25,12.066666666666666,1,12.066666666666666,25,0
165,169,0,0,13,13,13,13,0,0,0,-13,0,0,-13,0,38.776,13,38.776,0,0
166,121,275,165,36,26,-14,-4,625,375,40,14,10,225,4,-10,622.3213333333333,11,247.3213333333333,25,15
167,625,250,625,35,50,15,0,100,250,35,-15,-15,625,0,15,837.972,25,587.972,10,25
168,256,256,400,32,41,0,-9,256,400,41,0,-9,625,9,9,787.8746666666667,16,387.8746666666667,16,25
169,625,625,0,50,25,0,25,625,0,25,0,25,0,-25,-25,463.948,25,463.948,25,0
170,121,275,275,36,36,-14,-14,625,625,50,14,0,625,14,0,927.58,11,302.58000000000004,25,25
171,100,250,250,35,35,-15,-15,625,625,50,15,0,625,15,0,897.5126666666666,10,272.51266666666663,25,25
172,121,275,0,36,11,-14,11,625,0,25,14,25,0,-11,-25,163.84333333333333,11,163.84333333333333,25,0
173,100,250,0,35,10,-15,10,625,0,25,15,25,0,-10,-25,147.66666666666666,10,147.66666666666666,25,0
174,625,225,625,34,50,16,0,81,225,34,-16,-16,625,0,16,802.2253333333333,25,577.2253333333333,9,25
175,625,225,0,34,25,16,25,81,0,9,-16,9,0,-25,-9,262.6913333333333,25,262.6913333333333,9,0
176,121,275,0,36,11,-14,11,625,0,25,14,25,0,-11,-25,164.40666666666667,11,164.40666666666667,25,0
177,100,250,0,35,10,-15,10,625,0,25,15,25,0,-10,-25,149.67466666666667,10,149.67466666666667,25,0
178,625,250,0,35,25,15,25,100,0,10,-15,10,0,-25,-10,275.3586666666667,25,275.3586666666667,10,0
179,625,0,0,25,25,25,25,0,0,0,-25,0,0,-25,0,150.09733333333332,25,150.09733333333332,0,0
180,1,25,0,26,1,-24,1,625,0,25,24,25,0,-1,-25,12.066666666666666,1,12.066666666666666,25,0
181,4,50,0,27,2,-23,2,625,0,25,23,25,0,-2,-25,25.42,2,25.42,25,0
182,1,12,0,13,1,-11,1,144,0,12,11,12,0,-1,-12,5.944,1,5.944,12,0
183,49,133,0,26,7,-12,7,361,0,19,12,19,0,-7,-19,77.89866666666667,7,77.89866666666667,19,0
184,1,0,25,1,26,1,-24,0,0,25,-1,-25,625,24,25,13.283333333333333,1,13.283333333333333,0,25
185,625,0,625,25,50,25,0,0,0,25,-25,-25,625,0,25,463.33,25,463.33,0,25
186,625,0,0,25,25,25,25,0,0,0,-25,0,0,-25,0,149.94,25,149.94,0,0
187,289,255,0,32,17,2,17,225,0,15,-2,15,0,-17,-15,193.704,17,193.704,15,0
188,1,25,0,26,1,-24,1,625,0,25,24,25,0,-1,-25,12.233333333333333,1,12.233333333333333,25,0
189,4,50,0,27,2,-23,2,625,0,25,23,25,0,-2,-25,25.156,2,25.156,25,0
190,625,250,0,35,25,15,25,100,0,10,-15,10,0,-25,-10,275.5706666666667,25,275.5706666666667,10,0
191,1,25,0,26,1,-24,1,625,0,25,24,25,0,-1,-25,12.266666666666667,1,12.266666666666667,25,0
192,100,250,0,35,10,-15,10,625,0,25,15,25,0,-10,-25,147.11333333333334,10,147.11333333333334,25,0
193,625,625,625,50,50,0,0,625,625,50,0,0,625,0,0,1400.0053333333333,25,775.0053333333333,25,25
194,121,275,253,36,34,-14,-12,625,575,48,14,2,529,12,-2,866.34,11,291.34000000000003,25,23
195,121,275,0,36,11,-14,11,625,0,25,14,25,0,-11,-25,165.33533333333332,11,165.33533333333332,25,0
196,1,0,25,1,26,1,-24,0,0,25,-1,-25,625,24,25,12.466666666666667,1,12.466666666666667,0,25
197,625,0,625,25,50,25,0,0,0,25,-25,-25,625,0,25,462.074,25,462.074,0,25
198,625,625,0,50,25,0,25,625,0,25,0,25,0,-25,-25,462.362,25,462.362,25,0
199,121,275,0,36,11,-14,11,625,0,25,14,25,0,-11,-25,163.966,11,163.966,25,0
200,100,250,0,35,10,-15,10,625,0,25,15,25,0,-10,-25,145.27066666666667,10,145.27066666666667,25,0
201,625,0,0,25,25,25,25,0,0,0,-25,0,0,-25,0,149.96533333333332,25,149.96533333333332,0,0
202,1,25,25,26,26,-24,-24,625,625,50,24,0,625,24,0,650.0,1,25.0,25,25
203,625,0,0,25,25,25,25,0,0,0,-25,0,0,-25,0,149.60666666666665,25,149.60666666666665,0,0
204,1,0,0,1,1,1,1,0,0,0,-1,0,0,-1,0,0.0,1,0.0,0,0
205,169,0,0,13,13,13,13,0,0,0,-13,0,0,-13,0,38.952,13,38.952,0,0
206,1,0,25,1,26,1,-24,0,0,25,-1,-25,625,24,25,12.75,1,12.75,0,25
207,1,0,0,1,1,1,1,0,0,0,-1,0,0,-1,0,0.0,1,0.0,0,0
208,4,0,0,2,2,2,2,0,0,0,-2,0,0,-2,0,0.5106666666666667,2,0.5106666666666667,0,0
209,1,25,0,26,1,-24,1,625,0,25,24,25,0,-1,-25,12.066666666666666,1,12.066666666666666,25,0
210,169,0,0,13,13,13,13,0,0,0,-13,0,0,-13,0,38.776,13,38.776,0,0
211,121,275,165,36,26,-14,-4,625,375,40,14,10,225,4,-10,622.3213333333333,11,247.3213333333333,25,15
212,625,250,625,35,50,15,0,100,250,35,-15,-15,625,0,15,837.972,25,587.972,10,25
213,256,256,400,32,41,0,-9,256,400,41,0,-9,625,9,9,787.8746666666667,16,387.8746666666667,16,25
214,625,625,0,50,25,0,25,625,0,25,0,25,0,-25,-25,463.948,25,463.948,25,0
215,121,275,275,36,36,-14,-14,625,625,50,14,0,625,14,0,927.58,11,302.58000000000004,25,25
216,100,250,250,35,35,-15,-15,625,625,50,15,0,625,15,0,897.5126666666666,10,272.51266666666663,25,25
217,121,275,0,36,11,-14,11,625,0,25,14,25,0,-11,-25,163.84333333333333,11,163.84333333333333,25,0
218,100,250,0,35,10,-15,10,625,0,25,15,25,0,-10,-25,147.66666666666666,10,147.66666666666666,25,0
219,625,225,625,34,50,16,0,81,225,34,-16,-16,625,0,16,802.2253333333333,25,577.2253333333333,9,25
220,625,225,0,34,25,16,25,81,0,9,-16,9,0,-25,-9,262.6913333333333,25,262.6913333333333,9,0
221,121,275,0,36,11,-14,11,625,0,25,14,25,0,-11,-25,164.40666666666667,11,164.40666666666667,25,0
222,100,250,0,35,10,-15,10,625,0,25,15,25,0,-10,-25,149.67466666666667,10,149.67466666666667,25,0
223,625,250,0,35,25,15,25,100,0,10,-15,10,0,-25,-10,275.3586666666667,25,275.3586666666667,10,0
224,625,0,0,25,25,25,25,0,0,0,-25,0,0,-25,0,150.09733333333332,25,150.09733333333332,0,0
225,1,25,0,26,1,-24,1,625,0,25,24,25,0,-1,-25,12.066666666666666,1,12.066666666666666,25,0
226,4,50,0,27,2,-23,2,625,0,25,23,25,0,-2,-25,25.42,2,25.42,25,0
227,1,12,0,13,1,-11,1,144,0,12,11,12,0,-1,-12,5.944,1,5.944,12,0
228,49,133,0,26,7,-12,7,361,0,19,12,19,0,-7,-19,77.89866666666667,7,77.89866666666667,19,0
229,1,0,25,1,26,1,-24,0,0,25,-1,-25,625,24,25,13.283333333333333,1,13.283333333333333,0,25
230,625,0,625,25,50,25,0,0,0,25,-25,-25,625,0,25,463.33,25,463.33,0,25
231,625,0,0,25,25,25,25,0,0,0,-25,0,0,-25,0,149.94,25,149.94,0,0
232,289,255,0,32,17,2,17,225,0,15,-2,15,0,-17,-15,193.704,17,193.704,15,0
233,1,25,0,26,1,-24,1,625,0,25,24,25,0,-1,-25,12.233333333333333,1,12.233333333333333,25,0
234,4,50,0,27,2,-23,2,625,0,25,23,25,0,-2,-25,25.156,2,25.156,25,0
235,625,250,0,35,25,15,25,100,0,10,-15,10,0,-25,-10,275.5706666666667,25,275.5706666666667,10,0
236,1,25,0,26,1,-24,1,625,0,25,24,25,0,-1,-25,12.266666666666667,1,12.266666666666667,25,0
237,100,250,0,35,10,-15,10,625,0,25,15,25,0,-10,-25,147.11333333333334,10,147.11333333333334,25,0
238,625,625,625,50,50,0,0,625,625,50,0,0,625,0,0,1400.0053333333333,25,775.0053333333333,25,25
239,121,275,253,36,34,-14,-12,625,575,48,14,2,529,12,-2,866.34,11,291.34000000000003,25,23
240,121,275,0,36,11,-14,11,625,0,25,14,25,0,-11,-25,165.33533333333332,11,165.33533333333332,25,0
241,1,0,25,1,26,1,-24,0,0,25,-1,-25,625,24,25,12.466666666666667,1,12.466666666666667,0,25
242,625,0,625,25,50,25,0,0,0,25,-25,-25,625,0,25,462.074,25,462.074,0,25
243,625,625,0,50,25,0,25,625,0,25,0,25,0,-25,-25,462.362,25,462.362,25,0
244,121,275,0,36,11,-14,11,625,0,25,14,25,0,-11,-25,163.966,11,163.966,25,0
245,100,250,0,35,10,-15,10,625,0,25,15,25,0,-10,-25,145.27066666666667,10,145.27066666666667,25,0
246,625,0,0,25,25,25,25,0,0,0,-25,0,0,-25,0,149.96533333333332,25,149.96533333333332,0,0
247,1,25,25,26,26,-24,-24,625,625,50,24,0,625,24,0,650.0,1,25.0,25,25
248,625,0,0,25,25,25,25,0,0,0,-25,0,0,-25,0,149.60666666666665,25,149.60666666666665,0,0
249,1,0,0,1,1,1,1,0,0,0,-1,0,0,-1,0,0.0,1,0.0,0,0
250,169,0,0,13,13,13,13,0,0,0,-13,0,0,-13,0,38.952,13,38.952,0,0
251,1,0,25,1,26,1,-24,0,0,25,-1,-25,625,24,25,12.75,1,12.75,0,25
252,1,0,0,1,1,1,1,0,0,0,-1,0,0,-1,0,0.0,1,0.0,0,0
253,4,0,0,2,2,2,2,0,0,0,-2,0,0,-2,0,0.5106666666666667,2,0.5106666666666667,0,0
254,1,25,0,26,1,-24,1,625,0,25,24,25,0,-1,-25,12.066666666666666,1,12.066666666666666,25,0
255,169,0,0,13,13,13,13,0,0,0,-13,0,0,-13,0,38.776,13,38.776,0,0
256,121,275,165,36,26,-14,-4,625,375,40,14,10,225,4,-10,622.3213333333333,11,247.3213333333333,25,15
257,625,250,625,35,50,15,0,100,250,35,-15,-15,625,0,15,837.972,25,587.972,10,25
258,256,256,400,32,41,0,-9,256,400,41,0,-9,625,9,9,787.8746666666667,16,387.8746666666667,16,25
259,625,625,0,50,25,0,25,625,0,25,0,25,0,-25,-25,463.948,25,463.948,25,0
260,121,275,275,36,36,-14,-14,625,625,50,14,0,625,14,0,927.58,11,302.58000000000004,25,25
261,100,250,250,35,35,-15,-15,625,625,50,15,0,625,15,0,897.5126666666666,10,272.51266666666663,25,25
262,121,275,0,36,11,-14,11,625,0,25,14,25,0,-11,-25,163.84333333333333,11,163.84333333333333,25,0
263,100,250,0,35,10,-15,10,625,0,25,15,25,0,-10,-25,147.66666666666666,10,147.66666666666666,25,0
264,625,225,625,34,50,16,0,81,225,34,-16,-16,625,0,16,802.2253333333333,25,577.2253333333333,9,25
265,625,225,0,34,25,16,25,81,0,9,-16,9,0,-25,-9,262.6913333333333,25,262.6913333333333,9,0
266,121,275,0,36,11,-14,11,625,0,25,14,25,0,-11,-25,164.40666666666667,11,164.40666666666667,25,0
267,100,250,0,35,10,-15,10,625,0,25,15,25,0,-10,-25,149.67466666666667,10,149.67466666666667,25,0
268,625,250,0,35,25,15,25,100,0,10,-15,10,0,-25,-10,275.3586666666667,25,275.3586666666667,10,0
269,625,0,0,25,25,25,25,0,0,0,-25,0,0,-25,0,150.09733333333332,25,150.09733333333332,0,0
270,1,25,0,26,1,-24,1,625,0,25,24,25,0,-1,-25,12.066666666666666,1,12.066666666666666,25,0
271,4,50,0,27,2,-23,2,625,0,25,23,25,0,-2,-25,25.42,2,25.42,25,0
272,1,12,0,13,1,-11,1,144,0,12,11,12,0,-1,-12,5.944,1,5.944,12,0
273,49,133,0,26,7,-12,7,361,0,19,12,19,0,-7,-19,77.89866666666667,7,77.89866666666667,19,0
274,1,0,25,1,26,1,-24,0,0,25,-1,-25,625,24,25,13.283333333333333,1,13.283333333333333,0,25
275,625,0,625,25,50,25,0,0,0,25,-25,-25,625,0,25,463.33,25,463.33,0,25
276,625,0,0,25,25,25,25,0,0,0,-25,0,0,-25,0,149.94,25,149.94,0,0
277,289,255,0,32,17,2,17,225,0,15,-2,15,0,-17,-15,193.704,17,193.704,15,0
278,1,25,0,26,1,-24,1,625,0,25,24,25,0,-1,-25,12.233333333333333,1,12.233333333333333,25,0
279,4,50,0,27,2,-23,2,625,0,25,23,25,0,-2,-25,25.156,2,25.156,25,0
280,625,250,0,35,25,15,25,100,0,10,-15,10,0,-25,-10,275.5706666666667,25,275.5706666666667,10,0
281,1,25,0,26,1,-24,1,625,0,25,24,25,0,-1,-25,12.266666666666667,1,12.266666666666667,25,0
282,100,250,0,35,10,-15,10,625,0,25,15,25,0,-10,-25,147.11333333333334,10,147.11333333333334,25,0
283,625,625,625,50,50,0,0,625,625,50,0,0,625,0,0,1400.0053333333333,25,775.0053333333333,25,25
284,121,275,253,36,34,-14,-12,625,575,48,14,2,529,12,-2,866.34,11,291.34000000000003,25,23
285,121,275,0,36,11,-14,11,625,0,25,14,25,0,-11,-25,165.33533333333332,11,165.33533333333332,25,0
286,1,0,25,1,26,1,-24,0,0,25,-1,-25,625,24,25,12.466666666666667,1,12.466666666666667,0,25
287,625,0,625,25,50,25,0,0,0,25,-25,-25,625,0,25,462.074,25,462.074,0,25
288,625,625,0,50,25,0,25,625,0,25,0,25,0,-25,-25,462.362,25,462.362,25,0
289,121,275,0,36,11,-14,11,625,0,25,14,25,0,-11,-25,163.966,11,163.966,25,0
290,100,250,0,35,10,-15,10,625,0,25,15,25,0,-10,-25,145.27066666666667,10,145.27066666666667,25,0
291,625,0,0,25,25,25,25,0,0,0,-25,0,0,-25,0,149.96533333333332,25,149.96533333333332,0,0
292,1,25,25,26,26,-24,-24,625,625,50,24,0,625,24,0,650.0,1,25.0,25,25
293,625,0,0,25,25,25,25,0,0,0,-25,0,0,-25,0,149.60666666666665,25,149.60666666666665,0,0
294,1,0,0,1,1,1,1,0,0,0,-1,0,0,-1,0,0.0,1,0.0,0,0
295,169,0,0,13,13,13,13,0,0,0,-13,0,0,-13,0,38.952,13,38.952,0,0
296,1,0,25,1,26,1,-24,0,0,25,-1,-25,625,24,25,12.75,1,12.75,0,25
297,1,0,0,1,1,1,1,0,0,0,-1,0,0,-1,0,0.0,1,0.0,0,0
298,4,0,0,2,2,2,2,0,0,0,-2,0,0,-2,0,0.5106666666666667,2,0.5106666666666667,0,0
299,1,25,0,26,1,-24,1,625,0,25,24,25,0,-1,-25,12.066666666666666,1,12.066666666666666,25,0
300,169,0,0,13,13,13,13,0,0,0,-13,0,0,-13,0,38.776,13,38.776,0,0
301,121,275,165,36,26,-14,-4,625,375,40,14,10,225,4,-10,622.3213333333333,11,247.3213333333333,25,15
302,625,250,625,35,50,15,0,100,250,35,-15,-15,625,0,15,837.972,25,587.972,10,25
303,256,256,400,32,41,0,-9,256,400,41,0,-9,625,9,9,787.8746666666667,16,387.8746666666667,16,25
304,625,625,0,50,25,0,25,625,0,25,0,25,0,-25,-25,463.948,25,463.948,25,0
305,121,275,275,36,36,-14,-14,625,625,50,14,0,625,14,0,927.58,11,302.58000000000004,25,25
306,100,250,250,35,35,-15,-15,625,625,50,15,0,625,15,0,897.5126666666666,10,272.51266666666663,25,25
307,121,275,0,36,11,-14,11,625,0,25,14,25,0,-11,-25,163.84333333333333,11,163.84333333333333,25,0
308,100,250,0,35,10,-15,10,625,0,25,15,25,0,-10,-25,147.66666666666666,10,147.66666666666666,25,0
309,625,225,625,34,50,16,0,81,225,34,-16,-16,625,0,16,802.2253333333333,25,577.2253333333333,9,25
310,625,225,0,34,25,16,25,81,0,9,-16,9,0,-25,-9,262.6913333333333,25,262.6913333333333,9,0
311,121,275,0,36,11,-14,11,625,0,25,14,25,0,-11,-25,164.40666666666667,11,164.40666666666667,25,0
312,100,250,0,35,10,-15,10,625,0,25,15,25,0,-10,-25,149.67466666666667,10,149.67466666666667,25,0
313,625,250,0,35,25,15,25,100,0,10,-15,10,0,-25,-10,275.3586666666667,25,275.3586666666667,10,0
314,625,0,0,25,25,25,25,0,0,0,-25,0,0,-25,0,150.09733333333332,25,150.09733333333332,0,0
315,1,25,0,26,1,-24,1,625,0,25,24,25,0,-1,-25,12.066666666666666,1,12.066666666666666,25,0
316,4,50,0,27,2,-23,2,625,0,25,23,25,0,-2,-25,25.42,2,25.42,25,0
317,1,12,0,13,1,-11,1,144,0,12,11,12,0,-1,-12,5.944,1,5.944,12,0
318,49,133,0,26,7,-12,7,361,0,19,12,19,0,-7,-19,77.89866666666667,7,77.89866666666667,19,0
319,1,0,25,1,26,1,-24,0,0,25,-1,-25,625,24,25,13.283333333333333,1,13.283333333333333,0,25
320,625,0,625,25,50,25,0,0,0,25,-25,-25,625,0,25,463.33,25,463.33,0,25
321,625,0,0,25,25,25,25,0,0,0,-25,0,0,-25,0,149.94,25,149.94,0,0
322,289,255,0,32,17,2,17,225,0,15,-2,15,0,-17,-15,193.704,17,193.704,15,0
323,1,25,0,26,1,-24,1,625,0,25,24,25,0,-1,-25,12.233333333333333,1,12.233333333333333,25,0
324,4,50,0,27,2,-23,2,625,0,25,23,25,0,-2,-25,25.156,2,25.156,25,0
325,625,250,0,35,25,15,25,100,0,10,-15,10,0,-25,-10,275.5706666666667,25,275.5706666666667,10,0
326,1,25,0,26,1,-24,1,625,0,25,24,25,0,-1,-25,12.266666666666667,1,12.266666666666667,25,0
327,100,250,0,35,10,-15,10,625,0,25,15,25,0,-10,-25,147.11333333333334,10,147.11333333333334,25,0
328,625,625,625,50,50,0,0,625,625,50,0,0,625,0,0,1400.0053333333333,25,775.0053333333333,25,25
329,121,275,253,36,34,-14,-12,625,575,48,14,2,529,12,-2,866.34,11,291.34000000000003,25,23
330,121,275,0,36,11,-14,11,625,0,25,14,25,0,-11,-25,165.33533333333332,11,165.33533333333332,25,0
331,1,0,25,1,26,1,-24,0,0,25,-1,-25,625,24,25,12.466666666666667,1,12.466666666666667,0,25
332,625,0,625,25,50,25,0,0,0,25,-25,-25,625,0,25,462.074,25,462.074,0,25
333,625,625,0,50,25,0,25,625,0,25,0,25,0,-25,-25,462.362,25,462.362,25,0
334,121,275,0,36,11,-14,11,625,0,25,14,25,0,-11,-25,163.966,11,163.966,25,0
335,100,250,0,35,10,-15,10,625,0,25,15,25,0,-10,-25,145.27066666666667,10,145.27066666666667,25,0
336,625,0,0,25,25,25,25,0,0,0,-25,0,0,-25,0,149.96533333333332,25,149.96533333333332,0,0
337,1,25,25,26,26,-24,-24,625,625,50,24,0,625,24,0,650.0,1,25.0,25,25
338,625,0,0,25,25,25,25,0,0,0,-25,0,0,-25,0,149.60666666666665,25,149.60666666666665,0,0
339,1,0,0,1,1,1,1,0,0,0,-1,0,0,-1,0,0.0,1,0.0,0,0
340,169,0,0,13,13,13,13,0,0,0,-13,0,0,-13,0,38.952,13,38.952,0,0
341,1,0,25,1,26,1,-24,0,0,25,-1,-25,625,24,25,12.75,1,12.75,0,25
342,1,0,0,1,1,1,1,0,0,0,-1,0,0,-1,0,0.0,1,0.0,0,0
343,4,0,0,2,2,2,2,0,0,0,-2,0,0,-2,0,0.5106666666666667,2,0.5106666666666667,0,0
344,1,25,0,26,1,-24,1,625,0,25,24,25,0,-1,-25,12.066666666666666,1,12.066666666666666,25,0
345,169,0,0,13,13,13,13,0,0,0,-13,0,0,-13,0,38.776,13,38.776,0,0
346,121,275,165,36,26,-14,-4,625,375,40,14,10,225,4,-10,622.3213333333333,11,247.3213333333333,25,15
347,625,250,625,35,50,15,0,100,250,35,-15,-15,625,0,15,837.972,25,587.972,10,25
348,256,256,400,32,41,0,-9,256,400,41,0,-9,625,9,9,787.8746666666667,16,387.8746666666667,16,25
349,625,625,0,50,25,0,25,625,0,25,0,25,0,-25,-25,463.948,25,463.948,25,0
350,121,275,275,36,36,-14,-14,625,625,50,14,0,625,14,0,927.58,11,302.58000000000004,25,25
351,100,250,250,35,35,-15,-15,625,625,50,15,0,625,15,0,897.5126666666666,10,272.51266666666663,25,25
352,121,275,0,36,11,-14,11,625,0,25,14,25,0,-11,-25,163.84333333333333,11,163.84333333333333,25,0
353,100,250,0,35,10,-15,10,625,0,25,15,25,0,-10,-25,147.66666666666666,10,147.66666666666666,25,0
354,625,225,625,34,50,16,0,81,225,34,-16,-16,625,0,16,802.2253333333333,25,577.2253333333333,9,25
355,625,225,0,34,25,16,25,81,0,9,-16,9,0,-25,-9,262.6913333333333,25,262.6913333333333,9,0
356,121,275,0,36,11,-14,11,625,0,25,14,25,0,-11,-25,164.40666666666667,11,164.40666666666667,25,0
357,100,250,0,35,10,-15,10,625,0,25,15,25,0,-10,-25,149.67466666666667,10,149.67466666666667,25,0
358,625,250,0,35,25,15,25,100,0,10,-15,10,0,-25,-10,275.3586666666667,25,275.3586666666667,10,0
359,625,0,0,25,25,25,25,0,0,0,-25,0,0,-25,0,150.09733333333332,25,150.09733333333332,0,0
360,1,25,0,26,1,-24,1,625,0,25,24,25,0,-1,-25,12.066666666666666,1,12.066666666666666,25,0
361,4,50,0,27,2,-23,2,625,0,25,23,25,0,-2,-25,25.42,2,25.42,25,0
362,1,12,0,13,1,-11,1,144,0,12,11,12,0,-1,-12,5.944,1,5.944,12,0
363,49,133,0,26,7,-12,7,361,0,19,12,19,0,-7,-19,77.89866666666667,7,77.89866666666667,19,0
364,1,0,25,1,26,1,-24,0,0,25,-1,-25,625,24,25,13.283333333333333,1,13.283333333333333,0,25
365,625,0,625,25,50,25,0,0,0,25,-25,-25,625,0,25,463.33,25,463.33,0,25
366,625,0,0,25,25,25,25,0,0,0,-25,0,0,-25,0,149.94,25,149.94,0,0
367,289,255,0,32,17,2,17,225,0,15,-2,15,0,-17,-15,193.704,17,193.704,15,0
368,1,25,0,26,1,-24,1,625,0,25,24,25,0,-1,-25,12.233333333333333,1,12.233333333333333,25,0
369,4,50,0,27,2,-23,2,625,0,25,23,25,0,-2,-25,25.156,2,25.156,25,0
370,625,250,0,35,25,15,25,100,0,10,-15,10,0,-25,-10,275.5706666666667,25,275.5706666666667,10,0
371,1,25,0,26,1,-24,1,625,0,25,24,25,0,-1,-25,12.266666666666667,1,12.266666666666667,25,0
372,100,250,0,35,10,-15,10,625,0,25,15,25,0,-10,-25,147.11333333333334,10,147.11333333333334,25,0
373,625,625,625,50,50,0,0,625,625,50,0,0,625,0,0,1400.0053333333333,25,775.0053333333333,25,25
374,121,275,253,36,34,-14,-12,625,575,48,14,2,529,12,-2,866.34,11,291.34000000000003,25,23
375,121,275,0,36,11,-14,11,625,0,25,14,25,0,-11,-25,165.33533333333332,11,165.33533333333332,25,0
376,1,0,25,1,26,1,-24,0,0,25,-1,-25,625,24,25,12.466666666666667,1,12.466666666666667,0,25
377,625,0,625,25,50,25,0,0,0,25,-25,-25,625,0,25,462.074,25,462.074,0,25
378,625,625,0,50,25,0,25,625,0,25,0,25,0,-25,-25,462.362,25,462.362,25,0
379,121,275,0,36,11,-14,11,625,0,25,14,25,0,-11,-25,163.966,11,163.966,25,0
380,100,250,0,35,10,-15,10,625,0,25,15,25,0,-10,-25,145.27066666666667,10,145.27066666666667,25,0
381,625,0,0,25,25,25,25,0,0,0,-25,0,0,-25,0,149.96533333333332,25,149.96533333333332,0,0
382,1,25,25,26,26,-24,-24,625,625,50,24,0,625,24,0,650.0,1,25.0,25,25
383,625,0,0,25,25,25,25,0,0,0,-25,0,0,-25,0,149.60666666666665,25,149.60666666666665,0,0
384,1,0,0,1,1,1,1,0,0,0,-1,0,0,-1,0,0.0,1,0.0,0,0
385,169,0,0,13,13,13,13,0,0,0,-13,0,0,-13,0,38.952,13,38.952,0,0
386,1,0,25,1,26,1,-24,0,0,25,-1,-25,625,24,25,12.75,1,12.75,0,25
387,1,0,0,1,1,1,1,0,0,0,-1,0,0,-1,0,0.0,1,0.0,0,0
388,4,0,0,2,2,2,2,0,0,0,-2,0,0,-2,0,0.5106666666666667,2,0.5106666666666667,0,0
389,1,25,0,26,1,-24,1,625,0,25,24,25,0,-1,-25,12.066666666666666,1,12.066666666666666,25,0
390,169,0,0,13,13,13,13,0,0,0,-13,0,0,-13,0,38.776,13,38.776,0,0
391,121,275,165,36,26,-14,-4,625,375,40,14,10,225,4,-10,622.3213333333333,11,247.3213333333333,25,15
392,625,250,625,35,50,15,0,100,250,35,-15,-15,625,0,15,837.972,25,587.972,10,25
393,256,256,400,32,41,0,-9,256,400,41,0,-9,625,9,9,787.8746666666667,16,387.8746666666667,16,25
394,625,625,0,50,25,0,25,625,0,25,0,25,0,-25,-25,463.948,25,463.948,25,0
395,121,275,275,36,36,-14,-14,625,625,50,14,0,625,14,0,927.58,11,302.58000000000004,25,25
396,100,250,250,35,35,-15,-15,625,625,50,15,0,625,15,0,897.5126666666666,10,272.51266666666663,25,25
397,121,275,0,36,11,-14,11,625,0,25,14,25,0,-11,-25,163.84333333333333,11,163.84333333333333,25,0
398,100,250,0,35,10,-15,10,625,0,25,15,25,0,-10,-25,147.66666666666666,10,147.66666666666666,25,0
399,625,225,625,34,50,16,0,81,225,34,-16,-16,625,0,16,802.2253333333333,25,577.2253333333333,9,25
400,625,225,0,34,25,16,25,81,0,9,-16,9,0,-25,-9,262.6913333333333,25,262.6913333333333,9,0
401,121,275,0,36,11,-14,11,625,0,25,14,25,0,-11,-25,164.40666666666667,11,164.40666666666667,25,0
402,100,250,0,35,10,-15,10,625,0,25,15,25,0,-10,-25,149.67466666666667,10,149.67466666666667,25,0
403,625,250,0,35,25,15,25,100,0,10,-15,10,0,-25,-10,275.3586666666667,25,275.3586666666667,10,0
404,625,0,0,25,25,25,25,0,0,0,-25,0,0,-25,0,150.09733333333332,25,150.09733333333332,0,0
405,1,25,0,26,1,-24,1,625,0,25,24,25,0,-1,-25,12.066666666666666,1,12.066666666666666,25,0
406,4,50,0,27,2,-23,2,625,0,25,23,25,0,-2,-25,25.42,2,25.42,25,0
407,1,12,0,13,1,-11,1,144,0,12,11,12,0,-1,-12,5.944,1,5.944,12,0
408,49,133,0,26,7,-12,7,361,0,19,12,19,0,-7,-19,77.89866666666667,7,77.89866666666667,19,0
409,1,0,25,1,26,1,-24,0,0,25,-1,-25,625,24,25,13.283333333333333,1,13.283333333333333,0,25
410,625,0,625,25,50,25,0,0,0,25,-25,-25,625,0,25,463.33,25,463.33,0,25
411,625,0,0,25,25,25,25,0,0,0,-25,0,0,-25,0,149.94,25,149.94,0,0
412,289,255,0,32,17,2,17,225,0,15,-2,15,0,-17,-15,193.704,17,193.704,15,0
413,1,25,0,26,1,-24,1,625,0,25,24,25,0,-1,-25,12.233333333333333,1,12.233333333333333,25,0
414,4,50,0,27,2,-23,2,625,0,25,23,25,0,-2,-25,25.156,2,25.156,25,0
415,625,250,0,35,25,15,25,100,0,10,-15,10,0,-25,-10,275.5706666666667,25,275.5706666666667,10,0
416,1,25,0,26,1,-24,1,625,0,25,24,25,0,-1,-25,12.266666666666667,1,12.266666666666667,25,0
417,100,250,0,35,10,-15,10,625,0,25,15,25,0,-10,-25,147.11333333333334,10,147.11333333333334,25,0
418,625,625,625,50,50,0,0,625,625,50,0,0,625,0,0,1400.0053333333333,25,775.0053333333333,25,25
419,121,275,253,36,34,-14,-12,625,575,48,14,2,529,12,-2,866.34,11,291.34000000000003,25,23
420,121,275,0,36,11,-14,11,625,0,25,14,25,0,-11,-25,165.33533333333332,11,165.33533333333332,25,0
421,1,0,25,1,26,1,-24,0,0,25,-1,-25,625,24,25,12.466666666666667,1,12.466666666666667,0,25
422,625,0,625,25,50,25,0,0,0,25,-25,-25,625,0,25,462.074,25,462.074,0,25
423,625,625,0,50,25,0,25,625,0,25,0,25,0,-25,-25,462.362,25,462.362,25,0
424,121,275,0,36,11,-14,11,625,0,25,14,25,0,-11,-25,163.966,11,163.966,25,0
425,100,250,0,35,10,-15,10,625,0,25,15,25,0,-10,-25,145.27066666666667,10,145.27066666666667,25,0
426,625,0,0,25,25,25,25,0,0,0,-25,0,0,-25,0,149.96533333333332,25,149.96533333333332,0,0
427,1,25,25,26,26,-24,-24,625,625,50,24,0,625,24,0,650.0,1,25.0,25,25
428,625,0,0,25,25,25,25,0,0,0,-25,0,0,-25,0,149.60666666666665,25,149.60666666666665,0,0
429,1,0,0,1,1,1,1,0,0,0,-1,0,0,-1,0,0.0,1,0.0,0,0
430,169,0,0,13,13,13,13,0,0,0,-13,0,0,-13,0,38.952,13,38.952,0,0
431,1,0,25,1,26,1,-24,0,0,25,-1,-25,625,24,25,12.75,1,12.75,0,25
432,1,0,0,1,1,1,1,0,0,0,-1,0,0,-1,0,0.0,1,0.0,0,0
433,4,0,0,2,2,2,2,0,0,0,-2,0,0,-2,0,0.5106666666666667,2,0.5106666666666667,0,0
434,1,25,0,26,1,-24,1,625,0,25,24,25,0,-1,-25,12.066666666666666,1,12.066666666666666,25,0
435,169,0,0,13,13,13,13,0,0,0,-13,0,0,-13,0,38.776,13,38.776,0,0
436,121,275,165,36,26,-14,-4,625,375,40,14,10,225,4,-10,622.3213333333333,11,247.3213333333333,25,15
437,625,250,625,35,50,15,0,100,250,35,-15,-15,625,0,15,837.972,25,587.972,10,25
438,256,256,400,32,41,0,-9,256,400,41,0,-9,625,9,9,787.8746666666667,16,387.8746666666667,16,25
439,625,625,0,50,25,0,25,625,0,25,0,25,0,-25,-25,463.948,25,463.948,25,0
440,121,275,275,36,36,-14,-14,625,625,50,14,0,625,14,0,927.58,11,302.58000000000004,25,25
441,100,250,250,35,35,-15,-15,625,625,50,15,0,625,15,0,897.5126666666666,10,272.51266666666663,25,25
442,121,275,0,36,11,-14,11,625,0,25,14,25,0,-11,-25,163.84333333333333,11,163.84333333333333,25,0
443,100,250,0,35,10,-15,10,625,0,25,15,25,0,-10,-25,147.66666666666666,10,147.66666666666666,25,0
444,625,225,625,34,50,16,0,81,225,34,-16,-16,625,0,16,802.2253333333333,25,577.2253333333333,9,25
445,625,225,0,34,25,16,25,81,0,9,-16,9,0,-25,-9,262.6913333333333,25,262.6913333333333,9,0
446,121,275,0,36,11,-14,11,625,0,25,14,25,0,-11,-25,164.40666666666667,11,164.40666666666667,25,0
447,100,250,0,35,10,-15,10,625,0,25,15,25,0,-10,-25,149.67466666666667,10,149.67466666666667,25,0
448,625,250,0,35,25,15,25,100,0,10,-15,10,0,-25,-10,275.3586666666667,25,275.3586666666667,10,0
449,625,0,0,25,25,25,25,0,0,0,-25,0,0,-25,0,150.09733333333332,25,150.09733333333332,0,0
450,1,25,0,26,1,-24,1,625,0,25,24,25,0,-1,-25,12.066666666666666,1,12.066666666666666,25,0
451,4,50,0,27,2,-23,2,625,0,25,23,25,0,-2,-25,25.42,2,25.42,25,0
452,1,12,0,13,1,-11,1,144,0,12,11,12,0,-1,-12,5.944,1,5.944,12,0
453,49,133,0,26,7,-12,7,361,0,19,12,19,0,-7,-19,77.89866666666667,7,77.89866666666667,19,0
454,1,0,25,1,26,1,-24,0,0,25,-1,-25,625,24,25,13.283333333333333,1,13.283333333333333,0,25
455,625,0,625,25,50,25,0,0,0,25,-25,-25,625,0,25,463.33,25,463.33,0,25
456,625,0,0,25,25,25,25,0,0,0,-25,0,0,-25,0,149.94,25,149.94,0,0
457,289,255,0,32,17,2,17,225,0,15,-2,15,0,-17,-15,193.704,17,193.704,15,0
458,1,25,0,26,1,-24,1,625,0,25,24,25,0,-1,-25,12.233333333333333,1,12.233333333333333,25,0
459,4,50,0,27,2,-23,2,625,0,25,23,25,0,-2,-25,25.156,2,25.156,25,0
460,625,250,0,35,25,15,25,100,0,10,-15,10,0,-25,-10,275.5706666666667,25,275.5706666666667,10,0
461,1,25,0,26,1,-24,1,625,0,25,24,25,0,-1,-25,12.266666666666667,1,12.266666666666667,25,0
462,100,250,0,35,10,-15,10,625,0,25,15,25,0,-10,-25,147.11333333333334,10,147.11333333333334,25,0
463,625,625,625,50,50,0,0,625,625,50,0,0,625,0,0,1400.0053333333333,25,775.0053333333333,25,25
464,121,275,253,36,34,-14,-12,625,575,48,14,2,529,12,-2,866.34,11,291.34000000000003,25,23
465,121,275,0,36,11,-14,11,625,0,25,14,25,0,-11,-25,165.33533333333332,11,165.33533333333332,25,0
466,1,0,25,1,26,1,-24,0,0,25,-1,-25,625,24,25,12.466666666666667,1,12.466666666666667,0,25
467,625,0,625,25,50,25,0,0,0,25,-25,-25,625,0,25,462.074,25,462.074,0,25
468,625,625,0,50,25,0,25,625,0,25,0,25,0,-25,-25,462.362,25,462.362,25,0
469,121,275,0,36,11,-14,11,625,0,25,14,25,0,-11,-25,163.966,11,163.966,25,0
470,100,250,0,35,10,-15,10,625,0,25,15,25,0,-10,-25,145.27066666666667,10,145.27066666666667,25,0
471,625,0,0,25,25,25,25,0,0,0,-25,0,0,-25,0,149.96533333333332,25,149.96533333333332,0,0
472,1,25,25,26,26,-24,-24,625,625,50,24,0,625,24,0,650.0,1,25.0,25,25
473,625,0,0,25,25,25,25,0,0,0,-25,0,0,-25,0,149.60666666666665,25,149.60666666666665,0,0
474,1,0,0,1,1,1,1,0,0,0,-1,0,0,-1,0,0.0,1,0.0,0,0
475,169,0,0,13,13,13,13,0,0,0,-13,0,0,-13,0,38.952,13,38.952,0,0
476,1,0,25,1,26,1,-24,0,0,25,-1,-25,625,24,25,12.75,1,12.75,0,25
477,1,0,0,1,1,1,1,0,0,0,-1,0,0,-1,0,0.0,1,0.0,0,0
478,4,0,0,2,2,2,2,0,0,0,-2,0,0,-2,0,0.5106666666666667,2,0.5106666666666667,0,0
479,1,25,0,26,1,-24,1,625,0,25,24,25,0,-1,-25,12.066666666666666,1,12.066666666666666,25,0
480,169,0,0,13,13,13,13,0,0,0,-13,0,0,-13,0,38.776,13,38.776,0,0
481,121,275,165,36,26,-14,-4,625,375,40,14,10,225,4,-10,622.3213333333333,11,247.3213333333333,25,15
482,625,250,625,35,50,15,0,100,250,35,-15,-15,625,0,15,837.972,25,587.972,10,25
483,256,256,400,32,41,0,-9,256,400,41,0,-9,625,9,9,787.8746666666667,16,387.8746666666667,16,25
484,625,625,0,50,25,0,25,625,0,25,0,25,0,-25,-25,463.948,25,463.948,25,0
485,121,275,275,36,36,-14,-14,625,625,50,14,0,625,14,0,927.58,11,302.58000000000004,25,25
486,100,250,250,35,35,-15,-15,625,625,50,15,0,625,15,0,897.5126666666666,10,272.51266666666663,25,25
487,121,275,0,36,11,-14,11,625,0,25,14,25,0,-11,-25,163.84333333333333,11,163.84333333333333,25,0
488,100,250,0,35,10,-15,10,625,0,25,15,25,0,-10,-25,147.66666666666666,10,147.66666666666666,25,0
489,625,225,625,34,50,16,0,81,225,34,-16,-16,625,0,16,802.2253333333333,25,577.2253333333333,9,25
490,625,225,0,34,25,16,25,81,0,9,-16,9,0,-25,-9,262.6913333333333,25,262.6913333333333,9,0
491,121,275,0,36,11,-14,11,625,0,25,14,25,0,-11,-25,164.40666666666667,11,164.40666666666667,25,0
492,100,250,0,35,10,-15,10,625,0,25,15,25,0,-10,-25,149.67466666666667,10,149.67466666666667,25,0
493,625,250,0,35,25,15,25,100,0,10,-15,10,0,-25,-10,275.3586666666667,25,275.3586666666667,10,0
494,625,0,0,25,25,25,25,0,0,0,-25,0,0,-25,0,150.09733333333332,25,150.09733333333332,0,0
495,1,25,0,26,1,-24,1,625,0,25,24,25,0,-1,-25,12.066666666666666,1,12.066666666666666,25,0
496,4,50,0,27,2,-23,2,625,0,25,23,25,0,-2,-25,25.42,2,25.42,25,0
497,1,12,0,13,1,-11,1,144,0,12,11,12,0,-1,-12,5.944,1,5.944,12,0
498,49,133,0,26,7,-12,7,361,0,19,12,19,0,-7,-19,77.89866666666667,7,77.89866666666667,19,0
499,1,0,25,1,26,1,-24,0,0,25,-1,-25,625,24,25,13.283333333333333,1,13.283333333333333,0,25
500,625,0,625,25,50,25,0,0,0,25,-25,-25,625,0,25,463.33,25,463.33,0,25
501,625,0,0,25,25,25,25,0,0,0,-25,0,0,-25,0,149.94,25,149.94,0,0
502,289,255,0,32,17,2,17,225,0,15,-2,15,0,-17,-15,193.704,17,193.704,15,0
503,1,25,0,26,1,-24,1,625,0,25,24,25,0,-1,-25,12.233333333333333,1,12.233333333333333,25,0
504,4,50,0,27,2,-23,2,625,0,25,23,25,0,-2,-25,25.156,2,25.156,25,0
505,625,250,0,35,25,15,25,100,0,10,-15,10,0,-25,-10,275.5706666666667,25,275.5706666666667,10,0
506,1,25,0,26,1,-24,1,625,0,25,24,25,0,-1,-25,12.266666666666667,1,12.266666666666667,25,0
507,100,250,0,35,10,-15,10,625,0,25,15,25,0,-10,-25,147.11333333333334,10,147.11333333333334,25,0
508,625,625,625,50,50,0,0,625,625,50,0,0,625,0,0,1400.0053333333333,25,775.0053333333333,25,25
509,121,275,253,36,34,-14,-12,625,575,48,14,2,529,12,-2,866.34,11,291.34000000000003,25,23
510,121,275,0,36,11,-14,11,625,0,25,14,25,0,-11,-25,165.33533333333332,11,165.33533333333332,25,0
511,1,0,25,1,26,1,-24,0,0,25,-1,-25,625,24,25,12.466666666666667,1,12.466666666666667,0,25
512,625,0,625,25,50,25,0,0,0,25,-25,-25,625,0,25,462.074,25,462.074,0,25
513,625,625,0,50,25,0,25,625,0,25,0,25,0,-25,-25,462.362,25,462.362,25,0
514,121,275,0,36,11,-14,11,625,0,25,14,25,0,-11,-25,163.966,11,163.966,25,0
515,100,250,0,35,10,-15,10,625,0,25,15,25,0,-10,-25,145.27066666666667,10,145.27066666666667,25,0
516,625,0,0,25,25,25,25,0,0,0,-25,0,0,-25,0,149.96533333333332,25,149.96533333333332,0,0
517,1,25,25,26,26,-24,-24,625,625,50,24,0,625,24,0,650.0,1,25.0,25,25
518,625,0,0,25,25,25,25,0,0,0,-25,0,0,-25,0,149.60666666666665,25,149.60666666666665,0,0
519,1,0,0,1,1,1,1,0,0,0,-1,0,0,-1,0,0.0,1,0.0,0,0
520,169,0,0,13,13,13,13,0,0,0,-13,0,0,-13,0,38.952,13,38.952,0,0
521,1,0,25,1,26,1,-24,0,0,25,-1,-25,625,24,25,12.75,1,12.75,0,25
522,1,0,0,1,1,1,1,0,0,0,-1,0,0,-1,0,0.0,1,0.0,0,0
523,4,0,0,2,2,2,2,0,0,0,-2,0,0,-2,0,0.5106666666666667,2,0.5106666666666667,0,0
524,1,25,0,26,1,-24,1,625,0,25,24,25,0,-1,-25,12.066666666666666,1,12.066666666666666,25,0
525,169,0,0,13,13,13,13,0,0,0,-13,0,0,-13,0,38.776,13,38.776,0,0
526,121,275,165,36,26,-14,-4,625,375,40,14,10,225,4,-10,622.3213333333333,11,247.3213333333333,25,15
527,625,250,625,35,50,15,0,100,250,35,-15,-15,625,0,15,837.972,25,587.972,10,25
528,256,256,400,32,41,0,-9,256,400,41,0,-9,625,9,9,787.8746666666667,16,387.8746666666667,16,25
529,625,625,0,50,25,0,25,625,0,25,0,25,0,-25,-25,463.948,25,463.948,25,0
530,121,275,275,36,36,-14,-14,625,625,50,14,0,625,14,0,927.58,11,302.58000000000004,25,25
531,100,250,250,35,35,-15,-15,625,625,50,15,0,625,15,0,897.5126666666666,10,272.51266666666663,25,25
532,121,275,0,36,11,-14,11,625,0,25,14,25,0,-11,-25,163.84333333333333,11,163.84333333333333,25,0
533,100,250,0,35,10,-15,10,625,0,25,15,25,0,-10,-25,147.66666666666666,10,147.66666666666666,25,0
534,625,225,625,34,50,16,0,81,225,34,-16,-16,625,0,16,802.2253333333333,25,577.2253333333333,9,25
535,625,225,0,34,25,16,25,81,0,9,-16,9,0,-25,-9,262.6913333333333,25,262.6913333333333,9,0
536,121,275,0,36,11,-14,11,625,0,25,14,25,0,-11,-25,164.40666666666667,11,164.40666666666667,25,0
537,100,250,0,35,10,-15,10,625,0,25,15,25,0,-10,-25,149.67466666666667,10,149.67466666666667,25,0
538,625,250,0,35,25,15,25,100,0,10,-15,10,0,-25,-10,275.3586666666667,25,275.3586666666667,10,0
539,625,0,0,25,25,25,25,0,0,0,-25,0,0,-25,0,150.09733333333332,25,150.09733333333332,0,0
540,1,25,0,26,1,-24,1,625,0,25,24,25,0,-1,-25,12.066666666666666,1,12.066666666666666,25,0
541,4,50,0,27,2,-23,2,625,0,25,23,25,0,-2,-25,25.42,2,25.42,25,0
542,1,12,0,13,1,-11,1,144,0,12,11,12,0,-1,-12,5.944,1,5.944,12,0
543,49,133,0,26,7,-12,7,361,0,19,12,19,0,-7,-19,77.89866666666667,7,77.89866666666667,19,0
544,1,0,25,1,26,1,-24,0,0,25,-1,-25,625,24,25,13.283333333333333,1,13.283333333333333,0,25
545,625,0,625,25,50,25,0,0,0,25,-25,-25,625,0,25,463.33,25,463.33,0,25
546,625,0,0,25,25,25,25,0,0,0,-25,0,0,-25,0,149.94,25,149.94,0,0
547,289,255,0,32,17,2,17,225,0,15,-2,15,0,-17,-15,193.704,17,193.704,15,0
548,1,25,0,26,1,-24,1,625,0,25,24,25,0,-1,-25,12.233333333333333,1,12.233333333333333,25,0
549,4,50,0,27,2,-23,2,625,0,25,23,25,0,-2,-25,25.156,2,25.156,25,0
550,625,250,0,35,25,15,25,100,0,10,-15,10,0,-25,-10,275.5706666666667,25,275.5706666666667,10,0
551,1,25,0,26,1,-24,1,625,0,25,24,25,0,-1,-25,12.266666666666667,1,12.266666666666667,25,0
552,100,250,0,35,10,-15,10,625,0,25,15,25,0,-10,-25,147.11333333333334,10,147.11333333333334,25,0
553,625,625,625,50,50,0,0,625,625,50,0,0,625,0,0,1400.0053333333333,25,775.0053333333333,25,25
554,121,275,253,36,34,-14,-12,625,575,48,14,2,529,12,-2,866.34,11,291.34000000000003,25,23
555,121,275,0,36,11,-14,11,625,0,25,14,25,0,-11,-25,165.33533333333332,11,165.33533333333332,25,0
556,1,0,25,1,26,1,-24,0,0,25,-1,-25,625,24,25,12.466666666666667,1,12.466666666666667,0,25
557,625,0,625,25,50,25,0,0,0,25,-25,-25,625,0,25,462.074,25,462.074,0,25
558,625,625,0,50,25,0,25,625,0,25,0,25,0,-25,-25,462.362,25,462.362,25,0
559,121,275,0,36,11,-14,11,625,0,25,14,25,0,-11,-25,163.966,11,163.966,25,0
560,100,250,0,35,10,-15,10,625,0,25,15,25,0,-10,-25,145.27066666666667,10,145.27066666666667,25,0
561,625,0,0,25,25,25,25,0,0,0,-25,0,0,-25,0,149.96533333333332,25,149.96533333333332,0,0
562,1,25,25,26,26,-24,-24,625,625,50,24,0,625,24,0,650.0,1,25.0,25,25
563,625,0,0,25,25,25,25,0,0,0,-25,0,0,-25,0,149.60666666666665,25,149.60666666666665,0,0
564,1,0,0,1,1,1,1,0,0,0,-1,0,0,-1,0,0.0,1,0.0,0,0
565,169,0,0,13,13,13,13,0,0,0,-13,0,0,-13,0,38.952,13,38.952,0,0
566,1,0,25,1,26,1,-24,0,0,25,-1,-25,625,24,25,12.75,1,12.75,0,25
567,1,0,0,1,1,1,1,0,0,0,-1,0,0,-1,0,0.0,1,0.0,0,0
568,4,0,0,2,2,2,2,0,0,0,-2,0,0,-2,0,0.5106666666666667,2,0.5106666666666667,0,0
569,1,25,0,26,1,-24,1,625,0,25,24,25,0,-1,-25,12.066666666666666,1,12.066666666666666,25,0
570,169,0,0,13,13,13,13,0,0,0,-13,0,0,-13,0,38.776,13,38.776,0,0
571,121,275,165,36,26,-14,-4,625,375,40,14,10,225,4,-10,622.3213333333333,11,247.3213333333333,25,15
572,625,250,625,35,50,15,0,100,250,35,-15,-15,625,0,15,837.972,25,587.972,10,25
573,256,256,400,32,41,0,-9,256,400,41,0,-9,625,9,9,787.8746666666667,16,387.8746666666667,16,25
574,625,625,0,50,25,0,25,625,0,25,0,25,0,-25,-25,463.948,25,463.948,25,0
575,121,275,275,36,36,-14,-14,625,625,50,14,0,625,14,0,927.58,11,302.58000000000004,25,25
576,100,250,250,35,35,-15,-15,625,625,50,15,0,625,15,0,897.5126666666666,10,272.51266666666663,25,25
577,121,275,0,36,11,-14,11,625,0,25,14,25,0,-11,-25,163.84333333333333,11,163.84333333333333,25,0
578,100,250,0,35,10,-15,10,625,0,25,15,25,0,-10,-25,147.66666666666666,10,147.66666666666666,25,0
579,625,225,625,34,50,16,0,81,225,34,-16,-16,625,0,16,802.2253333333333,25,577.2253333333333,9,25
580,625,225,0,34,25,16,25,81,0,9,-16,9,0,-25,-9,262.6913333333333,25,262.6913333333333,9,0
581,121,275,0,36,11,-14,11,625,0,25,14,25,0,-11,-25,164.40666666666667,11,164.40666666666667,25,0
582,100,250,0,35,10,-15,10,625,0,25,15,25,0,-10,-25,149.67466666666667,10,149.67466666666667,25,0
583,625,250,0,35,25,15,25,100,0,10,-15,10,0,-25,-10,275.3586666666667,25,275.3586666666667,10,0
584,625,0,0,25,25,25,25,0,0,0,-25,0,0,-25,0,150.09733333333332,25,150.09733333333332,0,0
585,1,25,0,26,1,-24,1,625,0,25,24,25,0,-1,-25,12.066666666666666,1,12.066666666666666,25,0
586,4,50,0,27,2,-23,2,625,0,25,23,25,0,-2,-25,25.42,2,25.42,25,0
587,1,12,0,13,1,-11,1,144,0,12,11,12,0,-1,-12,5.944,1,5.944,12,0
588,49,133,0,26,7,-12,7,361,0,19,12,19,0,-7,-19,77.89866666666667,7,77.89866666666667,19,0
589,1,0,25,1,26,1,-24,0,0,25,-1,-25,625,24,25,13.283333333333333,1,13.283333333333333,0,25
590,625,0,625,25,50,25,0,0,0,25,-25,-25,625,0,25,463.33,25,463.33,0,25
591,625,0,0,25,25,25,25,0,0,0,-25,0,0,-25,0,149.94,25,149.94,0,0
592,289,255,0,32,17,2,17,225,0,15,-2,15,0,-17,-15,193.704,17,193.704,15,0
593,1,25,0,26,1,-24,1,625,0,25,24,25,0,-1,-25,12.233333333333333,1,12.233333333333333,25,0
594,4,50,0,27,2,-23,2,625,0,25,23,25,0,-2,-25,25.156,2,25.156,25,0
595,625,250,0,35,25,15,25,100,0,10,-15,10,0,-25,-10,275.5706666666667,25,275.5706666666667,10,0
596,1,25,0,26,1,-24,1,625,0,25,24,25,0,-1,-25,12.266666666666667,1,12.266666666666667,25,0
597,100,250,0,35,10,-15,10,625,0,25,15,25,0,-10,-25,147.11333333333334,10,147.11333333333334,25,0
598,625,625,625,50,50,0,0,625,625,50,0,0,625,0,0,1400.0053333333333,25,775.0053333333333,25,25
599,121,275,253,36,34,-14,-12,625,575,48,14,2,529,12,-2,866.34,11,291.34000000000003,25,23
600,121,275,0,36,11,-14,11,625,0,25,14,25,0,-11,-25,165.33533333333332,11,165.33533333333332,25,0
601,1,0,25,1,26,1,-24,0,0,25,-1,-25,625,24,25,12.466666666666667,1,12.466666666666667,0,25
602,625,0,625,25,50,25,0,0,0,25,-25,-25,625,0,25,462.074,25,462.074,0,25
603,625,625,0,50,25,0,25,625,0,25,0,25,0,-25,-25,462.362,25,462.362,25,0
604,121,275,0,36,11,-14,11,625,0,25,14,25,0,-11,-25,163.966,11,163.966,25,0
605,100,250,0,35,10,-15,10,625,0,25,15,25,0,-10,-25,145.27066666666667,10,145.27066666666667,25,0
606,625,0,0,25,25,25,25,0,0,0,-25,0,0,-25,0,149.96533333333332,25,149.96533333333332,0,0
607,1,25,25,26,26,-24,-24,625,625,50,24,0,625,24,0,650.0,1,25.0,25,25
608,625,0,0,25,25,25,25,0,0,0,-25,0,0,-25,0,149.60666666666665,25,149.60666666666665,0,0
609,1,0,0,1,1,1,1,0,0,0,-1,0,0,-1,0,0.0,1,0.0,0,0
610,169,0,0,13,13,13,13,0,0,0,-13,0,0,-13,0,38.952,13,38.952,0,0
611,1,0,25,1,26,1,-24,0,0,25,-1,-25,625,24,25,12.75,1,12.75,0,25
612,1,0,0,1,1,1,1,0,0,0,-1,0,0,-1,0,0.0,1,0.0,0,0
613,4,0,0,2,2,2,2,0,0,0,-2,0,0,-2,0,0.5106666666666667,2,0.5106666666666667,0,0
614,1,25,0,26,1,-24,1,625,0,25,24,25,0,-1,-25,12.066666666666666,1,12.066666666666666,25,0
615,169,0,0,13,13,13,13,0,0,0,-13,0,0,-13,0,38.776,13,38.776,0,0
616,121,275,165,36,26,-14,-4,625,375,40,14,10,225,4,-10,622.3213333333333,11,247.3213333333333,25,15
617,625,250,625,35,50,15,0,100,250,35,-15,-15,625,0,15,837.972,25,587.972,10,25
618,256,256,400,32,41,0,-9,256,400,41,0,-9,625,9,9,787.8746666666667,16,387.8746666666667,16,25
619,625,625,0,50,25,0,25,625,0,25,0,25,0,-25,-25,463.948,25,463.948,25,0
620,121,275,275,36,36,-14,-14,625,625,50,14,0,625,14,0,927.58,11,302.58000000000004,25,25
621,100,250,250,35,35,-15,-15,625,625,50,15,0,625,15,0,897.5126666666666,10,272.51266666666663,25,25
622,121,275,0,36,11,-14,11,625,0,25,14,25,0,-11,-25,163.84333333333333,11,163.84333333333333,25,0
623,100,250,0,35,10,-15,10,625,0,25,15,25,0,-10,-25,147.66666666666666,10,147.66666666666666,25,0
624,625,225,625,34,50,16,0,81,225,34,-16,-16,625,0,16,802.2253333333333,25,577.2253333333333,9,25
625,625,225,0,34,25,16,25,81,0,9,-16,9,0,-25,-9,262.6913333333333,25,262.6913333333333,9,0
626,121,275,0,36,11,-14,11,625,0,25,14,25,0,-11,-25,164.40666666666667,11,164.40666666666667,25,0
627,100,250,0,35,10,-15,10,625,0,25,15,25,0,-10,-25,149.67466666666667,10,149.67466666666667,25,0
628,625,250,0,35,25,15,25,100,0,10,-15,10,0,-25,-10,275.3586666666667,25,275.3586666666667,10,0
629,625,0,0,25,25,25,25,0,0,0,-25,0,0,-25,0,150.09733333333332,25,150.09733333333332,0,0
630,1,25,0,26,1,-24,1,625,0,25,24,25,0,-1,-25,12.066666666666666,1,12.066666666666666,25,0
631,4,50,0,27,2,-23,2,625,0,25,23,25,0,-2,-25,25.42,2,25.42,25,0
632,1,12,0,13,1,-11,1,144,0,12,11,12,0,-1,-12,5.944,1,5.944,12,0
633,49,133,0,26,7,-12,7,361,0,19,12,19,0,-7,-19,77.89866666666667,7,77.89866666666667,19,0
634,1,0,25,1,26,1,-24,0,0,25,-1,-25,625,24,25,13.283333333333333,1,13.283333333333333,0,25
635,625,0,625,25,50,25,0,0,0,25,-25,-25,625,0,25,463.33,25,463.33,0,25
636,625,0,0,25,25,25,25,0,0,0,-25,0,0,-25,0,149.94,25,149.94,0,0
637,289,255,0,32,17,2,17,225,0,15,-2,15,0,-17,-15,193.704,17,193.704,15,0
638,1,25,0,26,1,-24,1,625,0,25,24,25,0,-1,-25,12.233333333333333,1,12.233333333333333,25,0
639,4,50,0,27,2,-23,2,625,0,25,23,25,0,-2,-25,25.156,2,25.156,25,0
640,625,250,0,35,25,15,25,100,0,10,-15,10,0,-25,-10,275.5706666666667,25,275.5706666666667,10,0
641,1,25,0,26,1,-24,1,625,0,25,24,25,0,-1,-25,12.266666666666667,1,12.266666666666667,25,0
642,100,250,0,35,10,-15,10,625,0,25,15,25,0,-10,-25,147.11333333333334,10,147.11333333333334,25,0
643,625,625,625,50,50,0,0,625,625,50,0,0,625,0,0,1400.0053333333333,25,775.0053333333333,25,25
644,121,275,253,36,34,-14,-12,625,575,48,14,2,529,12,-2,866.34,11,291.34000000000003,25,23
645,121,275,0,36,11,-14,11,625,0,25,14,25,0,-11,-25,165.33533333333332,11,165.33533333333332,25,0
646,1,0,25,1,26,1,-24,0,0,25,-1,-25,625,24,25,12.466666666666667,1,12.466666666666667,0,25
647,625,0,625,25,50,25,0,0,0,25,-25,-25,625,0,25,462.074,25,462.074,0,25
648,625,625,0,50,25,0,25,625,0,25,0,25,0,-25,-25,462.362,25,462.362,25,0
649,121,275,0,36,11,-14,11,625,0,25,14,25,0,-11,-25,163.966,11,163.966,25,0
650,100,250,0,35,10,-15,10,625,0,25,15,25,0,-10,-25,145.27066666666667,10,145.27066666666667,25,0
651,625,0,0,25,25,25,25,0,0,0,-25,0,0,-25,0,149.96533333333332,25,149.96533333333332,0,0
652,1,25,25,26,26,-24,-24,625,625,50,24,0,625,24,0,650.0,1,25.0,25,25
653,625,0,0,25,25,25,25,0,0,0,-25,0,0,-25,0,149.60666666666665,25,149.60666666666665,0,0
654,1,0,0,1,1,1,1,0,0,0,-1,0,0,-1,0,0.0,1,0.0,0,0
655,169,0,0,13,13,13,13,0,0,0,-13,0,0,-13,0,38.952,13,38.952,0,0
656,1,0,25,1,26,1,-24,0,0,25,-1,-25,625,24,25,12.75,1,12.75,0,25
657,1,0,0,1,1,1,1,0,0,0,-1,0,0,-1,0,0.0,1,0.0,0,0
658,4,0,0,2,2,2,2,0,0,0,-2,0,0,-2,0,0.5106666666666667,2,0.5106666666666667,0,0
659,1,25,0,26,1,-24,1,625,0,25,24,25,0,-1,-25,12.066666666666666,1,12.066666666666666,25,0
660,169,0,0,13,13,13,13,0,0,0,-13,0,0,-13,0,38.776,13,38.776,0,0
661,121,275,165,36,26,-14,-4,625,375,40,14,10,225,4,-10,622.3213333333333,11,247.3213333333333,25,15
662,625,250,625,35,50,15,0,100,250,35,-15,-15,625,0,15,837.972,25,587.972,10,25
663,256,256,400,32,41,0,-9,256,400,41,0,-9,625,9,9,787.8746666666667,16,387.8746666666667,16,25
664,625,625,0,50,25,0,25,625,0,25,0,25,0,-25,-25,463.948,25,463.948,25,0
665,121,275,275,36,36,-14,-14,625,625,50,14,0,625,14,0,927.58,11,302.58000000000004,25,25
666,100,250,250,35,35,-15,-15,625,625,50,15,0,625,15,0,897.5126666666666,10,272.51266666666663,25,25
667,121,275,0,36,11,-14,11,625,0,25,14,25,0,-11,-25,163.84333333333333,11,163.84333333333333,25,0
668,100,250,0,35,10,-15,10,625,0,25,15,25,0,-10,-25,147.66666666666666,10,147.66666666666666,25,0
669,625,225,625,34,50,16,0,81,225,34,-16,-16,625,0,16,802.2253333333333,25,577.2253333333333,9,25
670,625,225,0,34,25,16,25,81,0,9,-16,9,0,-25,-9,262.6913333333333,25,262.6913333333333,9,0
671,121,275,0,36,11,-14,11,625,0,25,14,25,0,-11,-25,164.40666666666667,11,164.40666666666667,25,0
672,100,250,0,35,10,-15,10,625,0,25,15,25,0,-10,-25,149.67466666666667,10,149.67466666666667,25,0
673,625,250,0,35,25,15,25,100,0,10,-15,10,0,-25,-10,275.3586666666667,25,275.3586666666667,10,0
674,625,0,0,25,25,25,25,0,0,0,-25,0,0,-25,0,150.09733333333332,25,150.09733333333332,0,0
675,1,25,0,26,1,-24,1,625,0,25,24,25,0,-1,-25,12.066666666666666,1,12.066666666666666,25,0
676,4,50,0,27,2,-23,2,625,0,25,23,25,0,-2,-25,25.42,2,25.42,25,0
677,1,12,0,13,1,-11,1,144,0,12,11,12,0,-1,-12,5.944,1,5.944,12,0
678,49,133,0,26,7,-12,7,361,0,19,12,19,0,-7,-19,77.89866666666667,7,77.89866666666667,19,0
679,1,0,25,1,26,1,-24,0,0,25,-1,-25,625,24,25,13.283333333333333,1,13.283333333333333,0,25
680,625,0,625,25,50,25,0,0,0,25,-25,-25,625,0,25,463.33,25,463.33,0,25
681,625,0,0,25,25,25,25,0,0,0,-25,0,0,-25,0,149.94,25,149.94,0,0
682,289,255,0,32,17,2,17,225,0,15,-2,15,0,-17,-15,193.704,17,193.704,15,0
683,1,25,0,26,1,-24,1,625,0,25,24,25,0,-1,-25,12.233333333333333,1,12.233333333333333,25,0
684,4,50,0,27,2,-23,2,625,0,25,23,25,0,-2,-25,25.156,2,25.156,25,0
685,625,250,0,35,25,15,25,100,0,10,-15,10,0,-25,-10,275.5706666666667,25,275.5706666666667,10,0
686,1,25,0,26,1,-24,1,625,0,25,24,25,0,-1,-25,12.266666666666667,1,12.266666666666667,25,0
687,100,250,0,35,10,-15,10,625,0,25,15,25,0,-10,-25,147.11333333333334,10,147.11333333333334,25,0
688,625,625,625,50,50,0,0,625,625,50,0,0,625,0,0,1400.0053333333333,25,775.0053333333333,25,25
689,121,275,253,36,34,-14,-12,625,575,48,14,2,529,12,-2,866.34,11,291.34000000000003,25,23
690,121,275,0,36,11,-14,11,625,0,25,14,25,0,-11,-25,165.33533333333332,11,165.33533333333332,25,0
691,1,0,25,1,26,1,-24,0,0,25,-1,-25,625,24,25,12.466666666666667,1,12.466666666666667,0,25
692,625,0,625,25,50,25,0,0,0,25,-25,-25,625,0,25,462.074,25,462.074,0,25
693,625,625,0,50,25,0,25,625,0,25,0,25,0,-25,-25,462.362,25,462.362,25,0
694,121,275,0,36,11,-14,11,625,0,25,14,25,0,-11,-25,163.966,11,163.966,25,0
695,100,250,0,35,10,-15,10,625,0,25,15,25,0,-10,-25,145.27066666666667,10,145.27066666666667,25,0
696,625,0,0,25,25,25,25,0,0,0,-25,0,0,-25,0,149.96533333333332,25,149.96533333333332,0,0
697,1,25,25,26,26,-24,-24,625,625,50,24,0,625,24,0,650.0,1,25.0,25,25
698,625,0,0,25,25,25,25,0,0,0,-25,0,0,-25,0,149.60666666666665,25,149.60666666666665,0,0
699,1,0,0,1,1,1,1,0,0,0,-1,0,0,-1,0,0.0,1,0.0,0,0
700,169,0,0,13,13,13,13,0,0,0,-13,0,0,-13,0,38.952,13,38.952,0,0
701,1,0,25,1,26,1,-24,0,0,25,-1,-25,625,24,25,12.75,1,12.75,0,25
702,1,0,0,1,1,1,1,0,0,0,-1,0,0,-1,0,0.0,1,0.0,0,0
703,4,0,0,2,2,2,2,0,0,0,-2,0,0,-2,0,0.5106666666666667,2,0.5106666666666667,0,0
704,1,25,0,26,1,-24,1,625,0,25,24,25,0,-1,-25,12.066666666666666,1,12.066666666666666,25,0
705,169,0,0,13,13,13,13,0,0,0,-13,0,0,-13,0,38.776,13,38.776,0,0
706,121,275,165,36,26,-14,-4,625,375,40,14,10,225,4,-10,622.3213333333333,11,247.3213333333333,25,15
707,625,250,625,35,50,15,0,100,250,35,-15,-15,625,0,15,837.972,25,587.972,10,25
708,256,256,400,32,41,0,-9,256,400,41,0,-9,625,9,9,787.8746666666667,16,387.8746666666667,16,25
709,625,625,0,50,25,0,25,625,0,25,0,25,0,-25,-25,463.948,25,463.948,25,0
710,121,275,275,36,36,-14,-14,625,625,50,14,0,625,14,0,927.58,11,302.58000000000004,25,25
711,100,250,250,35,35,-15,-15,625,625,50,15,0,625,15,0,897.5126666666666,10,272.51266666666663,25,25
712,121,275,0,36,11,-14,11,625,0,25,14,25,0,-11,-25,163.84333333333333,11,163.84333333333333,25,0
713,100,250,0,35,10,-15,10,625,0,25,15,25,0,-10,-25,147.66666666666666,10,147.66666666666666,25,0
714,625,225,625,34,50,16,0,81,225,34,-16,-16,625,0,16,802.2253333333333,25,577.2253333333333,9,25
715,625,225,0,34,25,16,25,81,0,9,-16,9,0,-25,-9,262.6913333333333,25,262.6913333333333,9,0
716,121,275,0,36,11,-14,11,625,0,25,14,25,0,-11,-25,164.40666666666667,11,164.40666666666667,25,0
717,100,250,0,35,10,-15,10,625,0,25,15,25,0,-10,-25,149.67466666666667,10,149.67466666666667,25,0
718,625,250,0,35,25,15,25,100,0,10,-15,10,0,-25,-10,275.3586666666667,25,275.3586666666667,10,0
719,625,0,0,25,25,25,25,0,0,0,-25,0,0,-25,0,150.09733333333332,25,150.09733333333332,0,0
720,1,25,0,26,1,-24,1,625,0,25,24,25,0,-1,-25,12.066666666666666,1,12.066666666666666,25,0
721,4,50,0,27,2,-23,2,625,0,25,23,25,0,-2,-25,25.42,2,25.42,25,0
722,1,12,0,13,1,-11,1,144,0,12,11,12,0,-1,-12,5.944,1,5.944,12,0
723,49,133,0,26,7,-12,7,361,0,19,12,19,0,-7,-19,77.89866666666667,7,77.89866666666667,19,0
724,1,0,25,1,26,1,-24,0,0,25,-1,-25,625,24,25,13.283333333333333,1,13.283333333333333,0,25
725,625,0,625,25,50,25,0,0,0,25,-25,-25,625,0,25,463.33,25,463.33,0,25
726,625,0,0,25,25,25,25,0,0,0,-25,0,0,-25,0,149.94,25,149.94,0,0
727,289,255,0,32,17,2,17,225,0,15,-2,15,0,-17,-15,193.704,17,193.704,15,0
728,1,25,0,26,1,-24,1,625,0,25,24,25,0,-1,-25,12.233333333333333,1,12.233333333333333,25,0
729,4,50,0,27,2,-23,2,625,0,25,23,25,0,-2,-25,25.156,2,25.156,25,0
730,625,250,0,35,25,15,25,100,0,10,-15,10,0,-25,-10,275.5706666666667,25,275.5706666666667,10,0
731,1,25,0,26,1,-24,1,625,0,25,24,25,0,-1,-25,12.266666666666667,1,12.266666666666667,25,0
732,100,250,0,35,10,-15,10,625,0,25,15,25,0,-10,-25,147.11333333333334,10,147.11333333333334,25,0
733,625,625,625,50,50,0,0,625,625,50,0,0,625,0,0,1400.0053333333333,25,775.0053333333333,25,25
734,121,275,253,36,34,-14,-12,625,575,48,14,2,529,12,-2,866.34,11,291.34000000000003,25,23
735,121,275,0,36,11,-14,11,625,0,25,14,25,0,-11,-25,165.33533333333332,11,165.33533333333332,25,0
736,1,0,25,1,26,1,-24,0,0,25,-1,-25,625,24,25,12.466666666666667,1,12.466666666666667,0,25
737,625,0,625,25,50,25,0,0,0,25,-25,-25,625,0,25,462.074,25,462.074,0,25
738,625,625,0,50,25,0,25,625,0,25,0,25,0,-25,-25,462.362,25,462.362,25,0
739,121,275,0,36,11,-14,11,625,0,25,14,25,0,-11,-25,163.966,11,163.966,25,0
740,100,250,0,35,10,-15,10,625,0,25,15,25,0,-10,-25,145.27066666666667,10,145.27066666666667,25,0
741,625,0,0,25,25,25,25,0,0,0,-25,0,0,-25,0,149.96533333333332,25,149.96533333333332,0,0
742,1,25,25,26,26,-24,-24,625,625,50,24,0,625,24,0,650.0,1,25.0,25,25
743,625,0,0,25,25,25,25,0,0,0,-25,0,0,-25,0,149.60666666666665,25,149.60666666666665,0,0
744,1,0,0,1,1,1,1,0,0,0,-1,0,0,-1,0,0.0,1,0.0,0,0
745,169,0,0,13,13,13,13,0,0,0,-13,0,0,-13,0,38.952,13,38.952,0,0
746,1,0,25,1,26,1,-24,0,0,25,-1,-25,625,24,25,12.75,1,12.75,0,25
747,1,0,0,1,1,1,1,0,0,0,-1,0,0,-1,0,0.0,1,0.0,0,0
748,4,0,0,2,2,2,2,0,0,0,-2,0,0,-2,0,0.5106666666666667,2,0.5106666666666667,0,0
749,1,25,0,26,1,-24,1,625,0,25,24,25,0,-1,-25,12.066666666666666,1,12.066666666666666,25,0
750,169,0,0,13,13,13,13,0,0,0,-13,0,0,-13,0,38.776,13,38.776,0,0
751,121,275,165,36,26,-14,-4,625,375,40,14,10,225,4,-10,622.3213333333333,11,247.3213333333333,25,15
752,625,250,625,35,50,15,0,100,250,35,-15,-15,625,0,15,837.972,25,587.972,10,25
753,256,256,400,32,41,0,-9,256,400,41,0,-9,625,9,9,787.8746666666667,16,387.8746666666667,16,25
754,625,625,0,50,25,0,25,625,0,25,0,25,0,-25,-25,463.948,25,463.948,25,0
755,121,275,275,36,36,-14,-14,625,625,50,14,0,625,14,0,927.58,11,302.58000000000004,25,25
756,100,250,250,35,35,-15,-15,625,625,50,15,0,625,15,0,897.5126666666666,10,272.51266666666663,25,25
757,121,275,0,36,11,-14,11,625,0,25,14,25,0,-11,-25,163.84333333333333,11,163.84333333333333,25,0
758,100,250,0,35,10,-15,10,625,0,25,15,25,0,-10,-25,147.66666666666666,10,147.66666666666666,25,0
759,625,225,625,34,50,16,0,81,225,34,-16,-16,625,0,16,802.2253333333333,25,577.2253333333333,9,25
760,625,225,0,34,25,16,25,81,0,9,-16,9,0,-25,-9,262.6913333333333,25,262.6913333333333,9,0
761,121,275,0,36,11,-14,11,625,0,25,14,25,0,-11,-25,164.40666666666667,11,164.40666666666667,25,0
762,100,250,0,35,10,-15,10,625,0,25,15,25,0,-10,-25,149.67466666666667,10,149.67466666666667,25,0
763,625,250,0,35,25,15,25,100,0,10,-15,10,0,-25,-10,275.3586666666667,25,275.3586666666667,10,0
764,625,0,0,25,25,25,25,0,0,0,-25,0,0,-25,0,150.09733333333332,25,150.09733333333332,0,0
765,1,25,0,26,1,-24,1,625,0,25,24,25,0,-1,-25,12.066666666666666,1,12.066666666666666,25,0
766,4,50,0,27,2,-23,2,625,0,25,23,25,0,-2,-25,25.42,2,25.42,25,0
767,1,12,0,13,1,-11,1,144,0,12,11,12,0,-1,-12,5.944,1,5.944,12,0
768,49,133,0,26,7,-12,7,361,0,19,12,19,0,-7,-19,77.89866666666667,7,77.89866666666667,19,0
769,1,0,25,1,26,1,-24,0,0,25,-1,-25,625,24,25,13.283333333333333,1,13.283333333333333,0,25
770,625,0,625,25,50,25,0,0,0,25,-25,-25,625,0,25,463.33,25,463.33,0,25
771,625,0,0,25,25,25,25,0,0,0,-25,0,0,-25,0,149.94,25,149.94,0,0
772,289,255,0,32,17,2,17,225,0,15,-2,15,0,-17,-15,193.704,17,193.704,15,0
773,1,25,0,26,1,-24,1,625,0,25,24,25,0,-1,-25,12.233333333333333,1,12.233333333333333,25,0
774,4,50,0,27,2,-23,2,625,0,25,23,25,0,-2,-25,25.156,2,25.156,25,0
775,625,250,0,35,25,15,25,100,0,10,-15,10,0,-25,-10,275.5706666666667,25,275.5706666666667,10,0
776,1,25,0,26,1,-24,1,625,0,25,24,25,0,-1,-25,12.266666666666667,1,12.266666666666667,25,0
777,100,250,0,35,10,-15,10,625,0,25,15,25,0,-10,-25,147.11333333333334,10,147.11333333333334,25,0
778,625,625,625,50,50,0,0,625,625,50,0,0,625,0,0,1400.0053333333333,25,775.0053333333333,25,25
779,121,275,253,36,34,-14,-12,625,575,48,14,2,529,12,-2,866.34,11,291.34000000000003,25,23
780,121,275,0,36,11,-14,11,625,0,25,14,25,0,-11,-25,165.33533333333332,11,165.33533333333332,25,0
781,1,0,25,1,26,1,-24,0,0,25,-1,-25,625,24,25,12.466666666666667,1,12.466666666666667,0,25
782,625,0,625,25,50,25,0,0,0,25,-25,-25,625,0,25,462.074,25,462.074,0,25
783,625,625,0,50,25,0,25,625,0,25,0,25,0,-25,-25,462.362,25,462.362,25,0
784,121,275,0,36,11,-14,11,625,0,25,14,25,0,-11,-25,163.966,11,163.966,25,0
785,100,250,0,35,10,-15,10,625,0,25,15,25,0,-10,-25,145.27066666666667,10,145.27066666666667,25,0
786,625,0,0,25,25,25,25,0,0,0,-25,0,0,-25,0,149.96533333333332,25,149.96533333333332,0,0
787,1,25,25,26,26,-24,-24,625,625,50,24,0,625,24,0,650.0,1,25.0,25,25
788,625,0,0,25,25,25,25,0,0,0,-25,0,0,-25,0,149.60666666666665,25,149.60666666666665,0,0
789,1,0,0,1,1,1,1,0,0,0,-1,0,0,-1,0,0.0,1,0.0,0,0
790,169,0,0,13,13,13,13,0,0,0,-13,0,0,-13,0,38.952,13,38.952,0,0
791,1,0,25,1,26,1,-24,0,0,25,-1,-25,625,24,25,12.75,1,12.75,0,25
792,1,0,0,1,1,1,1,0,0,0,-1,0,0,-1,0,0.0,1,0.0,0,0
793,4,0,0,2,2,2,2,0,0,0,-2,0,0,-2,0,0.5106666666666667,2,0.5106666666666667,0,0
794,1,25,0,26,1,-24,1,625,0,25,24,25,0,-1,-25,12.066666666666666,1,12.066666666666666,25,0
795,169,0,0,13,13,13,13,0,0,0,-13,0,0,-13,0,38.776,13,38.776,0,0
796,121,275,165,36,26,-14,-4,625,375,40,14,10,225,4,-10,622.3213333333333,11,247.3213333333333,25,15
797,625,250,625,35,50,15,0,100,250,35,-15,-15,625,0,15,837.972,25,587.972,10,25
798,256,256,400,32,41,0,-9,256,400,41,0,-9,625,9,9,787.8746666666667,16,387.8746666666667,16,25
799,625,625,0,50,25,0,25,625,0,25,0,25,0,-25,-25,463.948,25,463.948,25,0
800,121,275,275,36,36,-14,-14,625,625,50,14,0,625,14,0,927.58,11,302.58000000000004,25,25
801,100,250,250,35,35,-15,-15,625,625,50,15,0,625,15,0,897.5126666666666,10,272.51266666666663,25,25
802,121,275,0,36,11,-14,11,625,0,25,14,25,0,-11,-25,163.84333333333333,11,163.84333333333333,25,0
803,100,250,0,35,10,-15,10,625,0,25,15,25,0,-10,-25,147.66666666666666,10,147.66666666666666,25,0
804,625,225,625,34,50,16,0,81,225,34,-16,-16,625,0,16,802.2253333333333,25,577.2253333333333,9,25
805,625,225,0,34,25,16,25,81,0,9,-16,9,0,-25,-9,262.6913333333333,25,262.6913333333333,9,0
806,121,275,0,36,11,-14,11,625,0,25,14,25,0,-11,-25,164.40666666666667,11,164.40666666666667,25,0
807,100,250,0,35,10,-15,10,625,0,25,15,25,0,-10,-25,149.67466666666667,10,149.67466666666667,25,0
808,625,250,0,35,25,15,25,100,0,10,-15,10,0,-25,-10,275.3586666666667,25,275.3586666666667,10,0
809,625,0,0,25,25,25,25,0,0,0,-25,0,0,-25,0,150.09733333333332,25,150.09733333333332,0,0
810,1,25,0,26,1,-24,1,625,0,25,24,25,0,-1,-25,12.066666666666666,1,12.066666666666666,25,0
811,4,50,0,27,2,-23,2,625,0,25,23,25,0,-2,-25,25.42,2,25.42,25,0
812,1,12,0,13,1,-11,1,144,0,12,11,12,0,-1,-12,5.944,1,5.944,12,0
813,49,133,0,26,7,-12,7,361,0,19,12,19,0,-7,-19,77.89866666666667,7,77.89866666666667,19,0
814,1,0,25,1,26,1,-24,0,0,25,-1,-25,625,24,25,13.283333333333333,1,13.283333333333333,0,25
815,625,0,625,25,50,25,0,0,0,25,-25,-25,625,0,25,463.33,25,463.33,0,25
816,625,0,0,25,25,25,25,0,0,0,-25,0,0,-25,0,149.94,25,149.94,0,0
817,289,255,0,32,17,2,17,225,0,15,-2,15,0,-17,-15,193.704,17,193.704,15,0
818,1,25,0,26,1,-24,1,625,0,25,24,25,0,-1,-25,12.233333333333333,1,12.233333333333333,25,0
819,4,50,0,27,2,-23,2,625,0,25,23,25,0,-2,-25,25.156,2,25.156,25,0
820,625,250,0,35,25,15,25,100,0,10,-15,10,0,-25,-10,275.5706666666667,25,275.5706666666667,10,0
821,1,25,0,26,1,-24,1,625,0,25,24,25,0,-1,-25,12.266666666666667,1,12.266666666666667,25,0
822,100,250,0,35,10,-15,10,625,0,25,15,25,0,-10,-25,147.11333333333334,10,147.11333333333334,25,0
823,625,625,625,50,50,0,0,625,625,50,0,0,625,0,0,1400.0053333333333,25,775.0053333333333,25,25
824,121,275,253,36,34,-14,-12,625,575,48,14,2,529,12,-2,866.34,11,291.34000000000003,25,23
825,121,275,0,36,11,-14,11,625,0,25,14,25,0,-11,-25,165.33533333333332,11,165.33533333333332,25,0
826,1,0,25,1,26,1,-24,0,0,25,-1,-25,625,24,25,12.466666666666667,1,12.466666666666667,0,25
827,625,0,625,25,50,25,0,0,0,25,-25,-25,625,0,25,462.074,25,462.074,0,25
828,625,625,0,50,25,0,25,625,0,25,0,25,0,-25,-25,462.362,25,462.362,25,0
829,121,275,0,36,11,-14,11,625,0,25,14,25,0,-11,-25,163.966,11,163.966,25,0
830,100,250,0,35,10,-15,10,625,0,25,15,25,0,-10,-25,145.27066666666667,10,145.27066666666667,25,0
831,625,0,0,25,25,25,25,0,0,0,-25,0,0,-25,0,149.96533333333332,25,149.96533333333332,0,0
832,1,25,25,26,26,-24,-24,625,625,50,24,0,625,24,0,650.0,1,25.0,25,25
833,625,0,0,25,25,25,25,0,0,0,-25,0,0,-25,0,149.60666666666665,25,149.60666666666665,0,0
834,1,0,0,1,1,1,1,0,0,0,-1,0,0,-1,0,0.0,1,0.0,0,0
835,169,0,0,13,13,13,13,0,0,0,-13,0,0,-13,0,38.952,13,38.952,0,0
836,1,0,25,1,26,1,-24,0,0,25,-1,-25,625,24,25,12.75,1,12.75,0,25
837,1,0,0,1,1,1,1,0,0,0,-1,0,0,-1,0,0.0,1,0.0,0,0
838,4,0,0,2,2,2,2,0,0,0,-2,0,0,-2,0,0.5106666666666667,2,0.5106666666666667,0,0
839,1,25,0,26,1,-24,1,625,0,25,24,25,0,-1,-25,12.066666666666666,1,12.066666666666666,25,0
840,169,0,0,13,13,13,13,0,0,0,-13,0,0,-13,0,38.776,13,38.776,0,0
841,121,275,165,36,26,-14,-4,625,375,40,14,10,225,4,-10,622.3213333333333,11,247.3213333333333,25,15
842,625,250,625,35,50,15,0,100,250,35,-15,-15,625,0,15,837.972,25,587.972,10,25
843,256,256,400,32,41,0,-9,256,400,41,0,-9,625,9,9,787.8746666666667,16,387.8746666666667,16,25
844,625,625,0,50,25,0,25,625,0,25,0,25,0,-25,-25,463.948,25,463.948,25,0
845,121,275,275,36,36,-14,-14,625,625,50,14,0,625,14,0,927.58,11,302.58000000000004,25,25
846,100,250,250,35,35,-15,-15,625,625,50,15,0,625,15,0,897.5126666666666,10,272.51266666666663,25,25
847,121,275,0,36,11,-14,11,625,0,25,14,25,0,-11,-25,163.84333333333333,11,163.84333333333333,25,0
848,100,250,0,35,10,-15,10,625,0,25,15,25,0,-10,-25,147.66666666666666,10,147.66666666666666,25,0
849,625,225,625,34,50,16,0,81,225,34,-16,-16,625,0,16,802.2253333333333,25,577.2253333333333,9,25
850,625,225,0,34,25,16,25,81,0,9,-16,9,0,-25,-9,262.6913333333333,25,262.6913333333333,9,0
851,121,275,0,36,11,-14,11,625,0,25,14,25,0,-11,-25,164.40666666666667,11,164.40666666666667,25,0
852,100,250,0,35,10,-15,10,625,0,25,15,25,0,-10,-25,149.67466666666667,10,149.67466666666667,25,0
853,625,250,0,35,25,15,25,100,0,10,-15,10,0,-25,-10,275.3586666666667,25,275.3586666666667,10,0
854,625,0,0,25,25,25,25,0,0,0,-25,0,0,-25,0,150.09733333333332,25,150.09733333333332,0,0
855,1,25,0,26,1,-24,1,625,0,25,24,25,0,-1,-25,12.066666666666666,1,12.066666666666666,25,0
856,4,50,0,27,2,-23,2,625,0,25,23,25,0,-2,-25,25.42,2,25.42,25,0
857,1,12,0,13,1,-11,1,144,0,12,11,12,0,-1,-12,5.944,1,5.944,12,0
858,49,133,0,26,7,-12,7,361,0,19,12,19,0,-7,-19,77.89866666666667,7,77.89866666666667,19,0
859,1,0,25,1,26,1,-24,0,0,25,-1,-25,625,24,25,13.283333333333333,1,13.283333333333333,0,25
860,625,0,625,25,50,25,0,0,0,25,-25,-25,625,0,25,463.33,25,463.33,0,25
861,625,0,0,25,25,25,25,0,0,0,-25,0,0,-25,0,149.94,25,149.94,0,0
862,289,255,0,32,17,2,17,225,0,15,-2,15,0,-17,-15,193.704,17,193.704,15,0
863,1,25,0,26,1,-24,1,625,0,25,24,25,0,-1,-25,12.233333333333333,1,12.233333333333333,25,0
864,4,50,0,27,2,-23,2,625,0,25,23,25,0,-2,-25,25.156,2,25.156,25,0
865,625,250,0,35,25,15,25,100,0,10,-15,10,0,-25,-10,275.5706666666667,25,275.5706666666667,10,0
866,1,25,0,26,1,-24,1,625,0,25,24,25,0,-1,-25,12.266666666666667,1,12.266666666666667,25,0
867,100,250,0,35,10,-15,10,625,0,25,15,25,0,-10,-25,147.11333333333334,10,147.11333333333334,25,0
868,625,625,625,50,50,0,0,625,625,50,0,0,625,0,0,1400.0053333333333,25,775.0053333333333,25,25
869,121,275,253,36,34,-14,-12,625,575,48,14,2,529,12,-2,866.34,11,291.34000000000003,25,23
870,121,275,0,36,11,-14,11,625,0,25,14,25,0,-11,-25,165.33533333333332,11,165.33533333333332,25,0
871,1,0,25,1,26,1,-24,0,0,25,-1,-25,625,24,25,12.466666666666667,1,12.466666666666667,0,25
872,625,0,625,25,50,25,0,0,0,25,-25,-25,625,0,25,462.074,25,462.074,0,25
873,625,625,0,50,25,0,25,625,0,25,0,25,0,-25,-25,462.362,25,462.362,25,0
874,121,275,0,36,11,-14,11,625,0,25,14,25,0,-11,-25,163.966,11,163.966,25,0
875,100,250,0,35,10,-15,10,625,0,25,15,25,0,-10,-25,145.27066666666667,10,145.27066666666667,25,0
876,625,0,0,25,25,25,25,0,0,0,-25,0,0,-25,0,149.96533333333332,25,149.96533333333332,0,0
877,1,25,25,26,26,-24,-24,625,625,50,24,0,625,24,0,650.0,1,25.0,25,25
878,625,0,0,25,25,25,25,0,0,0,-25,0,0,-25,0,149.60666666666665,25,149.60666666666665,0,0
879,1,0,0,1,1,1,1,0,0,0,-1,0,0,-1,0,0.0,1,0.0,0,0
880,169,0,0,13,13,13,13,0,0,0,-13,0,0,-13,0,38.952,13,38.952,0,0
881,1,0,25,1,26,1,-24,0,0,25,-1,-25,625,24,25,12.75,1,12.75,0,25
882,1,0,0,1,1,1,1,0,0,0,-1,0,0,-1,0,0.0,1,0.0,0,0
883,4,0,0,2,2,2,2,0,0,0,-2,0,0,-2,0,0.5106666666666667,2,0.5106666666666667,0,0
884,1,25,0,26,1,-24,1,625,0,25,24,25,0,-1,-25,12.066666666666666,1,12.066666666666666,25,0
885,169,0,0,13,13,13,13,0,0,0,-13,0,0,-13,0,38.776,13,38.776,0,0
886,121,275,165,36,26,-14,-4,625,375,40,14,10,225,4,-10,622.3213333333333,11,247.3213333333333,25,15
887,625,250,625,35,50,15,0,100,250,35,-15,-15,625,0,15,837.972,25,587.972,10,25
888,256,256,400,32,41,0,-9,256,400,41,0,-9,625,9,9,787.8746666666667,16,387.8746666666667,16,25
889,625,625,0,50,25,0,25,625,0,25,0,25,0,-25,-25,463.948,25,463.948,25,0
890,121,275,275,36,36,-14,-14,625,625,50,14,0,625,14,0,927.58,11,302.58000000000004,25,25
891,100,250,250,35,35,-15,-15,625,625,50,15,0,625,15,0,897.5126666666666,10,272.51266666666663,25,25
892,121,275,0,36,11,-14,11,625,0,25,14,25,0,-11,-25,163.84333333333333,11,163.84333333333333,25,0
893,100,250,0,35,10,-15,10,625,0,25,15,25,0,-10,-25,147.66666666666666,10,147.66666666666666,25,0
894,625,225,625,34,50,16,0,81,225,34,-16,-16,625,0,16,802.2253333333333,25,577.2253333333333,9,25
895,625,225,0,34,25,16,25,81,0,9,-16,9,0,-25,-9,262.6913333333333,25,262.6913333333333,9,0
896,121,275,0,36,11,-14,11,625,0,25,14,25,0,-11,-25,164.40666666666667,11,164.40666666666667,25,0
897,100,250,0,35,10,-15,10,625,0,25,15,25,0,-10,-25,149.67466666666667,10,149.67466666666667,25,0
898,625,250,0,35,25,15,25,100,0,10,-15,10,0,-25,-10,275.3586666666667,25,275.3586666666667,10,0
899,625,0,0,25,25,25,25,0,0,0,-25,0,0,-25,0,150.09733333333332,25,150.09733333333332,0,0
900,1,25,0,26,1,-24,1,625,0,25,24,25,0,-1,-25,12.066666666666666,1,12.066666666666666,25,0
901,4,50,0,27,2,-23,2,625,0,25,23,25,0,-2,-25,25.42,2,25.42,25,0
902,1,12,0,13,1,-11,1,144,0,12,11,12,0,-1,-12,5.944,1,5.944,12,0
903,49,133,0,26,7,-12,7,361,0,19,12,19,0,-7,-19,77.89866666666667,7,77.89866666666667,19,0
904,1,0,25,1,26,1,-24,0,0,25,-1,-25,625,24,25,13.283333333333333,1,13.283333333333333,0,25
905,625,0,625,25,50,25,0,0,0,25,-25,-25,625,0,25,463.33,25,463.33,0,25
906,625,0,0,25,25,25,25,0,0,0,-25,0,0,-25,0,149.94,25,149.94,0,0
907,289,255,0,32,17,2,17,225,0,15,-2,15,0,-17,-15,193.704,17,193.704,15,0
908,1,25,0,26,1,-24,1,625,0,25,24,25,0,-1,-25,12.233333333333333,1,12.233333333333333,25,0
909,4,50,0,27,2,-23,2,625,0,25,23,25,0,-2,-25,25.156,2,25.156,25,0
910,625,250,0,35,25,15,25,100,0,10,-15,10,0,-25,-10,275.5706666666667,25,275.5706666666667,10,0
911,1,25,0,26,1,-24,1,625,0,25,24,25,0,-1,-25,12.266666666666667,1,12.266666666666667,25,0
912,100,250,0,35,10,-15,10,625,0,25,15,25,0,-10,-25,147.11333333333334,10,147.11333333333334,25,0
913,625,625,625,50,50,0,0,625,625,50,0,0,625,0,0,1400.0053333333333,25,775.0053333333333,25,25
914,121,275,253,36,34,-14,-12,625,575,48,14,2,529,12,-2,866.34,11,291.34000000000003,25,23
915,121,275,0,36,11,-14,11,625,0,25,14,25,0,-11,-25,165.33533333333332,11,165.33533333333332,25,0
916,1,0,25,1,26,1,-24,0,0,25,-1,-25,625,24,25,12.466666666666667,1,12.466666666666667,0,25
917,625,0,625,25,50,25,0,0,0,25,-25,-25,625,0,25,462.074,25,462.074,0,25
918,625,625,0,50,25,0,25,625,0,25,0,25,0,-25,-25,462.362,25,462.362,25,0
919,121,275,0,36,11,-14,11,625,0,25,14,25,0,-11,-25,163.966,11,163.966,25,0
920,100,250,0,35,10,-15,10,625,0,25,15,25,0,-10,-25,145.27066666666667,10,145.27066666666667,25,0
921,625,0,0,25,25,25,25,0,0,0,-25,0,0,-25,0,149.96533333333332,25,149.96533333333332,0,0
922,1,25,25,26,26,-24,-24,625,625,50,24,0,625,24,0,650.0,1,25.0,25,25
923,625,0,0,25,25,25,25,0,0,0,-25,0,0,-25,0,149.60666666666665,25,149.60666666666665,0,0
924,1,0,0,1,1,1,1,0,0,0,-1,0,0,-1,0,0.0,1,0.0,0,0
925,169,0,0,13,13,13,13,0,0,0,-13,0,0,-13,0,38.952,13,38.952,0,0
926,1,0,25,1,26,1,-24,0,0,25,-1,-25,625,24,25,12.75,1,12.75,0,25
927,1,0,0,1,1,1,1,0,0,0,-1,0,0,-1,0,0.0,1,0.0,0,0
928,4,0,0,2,2,2,2,0,0,0,-2,0,0,-2,0,0.5106666666666667,2,0.5106666666666667,0,0
929,1,25,0,26,1,-24,1,625,0,25,24,25,0,-1,-25,12.066666666666666,1,12.066666666666666,25,0
930,169,0,0,13,13,13,13,0,0,0,-13,0,0,-13,0,38.776,13,38.776,0,0
931,121,275,165,36,26,-14,-4,625,375,40,14,10,225,4,-10,622.3213333333333,11,247.3213333333333,25,15
932,625,250,625,35,50,15,0,100,250,35,-15,-15,625,0,15,837.972,25,587.972,10,25
933,256,256,400,32,41,0,-9,256,400,41,0,-9,625,9,9,787.8746666666667,16,387.8746666666667,16,25
934,625,625,0,50,25,0,25,625,0,25,0,25,0,-25,-25,463.948,25,463.948,25,0
935,121,275,275,36,36,-14,-14,625,625,50,14,0,625,14,0,927.58,11,302.58000000000004,25,25
936,100,250,250,35,35,-15,-15,625,625,50,15,0,625,15,0,897.5126666666666,10,272.51266666666663,25,25
937,121,275,0,36,11,-14,11,625,0,25,14,25,0,-11,-25,163.84333333333333,11,163.84333333333333,25,0
938,100,250,0,35,10,-15,10,625,0,25,15,25,0,-10,-25,147.66666666666666,10,147.66666666666666,25,0
939,625,225,625,34,50,16,0,81,225,34,-16,-16,625,0,16,802.2253333333333,25,577.2253333333333,9,25
940,625,225,0,34,25,16,25,81,0,9,-16,9,0,-25,-9,262.6913333333333,25,262.6913333333333,9,0
941,121,275,0,36,11,-14,11,625,0,25,14,25,0,-11,-25,164.40666666666667,11,164.40666666666667,25,0
942,100,250,0,35,10,-15,10,625,0,25,15,25,0,-10,-25,149.67466666666667,10,149.67466666666667,25,0
943,625,250,0,35,25,15,25,100,0,10,-15,10,0,-25,-10,275.3586666666667,25,275.3586666666667,10,0
944,625,0,0,25,25,25,25,0,0,0,-25,0,0,-25,0,150.09733333333332,25,150.09733333333332,0,0
945,1,25,0,26,1,-24,1,625,0,25,24,25,0,-1,-25,12.066666666666666,1,12.066666666666666,25,0
946,4,50,0,27,2,-23,2,625,0,25,23,25,0,-2,-25,25.42,2,25.42,25,0
947,1,12,0,13,1,-11,1,144,0,12,11,12,0,-1,-12,5.944,1,5.944,12,0
948,49,133,0,26,7,-12,7,361,0,19,12,19,0,-7,-19,77.89866666666667,7,77.89866666666667,19,0
949,1,0,25,1,26,1,-24,0,0,25,-1,-25,625,24,25,13.283333333333333,1,13.283333333333333,0,25
950,625,0,625,25,50,25,0,0,0,25,-25,-25,625,0,25,463.33,25,463.33,0,25
951,625,0,0,25,25,25,25,0,0,0,-25,0,0,-25,0,149.94,25,149.94,0,0
952,289,255,0,32,17,2,17,225,0,15,-2,15,0,-17,-15,193.704,17,193.704,15,0
953,1,25,0,26,1,-24,1,625,0,25,24,25,0,-1,-25,12.233333333333333,1,12.233333333333333,25,0
954,4,50,0,27,2,-23,2,625,0,25,23,25,0,-2,-25,25.156,2,25.156,25,0
955,625,250,0,35,25,15,25,100,0,10,-15,10,0,-25,-10,275.5706666666667,25,275.5706666666667,10,0
956,1,25,0,26,1,-24,1,625,0,25,24,25,0,-1,-25,12.266666666666667,1,12.266666666666667,25,0
957,100,250,0,35,10,-15,10,625,0,25,15,25,0,-10,-25,147.11333333333334,10,147.11333333333334,25,0
958,625,625,625,50,50,0,0,625,625,50,0,0,625,0,0,1400.0053333333333,25,775.0053333333333,25,25
959,121,275,253,36,34,-14,-12,625,575,48,14,2,529,12,-2,866.34,11,291.34000000000003,25,23
960,121,275,0,36,11,-14,11,625,0,25,14,25,0,-11,-25,165.33533333333332,11,165.33533333333332,25,0
961,1,0,25,1,26,1,-24,0,0,25,-1,-25,625,24,25,12.466666666666667,1,12.466666666666667,0,25
962,625,0,625,25,50,25,0,0,0,25,-25,-25,625,0,25,462.074,25,462.074,0,25
963,625,625,0,50,25,0,25,625,0,25,0,25,0,-25,-25,462.362,25,462.362,25,0
964,121,275,0,36,11,-14,11,625,0,25,14,25,0,-11,-25,163.966,11,163.966,25,0
965,100,250,0,35,10,-15,10,625,0,25,15,25,0,-10,-25,145.27066666666667,10,145.27066666666667,25,0
966,625,0,0,25,25,25,25,0,0,0,-25,0,0,-25,0,149.96533333333332,25,149.96533333333332,0,0
967,1,25,25,26,26,-24,-24,625,625,50,24,0,625,24,0,650.0,1,25.0,25,25
968,625,0,0,25,25,25,25,0,0,0,-25,0,0,-25,0,149.60666666666665,25,149.60666666666665,0,0
969,1,0,0,1,1,1,1,0,0,0,-1,0,0,-1,0,0.0,1,0.0,0,0
970,169,0,0,13,13,13,13,0,0,0,-13,0,0,-13,0,38.952,13,38.952,0,0
971,1,0,25,1,26,1,-24,0,0,25,-1,-25,625,24,25,12.75,1,12.75,0,25
972,1,0,0,1,1,1,1,0,0,0,-1,0,0,-1,0,0.0,1,0.0,0,0
973,4,0,0,2,2,2,2,0,0,0,-2,0,0,-2,0,0.5106666666666667,2,0.5106666666666667,0,0
974,1,25,0,26,1,-24,1,625,0,25,24,25,0,-1,-25,12.066666666666666,1,12.066666666666666,25,0
975,169,0,0,13,13,13,13,0,0,0,-13,0,0,-13,0,38.776,13,38.776,0,0
976,121,275,165,36,26,-14,-4,625,375,40,14,10,225,4,-10,622.3213333333333,11,247.3213333333333,25,15
977,625,250,625,35,50,15,0,100,250,35,-15,-15,625,0,15,837.972,25,587.972,10,25
978,256,256,400,32,41,0,-9,256,400,41,0,-9,625,9,9,787.8746666666667,16,387.8746666666667,16,25
979,625,625,0,50,25,0,25,625,0,25,0,25,0,-25,-25,463.948,25,463.948,25,0
980,121,275,275,36,36,-14,-14,625,625,50,14,0,625,14,0,927.58,11,302.58000000000004,25,25
981,100,250,250,35,35,-15,-15,625,625,50,15,0,625,15,0,897.5126666666666,10,272.51266666666663,25,25
982,121,275,0,36,11,-14,11,625,0,25,14,25,0,-11,-25,163.84333333333333,11,163.84333333333333,25,0
983,100,250,0,35,10,-15,10,625,0,25,15,25,0,-10,-25,147.66666666666666,10,147.66666666666666,25,0
984,625,225,625,34,50,16,0,81,225,34,-16,-16,625,0,16,802.2253333333333,25,577.2253333333333,9,25
985,625,225,0,34,25,16,25,81,0,9,-16,9,0,-25,-9,262.6913333333333,25,262.6913333333333,9,0
986,121,275,0,36,11,-14,11,625,0,25,14,25,0,-11,-25,164.40666666666667,11,164.40666666666667,25,0
987,100,250,0,35,10,-15,10,625,0,25,15,25,0,-10,-25,149.67466666666667,10,149.67466666666667,25,0
988,625,250,0,35,25,15,25,100,0,10,-15,10,0,-25,-10,275.3586666666667,25,275.3586666666667,10,0
989,625,0,0,25,25,25,25,0,0,0,-25,0,0,-25,0,150.09733333333332,25,150.09733333333332,0,0
990,1,25,0,26,1,-24,1,625,0,25,24,25,0,-1,-25,12.066666666666666,1,12.066666666666666,25,0
991,4,50,0,27,2,-23,2,625,0,25,23,25,0,-2,-25,25.42,2,25.42,25,0
992,1,12,0,13,1,-11,1,144,0,12,11,12,0,-1,-12,5.944,1,5.944,12,0
993,49,133,0,26,7,-12,7,361,0,19,12,19,0,-7,-19,77.89866666666667,7,77.89866666666667,19,0
994,1,0,25,1,26,1,-24,0,0,25,-1,-25,625,24,25,13.283333333333333,1,13.283333333333333,0,25
995,625,0,625,25,50,25,0,0,0,25,-25,-25,625,0,25,463.33,25,463.33,0,25
996,625,0,0,25,25,25,25,0,0,0,-25,0,0,-25,0,149.94,25,149.94,0,0
997,289,255,0,32,17,2,17,225,0,15,-2,15,0,-17,-15,193.704,17,193.704,15,0
998,1,25,0,26,1,-24,1,625,0,25,24,25,0,-1,-25,12.233333333333333,1,12.233333333333333,25,0
999,4,50,0,27,2,-23,2,625,0,25,23,25,0,-2,-25,25.156,2,25.156,25,0
1000,625,250,0,35,25,15,25,100,0,10,-15,10,0,-25,-10,275.5706666666667,25,275.5706666666667,10,0
1001,1,25,0,26,1,-24,1,625,0,25,24,25,0,-1,-25,12.266666666666667,1,12.266666666666667,25,0
1002,100,250,0,35,10,-15,10,625,0,25,15,25,0,-10,-25,147.11333333333334,10,147.11333333333334,25,0
1003,625,625,625,50,50,0,0,625,625,50,0,0,625,0,0,1400.0053333333333,25,775.0053333333333,25,25
1004,121,275,253,36,34,-14,-12,625,575,48,14,2,529,12,-2,866.34,11,291.34000000000003,25,23
1005,121,275,0,36,11,-14,11,625,0,25,14,25,0,-11,-25,165.33533333333332,11,165.33533333333332,25,0
1006,1,0,25,1,26,1,-24,0,0,25,-1,-25,625,24,25,12.466666666666667,1,12.466666666666667,0,25
1007,625,0,625,25,50,25,0,0,0,25,-25,-25,625,0,25,462.074,25,462.074,0,25
1008,625,625,0,50,25,0,25,625,0,25,0,25,0,-25,-25,462.362,25,462.362,25,0
1009,121,275,0,36,11,-14,11,625,0,25,14,25,0,-11,-25,163.966,11,163.966,25,0
1010,100,250,0,35,10,-15,10,625,0,25,15,25,0,-10,-25,145.27066666666667,10,145.27066666666667,25,0
1011,625,0,0,25,25,25,25,0,0,0,-25,0,0,-25,0,149.96533333333332,25,149.96533333333332,0,0
1012,1,25,25,26,26,-24,-24,625,625,50,24,0,625,24,0,650.0,1,25.0,25,25
1013,625,0,0,25,25,25,25,0,0,0,-25,0,0,-25,0,149.60666666666665,25,149.60666666666665,0,0
1014,1,0,0,1,1,1,1,0,0,0,-1,0,0,-1,0,0.0,1,0.0,0,0
1015,169,0,0,13,13,13,13,0,0,0,-13,0,0,-13,0,38.952,13,38.952,0,0
1016,1,0,25,1,26,1,-24,0,0,25,-1,-25,625,24,25,12.75,1,12.75,0,25
1017,1,0,0,1,1,1,1,0,0,0,-1,0,0,-1,0,0.0,1,0.0,0,0
1018,4,0,0,2,2,2,2,0,0,0,-2,0,0,-2,0,0.5106666666666667,2,0.5106666666666667,0,0
1019,1,25,0,26,1,-24,1,625,0,25,24,25,0,-1,-25,12.066666666666666,1,12.066666666666666,25,0
1020,169,0,0,13,13,13,13,0,0,0,-13,0,0,-13,0,38.776,13,38.776,0,0
1021,121,275,165,36,26,-14,-4,625,375,40,14,10,225,4,-10,622.3213333333333,11,247.3213333333333,25,15
1022,625,250,625,35,50,15,0,100,250,35,-15,-15,625,0,15,837.972,25,587.972,10,25
1023,256,256,400,32,41,0,-9,256,400,41,0,-9,625,9,9,787.8746666666667,16,387.8746666666667,16,25
1024,625,625,0,50,25,0,25,625,0,25,0,25,0,-25,-25,463.948,25,463.948,25,0
1025,121,275,275,36,36,-14,-14,625,625,50,14,0,625,14,0,927.58,11,302.58000000000004,25,25
1026,100,250,250,35,35,-15,-15,625,625,50,15,0,625,15,0,897.5126666666666,10,272.51266666666663,25,25
1027,121,275,0,36,11,-14,11,625,0,25,14,25,0,-11,-25,163.84333333333333,11,163.84333333333333,25,0
1028,100,250,0,35,10,-15,10,625,0,25,15,25,0,-10,-25,147.66666666666666,10,147.66666666666666,25,0
1029,625,225,625,34,50,16,0,81,225,34,-16,-16,625,0,16,802.2253333333333,25,577.2253333333333,9,25
1030,625,225,0,34,25,16,25,81,0,9,-16,9,0,-25,-9,262.6913333333333,25,262.6913333333333,9,0
1031,121,275,0,36,11,-14,11,625,0,25,14,25,0,-11,-25,164.40666666666667,11,164.40666666666667,25,0
1032,100,250,0,35,10,-15,10,625,0,25,15,25,0,-10,-25,149.67466666666667,10,149.67466666666667,25,0
1033,625,250,0,35,25,15,25,100,0,10,-15,10,0,-25,-10,275.3586666666667,25,275.3586666666667,10,0
1034,625,0,0,25,25,25,25,0,0,0,-25,0,0,-25,0,150.09733333333332,25,150.09733333333332,0,0
1035,1,25,0,26,1,-24,1,625,0,25,24,25,0,-1,-25,12.066666666666666,1,12.066666666666666,25,0
1036,4,50,0,27,2,-23,2,625,0,25,23,25,0,-2,-25,25.42,2,25.42,25,0
1037,1,12,0,13,1,-11,1,144,0,12,11,12,0,-1,-12,5.944,1,5.944,12,0
1038,49,133,0,26,7,-12,7,361,0,19,12,19,0,-7,-19,77.89866666666667,7,77.89866666666667,19,0
1039,1,0,25,1,26,1,-24,0,0,25,-1,-25,625,24,25,13.283333333333333,1,13.283333333333333,0,25
1040,625,0,625,25,50,25,0,0,0,25,-25,-25,625,0,25,463.33,25,463.33,0,25
1041,625,0,0,25,25,25,25,0,0,0,-25,0,0,-25,0,149.94,25,149.94,0,0
1042,289,255,0,32,17,2,17,225,0,15,-2,15,0,-17,-15,193.704,17,193.704,15,0
1043,1,25,0,26,1,-24,1,625,0,25,24,25,0,-1,-25,12.233333333333333,1,12.233333333333333,25,0
1044,4,50,0,27,2,-23,2,625,0,25,23,25,0,-2,-25,25.156,2,25.156,25,0
1045,625,250,0,35,25,15,25,100,0,10,-15,10,0,-25,-10,275.5706666666667,25,275.5706666666667,10,0
1046,1,25,0,26,1,-24,1,625,0,25,24,25,0,-1,-25,12.266666666666667,1,12.266666666666667,25,0
1047,100,250,0,35,10,-15,10,625,0,25,15,25,0,-10,-25,147.11333333333334,10,147.11333333333334,25,0
1048,625,625,625,50,50,0,0,625,625,50,0,0,625,0,0,1400.0053333333333,25,775.0053333333333,25,25
1049,121,275,253,36,34,-14,-12,625,575,48,14,2,529,12,-2,866.34,11,291.34000000000003,25,23
1050,121,275,0,36,11,-14,11,625,0,25,14,25,0,-11,-25,165.33533333333332,11,165.33533333333332,25,0
1051,1,0,25,1,26,1,-24,0,0,25,-1,-25,625,24,25,12.466666666666667,1,12.466666666666667,0,25
1052,625,0,625,25,50,25,0,0,0,25,-25,-25,625,0,25,462.074,25,462.074,0,25
1053,625,625,0,50,25,0,25,625,0,25,0,25,0,-25,-25,462.362,25,462.362,25,0
1054,121,275,0,36,11,-14,11,625,0,25,14,25,0,-11,-25,163.966,11,163.966,25,0
1055,100,250,0,35,10,-15,10,625,0,25,15,25,0,-10,-25,145.27066666666667,10,145.27066666666667,25,0
1056,625,0,0,25,25,25,25,0,0,0,-25,0,0,-25,0,149.96533333333332,25,149.96533333333332,0,0
1057,1,25,25,26,26,-24,-24,625,625,50,24,0,625,24,0,650.0,1,25.0,25,25
1058,625,0,0,25,25,25,25,0,0,0,-25,0,0,-25,0,149.60666666666665,25,149.60666666666665,0,0
1059,1,0,0,1,1,1,1,0,0,0,-1,0,0,-1,0,0.0,1,0.0,0,0
1060,169,0,0,13,13,13,13,0,0,0,-13,0,0,-13,0,38.952,13,38.952,0,0
1061,1,0,25,1,26,1,-24,0,0,25,-1,-25,625,24,25,12.75,1,12.75,0,25
1062,1,0,0,1,1,1,1,0,0,0,-1,0,0,-1,0,0.0,1,0.0,0,0
1063,4,0,0,2,2,2,2,0,0,0,-2,0,0,-2,0,0.5106666666666667,2,0.5106666666666667,0,0
1064,1,25,0,26,1,-24,1,625,0,25,24,25,0,-1,-25,12.066666666666666,1,12.066666666666666,25,0
1065,169,0,0,13,13,13,13,0,0,0,-13,0,0,-13,0,38.776,13,38.776,0,0
1066,121,275,165,36,26,-14,-4,625,375,40,14,10,225,4,-10,622.3213333333333,11,247.3213333333333,25,15
1067,625,250,625,35,50,15,0,100,250,35,-15,-15,625,0,15,837.972,25,587.972,10,25
1068,256,256,400,32,41,0,-9,256,400,41,0,-9,625,9,9,787.8746666666667,16,387.8746666666667,16,25
1069,625,625,0,50,25,0,25,625,0,25,0,25,0,-25,-25,463.948,25,463.948,25,0
1070,121,275,275,36,36,-14,-14,625,625,50,14,0,625,14,0,927.58,11,302.58000000000004,25,25
1071,100,250,250,35,35,-15,-15,625,625,50,15,0,625,15,0,897.5126666666666,10,272.51266666666663,25,25
1072,121,275,0,36,11,-14,11,625,0,25,14,25,0,-11,-25,163.84333333333333,11,163.84333333333333,25,0
1073,100,250,0,35,10,-15,10,625,0,25,15,25,0,-10,-25,147.66666666666666,10,147.66666666666666,25,0
1074,625,225,625,34,50,16,0,81,225,34,-16,-16,625,0,16,802.2253333333333,25,577.2253333333333,9,25
1075,625,225,0,34,25,16,25,81,0,9,-16,9,0,-25,-9,262.6913333333333,25,262.6913333333333,9,0
1076,121,275,0,36,11,-14,11,625,0,25,14,25,0,-11,-25,164.40666666666667,11,164.40666666666667,25,0
1077,100,250,0,35,10,-15,10,625,0,25,15,25,0,-10,-25,149.67466666666667,10,149.67466666666667,25,0
1078,625,250,0,35,25,15,25,100,0,10,-15,10,0,-25,-10,275.3586666666667,25,275.3586666666667,10,0
1079,625,0,0,25,25,25,25,0,0,0,-25,0,0,-25,0,150.09733333333332,25,150.09733333333332,0,0
1080,1,25,0,26,1,-24,1,625,0,25,24,25,0,-1,-25,12.066666666666666,1,12.066666666666666,25,0
1081,4,50,0,27,2,-23,2,625,0,25,23,25,0,-2,-25,25.42,2,25.42,25,0
1082,1,12,0,13,1,-11,1,144,0,12,11,12,0,-1,-12,5.944,1,5.944,12,0
1083,49,133,0,26,7,-12,7,361,0,19,12,19,0,-7,-19,77.89866666666667,7,77.89866666666667,19,0
1084,1,0,25,1,26,1,-24,0,0,25,-1,-25,625,24,25,13.283333333333333,1,13.283333333333333,0,25
1085,625,0,625,25,50,25,0,0,0,25,-25,-25,625,0,25,463.33,25,463.33,0,25
1086,625,0,0,25,25,25,25,0,0,0,-25,0,0,-25,0,149.94,25,149.94,0,0
1087,289,255,0,32,17,2,17,225,0,15,-2,15,0,-17,-15,193.704,17,193.704,15,0
1088,1,25,0,26,1,-24,1,625,0,25,24,25,0,-1,-25,12.233333333333333,1,12.233333333333333,25,0
1089,4,50,0,27,2,-23,2,625,0,25,23,25,0,-2,-25,25.156,2,25.156,25,0
1090,625,250,0,35,25,15,25,100,0,10,-15,10,0,-25,-10,275.5706666666667,25,275.5706666666667,10,0
1091,1,25,0,26,1,-24,1,625,0,25,24,25,0,-1,-25,12.266666666666667,1,12.266666666666667,25,0
1092,100,250,0,35,10,-15,10,625,0,25,15,25,0,-10,-25,147.11333333333334,10,147.11333333333334,25,0
1093,625,625,625,50,50,0,0,625,625,50,0,0,625,0,0,1400.0053333333333,25,775.0053333333333,25,25
1094,121,275,253,36,34,-14,-12,625,575,48,14,2,529,12,-2,866.34,11,291.34000000000003,25,23
1095,121,275,0,36,11,-14,11,625,0,25,14,25,0,-11,-25,165.33533333333332,11,165.33533333333332,25,0
1096,1,0,25,1,26,1,-24,0,0,25,-1,-25,625,24,25,12.466666666666667,1,12.466666666666667,0,25
1097,625,0,625,25,50,25,0,0,0,25,-25,-25,625,0,25,462.074,25,462.074,0,25
1098,625,625,0,50,25,0,25,625,0,25,0,25,0,-25,-25,462.362,25,462.362,25,0
1099,121,275,0,36,11,-14,11,625,0,25,14,25,0,-11,-25,163.966,11,163.966,25,0
1100,100,250,0,35,10,-15,10,625,0,25,15,25,0,-10,-25,145.27066666666667,10,145.27066666666667,25,0
1101,625,0,0,25,25,25,25,0,0,0,-25,0,0,-25,0,149.96533333333332,25,149.96533333333332,0,0
1102,1,25,25,26,26,-24,-24,625,625,50,24,0,625,24,0,650.0,1,25.0,25,25
1103,625,0,0,25,25,25,25,0,0,0,-25,0,0,-25,0,149.60666666666665,25,149.60666666666665,0,0
1104,1,0,0,1,1,1,1,0,0,0,-1,0,0,-1,0,0.0,1,0.0,0,0
1105,169,0,0,13,13,13,13,0,0,0,-13,0,0,-13,0,38.952,13,38.952,0,0
1106,1,0,25,1,26,1,-24,0,0,25,-1,-25,625,24,25,12.75,1,12.75,0,25
1107,1,0,0,1,1,1,1,0,0,0,-1,0,0,-1,0,0.0,1,0.0,0,0
1108,4,0,0,2,2,2,2,0,0,0,-2,0,0,-2,0,0.5106666666666667,2,0.5106666666666667,0,0
1109,1,25,0,26,1,-24,1,625,0,25,24,25,0,-1,-25,12.066666666666666,1,12.066666666666666,25,0
1110,169,0,0,13,13,13,13,0,0,0,-13,0,0,-13,0,38.776,13,38.776,0,0
1111,121,275,165,36,26,-14,-4,625,375,40,14,10,225,4,-10,622.3213333333333,11,247.3213333333333,25,15
1112,625,250,625,35,50,15,0,100,250,35,-15,-15,625,0,15,837.972,25,587.972,10,25
1113,256,256,400,32,41,0,-9,256,400,41,0,-9,625,9,9,787.8746666666667,16,387.8746666666667,16,25
1114,625,625,0,50,25,0,25,625,0,25,0,25,0,-25,-25,463.948,25,463.948,25,0
1115,121,275,275,36,36,-14,-14,625,625,50,14,0,625,14,0,927.58,11,302.58000000000004,25,25
1116,100,250,250,35,35,-15,-15,625,625,50,15,0,625,15,0,897.5126666666666,10,272.51266666666663,25,25
1117,121,275,0,36,11,-14,11,625,0,25,14,25,0,-11,-25,163.84333333333333,11,163.84333333333333,25,0
1118,100,250,0,35,10,-15,10,625,0,25,15,25,0,-10,-25,147.66666666666666,10,147.66666666666666,25,0
1119,625,225,625,34,50,16,0,81,225,34,-16,-16,625,0,16,802.2253333333333,25,577.2253333333333,9,25
1120,625,225,0,34,25,16,25,81,0,9,-16,9,0,-25,-9,262.6913333333333,25,262.6913333333333,9,0
1121,121,275,0,36,11,-14,11,625,0,25,14,25,0,-11,-25,164.40666666666667,11,164.40666666666667,25,0
1122,100,250,0,35,10,-15,10,625,0,25,15,25,0,-10,-25,149.67466666666667,10,149.67466666666667,25,0
1123,625,250,0,35,25,15,25,100,0,10,-15,10,0,-25,-10,275.3586666666667,25,275.3586666666667,10,0
1124,625,0,0,25,25,25,25,0,0,0,-25,0,0,-25,0,150.09733333333332,25,150.09733333333332,0,0
1125,1,25,0,26,1,-24,1,625,0,25,24,25,0,-1,-25,12.066666666666666,1,12.066666666666666,25,0
1126,4,50,0,27,2,-23,2,625,0,25,23,25,0,-2,-25,25.42,2,25.42,25,0
1127,1,12,0,13,1,-11,1,144,0,12,11,12,0,-1,-12,5.944,1,5.944,12,0
1128,49,133,0,26,7,-12,7,361,0,19,12,19,0,-7,-19,77.89866666666667,7,77.89866666666667,19,0
1129,1,0,25,1,26,1,-24,0,0,25,-1,-25,625,24,25,13.283333333333333,1,13.283333333333333,0,25
1130,625,0,625,25,50,25,0,0,0,25,-25,-25,625,0,25,463.33,25,463.33,0,25
1131,625,0,0,25,25,25,25,0,0,0,-25,0,0,-25,0,149.94,25,149.94,0,0
1132,289,255,0,32,17,2,17,225,0,15,-2,15,0,-17,-15,193.704,17,193.704,15,0
1133,1,25,0,26,1,-24,1,625,0,25,24,25,0,-1,-25,12.233333333333333,1,12.233333333333333,25,0
1134,4,50,0,27,2,-23,2,625,0,25,23,25,0,-2,-25,25.156,2,25.156,25,0
1135,625,250,0,35,25,15,25,100,0,10,-15,10,0,-25,-10,275.5706666666667,25,275.5706666666667,10,0
1136,1,25,0,26,1,-24,1,625,0,25,24,25,0,-1,-25,12.266666666666667,1,12.266666666666667,25,0
1137,100,250,0,35,10,-15,10,625,0,25,15,25,0,-10,-25,147.11333333333334,10,147.11333333333334,25,0
1138,625,625,625,50,50,0,0,625,625,50,0,0,625,0,0,1400.0053333333333,25,775.0053333333333,25,25
1139,121,275,253,36,34,-14,-12,625,575,48,14,2,529,12,-2,866.34,11,291.34000000000003,25,23
1140,121,275,0,36,11,-14,11,625,0,25,14,25,0,-11,-25,165.33533333333332,11,165.33533333333332,25,0
1141,1,0,25,1,26,1,-24,0,0,25,-1,-25,625,24,25,12.466666666666667,1,12.466666666666667,0,25
1142,625,0,625,25,50,25,0,0,0,25,-25,-25,625,0,25,462.074,25,462.074,0,25
1143,625,625,0,50,25,0,25,625,0,25,0,25,0,-25,-25,462.362,25,462.362,25,0
1144,121,275,0,36,11,-14,11,625,0,25,14,25,0,-11,-25,163.966,11,163.966,25,0
1145,100,250,0,35,10,-15,10,625,0,25,15,25,0,-10,-25,145.27066666666667,10,145.27066666666667,25,0
1146,625,0,0,25,25,25,25,0,0,0,-25,0,0,-25,0,149.96533333333332,25,149.96533333333332,0,0
1147,1,25,25,26,26,-24,-24,625,625,50,24,0,625,24,0,650.0,1,25.0,25,25
1148,625,0,0,25,25,25,25,0,0,0,-25,0,0,-25,0,149.60666666666665,25,149.60666666666665,0,0
1149,1,0,0,1,1,1,1,0,0,0,-1,0,0,-1,0,0.0,1,0.0,0,0
1150,169,0,0,13,13,13,13,0,0,0,-13,0,0,-13,0,38.952,13,38.952,0,0
1151,1,0,25,1,26,1,-24,0,0,25,-1,-25,625,24,25,12.75,1,12.75,0,25
1152,1,0,0,1,1,1,1,0,0,0,-1,0,0,-1,0,0.0,1,0.0,0,0
1153,4,0,0,2,2,2,2,0,0,0,-2,0,0,-2,0,0.5106666666666667,2,0.5106666666666667,0,0
1154,1,25,0,26,1,-24,1,625,0,25,24,25,0,-1,-25,12.066666666666666,1,12.066666666666666,25,0
1155,169,0,0,13,13,13,13,0,0,0,-13,0,0,-13,0,38.776,13,38.776,0,0
1156,121,275,165,36,26,-14,-4,625,375,40,14,10,225,4,-10,622.3213333333333,11,247.3213333333333,25,15
1157,625,250,625,35,50,15,0,100,250,35,-15,-15,625,0,15,837.972,25,587.972,10,25
1158,256,256,400,32,41,0,-9,256,400,41,0,-9,625,9,9,787.8746666666667,16,387.8746666666667,16,25
1159,625,625,0,50,25,0,25,625,0,25,0,25,0,-25,-25,463.948,25,463.948,25,0
1160,121,275,275,36,36,-14,-14,625,625,50,14,0,625,14,0,927.58,11,302.58000000000004,25,25
1161,100,250,250,35,35,-15,-15,625,625,50,15,0,625,15,0,897.5126666666666,10,272.51266666666663,25,25
1162,121,275,0,36,11,-14,11,625,0,25,14,25,0,-11,-25,163.84333333333333,11,163.84333333333333,25,0
1163,100,250,0,35,10,-15,10,625,0,25,15,25,0,-10,-25,147.66666666666666,10,147.66666666666666,25,0
1164,625,225,625,34,50,16,0,81,225,34,-16,-16,625,0,16,802.2253333333333,25,577.2253333333333,9,25
1165,625,225,0,34,25,16,25,81,0,9,-16,9,0,-25,-9,262.6913333333333,25,262.6913333333333,9,0
1166,121,275,0,36,11,-14,11,625,0,25,14,25,0,-11,-25,164.40666666666667,11,164.40666666666667,25,0
1167,100,250,0,35,10,-15,10,625,0,25,15,25,0,-10,-25,149.67466666666667,10,149.67466666666667,25,0
1168,625,250,0,35,25,15,25,100,0,10,-15,10,0,-25,-10,275.3586666666667,25,275.3586666666667,10,0
1169,625,0,0,25,25,25,25,0,0,0,-25,0,0,-25,0,150.09733333333332,25,150.09733333333332,0,0
1170,1,25,0,26,1,-24,1,625,0,25,24,25,0,-1,-25,12.066666666666666,1,12.066666666666666,25,0
1171,4,50,0,27,2,-23,2,625,0,25,23,25,0,-2,-25,25.42,2,25.42,25,0
1172,1,12,0,13,1,-11,1,144,0,12,11,12,0,-1,-12,5.944,1,5.944,12,0
1173,49,133,0,26,7,-12,7,361,0,19,12,19,0,-7,-19,77.89866666666667,7,77.89866666666667,19,0
1174,1,0,25,1,26,1,-24,0,0,25,-1,-25,625,24,25,13.283333333333333,1,13.283333333333333,0,25
1175,625,0,625,25,50,25,0,0,0,25,-25,-25,625,0,25,463.33,25,463.33,0,25
1176,625,0,0,25,25,25,25,0,0,0,-25,0,0,-25,0,149.94,25,149.94,0,0
1177,289,255,0,32,17,2,17,225,0,15,-2,15,0,-17,-15,193.704,17,193.704,15,0
1178,1,25,0,26,1,-24,1,625,0,25,24,25,0,-1,-25,12.233333333333333,1,12.233333333333333,25,0
1179,4,50,0,27,2,-23,2,625,0,25,23,25,0,-2,-25,25.156,2,25.156,25,0
1180,625,250,0,35,25,15,25,100,0,10,-15,10,0,-25,-10,275.5706666666667,25,275.5706666666667,10,0
1181,1,25,0,26,1,-24,1,625,0,25,24,25,0,-1,-25,12.266666666666667,1,12.266666666666667,25,0
1182,100,250,0,35,10,-15,10,625,0,25,15,25,0,-10,-25,147.11333333333334,10,147.11333333333334,25,0
1183,625,625,625,50,50,0,0,625,625,50,0,0,625,0,0,1400.0053333333333,25,775.0053333333333,25,25
1184,121,275,253,36,34,-14,-12,625,575,48,14,2,529,12,-2,866.34,11,291.34000000000003,25,23
1185,121,275,0,36,11,-14,11,625,0,25,14,25,0,-11,-25,165.33533333333332,11,165.33533333333332,25,0
1186,1,0,25,1,26,1,-24,0,0,25,-1,-25,625,24,25,12.466666666666667,1,12.466666666666667,0,25
1187,625,0,625,25,50,25,0,0,0,25,-25,-25,625,0,25,462.074,25,462.074,0,25
1188,625,625,0,50,25,0,25,625,0,25,0,25,0,-25,-25,462.362,25,462.362,25,0
1189,121,275,0,36,11,-14,11,625,0,25,14,25,0,-11,-25,163.966,11,163.966,25,0
1190,100,250,0,35,10,-15,10,625,0,25,15,25,0,-10,-25,145.27066666666667,10,145.27066666666667,25,0
1191,625,0,0,25,25,25,25,0,0,0,-25,0,0,-25,0,149.96533333333332,25,149.96533333333332,0,0
1192,1,25,25,26,26,-24,-24,625,625,50,24,0,625,24,0,650.0,1,25.0,25,25
1193,625,0,0,25,25,25,25,0,0,0,-25,0,0,-25,0,149.60666666666665,25,149.60666666666665,0,0
1194,1,0,0,1,1,1,1,0,0,0,-1,0,0,-1,0,0.0,1,0.0,0,0
1195,169,0,0,13,13,13,13,0,0,0,-13,0,0,-13,0,38.952,13,38.952,0,0
1196,1,0,25,1,26,1,-24,0,0,25,-1,-25,625,24,25,12.75,1,12.75,0,25
1197,1,0,0,1,1,1,1,0,0,0,-1,0,0,-1,0,0.0,1,0.0,0,0
1198,4,0,0,2,2,2,2,0,0,0,-2,0,0,-2,0,0.5106666666666667,2,0.5106666666666667,0,0
1199,1,25,0,26,1,-24,1,625,0,25,24,25,0,-1,-25,12.066666666666666,1,12.066666666666666,25,0
1200,169,0,0,13,13,13,13,0,0,0,-13,0,0,-13,0,38.776,13,38.776,0,0
1201,121,275,165,36,26,-14,-4,625,375,40,14,10,225,4,-10,622.3213333333333,11,247.3213333333333,25,15
1202,625,250,625,35,50,15,0,100,250,35,-15,-15,625,0,15,837.972,25,587.972,10,25
1203,256,256,400,32,41,0,-9,256,400,41,0,-9,625,9,9,787.8746666666667,16,387.8746666666667,16,25
1204,625,625,0,50,25,0,25,625,0,25,0,25,0,-25,-25,463.948,25,463.948,25,0
1205,121,275,275,36,36,-14,-14,625,625,50,14,0,625,14,0,927.58,11,302.58000000000004,25,25
1206,100,250,250,35,35,-15,-15,625,625,50,15,0,625,15,0,897.5126666666666,10,272.51266666666663,25,25
1207,121,275,0,36,11,-14,11,625,0,25,14,25,0,-11,-25,163.84333333333333,11,163.84333333333333,25,0
1208,100,250,0,35,10,-15,10,625,0,25,15,25,0,-10,-25,147.66666666666666,10,147.66666666666666,25,0
1209,625,225,625,34,50,16,0,81,225,34,-16,-16,625,0,16,802.2253333333333,25,577.2253333333333,9,25
1210,625,225,0,34,25,16,25,81,0,9,-16,9,0,-25,-9,262.6913333333333,25,262.6913333333333,9,0
1211,121,275,0,36,11,-14,11,625,0,25,14,25,0,-11,-25,164.40666666666667,11,164.40666666666667,25,0
1212,100,250,0,35,10,-15,10,625,0,25,15,25,0,-10,-25,149.67466666666667,10,149.67466666666667,25,0
1213,625,250,0,35,25,15,25,100,0,10,-15,10,0,-25,-10,275.3586666666667,25,275.3586666666667,10,0
1214,625,0,0,25,25,25,25,0,0,0,-25,0,0,-25,0,150.09733333333332,25,150.09733333333332,0,0
1215,1,25,0,26,1,-24,1,625,0,25,24,25,0,-1,-25,12.066666666666666,1,12.066666666666666,25,0
1216,4,50,0,27,2,-23,2,625,0,25,23,25,0,-2,-25,25.42,2,25.42,25,0
1217,1,12,0,13,1,-11,1,144,0,12,11,12,0,-1,-12,5.944,1,5.944,12,0
1218,49,133,0,26,7,-12,7,361,0,19,12,19,0,-7,-19,77.89866666666667,7,77.89866666666667,19,0
1219,1,0,25,1,26,1,-24,0,0,25,-1,-25,625,24,25,13.283333333333333,1,13.283333333333333,0,25
1220,625,0,625,25,50,25,0,0,0,25,-25,-25,625,0,25,463.33,25,463.33,0,25
1221,625,0,0,25,25,25,25,0,0,0,-25,0,0,-25,0,149.94,25,149.94,0,0
1222,289,255,0,32,17,2,17,225,0,15,-2,15,0,-17,-15,193.704,17,193.704,15,0
1223,1,25,0,26,1,-24,1,625,0,25,24,25,0,-1,-25,12.233333333333333,1,12.233333333333333,25,0
1224,4,50,0,27,2,-23,2,625,0,25,23,25,0,-2,-25,25.156,2,25.156,25,0
1225,625,250,0,35,25,15,25,100,0,10,-15,10,0,-25,-10,275.5706666666667,25,275.5706666666667,10,0
1226,1,25,0,26,1,-24,1,625,0,25,24,25,0,-1,-25,12.266666666666667,1,12.266666666666667,25,0
1227,100,250,0,35,10,-15,10,625,0,25,15,25,0,-10,-25,147.11333333333334,10,147.11333333333334,25,0
1228,625,625,625,50,50,0,0,625,625,50,0,0,625,0,0,1400.0053333333333,25,775.0053333333333,25,25
1229,121,275,253,36,34,-14,-12,625,575,48,14,2,529,12,-2,866.34,11,291.34000000000003,25,23
1230,121,275,0,36,11,-14,11,625,0,25,14,25,0,-11,-25,165.33533333333332,11,165.33533333333332,25,0
1231,1,0,25,1,26,1,-24,0,0,25,-1,-25,625,24,25,12.466666666666667,1,12.466666666666667,0,25
1232,625,0,625,25,50,25,0,0,0,25,-25,-25,625,0,25,462.074,25,462.074,0,25
1233,625,625,0,50,25,0,25,625,0,25,0,25,0,-25,-25,462.362,25,462.362,25,0
1234,121,275,0,36,11,-14,11,625,0,25,14,25,0,-11,-25,163.966,11,163.966,25,0
1235,100,250,0,35,10,-15,10,625,0,25,15,25,0,-10,-25,145.27066666666667,10,145.27066666666667,25,0
1236,625,0,0,25,25,25,25,0,0,0,-25,0,0,-25,0,149.96533333333332,25,149.96533333333332,0,0
1237,1,25,25,26,26,-24,-24,625,625,50,24,0,625,24,0,650.0,1,25.0,25,25
1238,625,0,0,25,25,25,25,0,0,0,-25,0,0,-25,0,149.60666666666665,25,149.60666666666665,0,0
1239,1,0,0,1,1,1,1,0,0,0,-1,0,0,-1,0,0.0,1,0.0,0,0
1240,169,0,0,13,13,13,13,0,0,0,-13,0,0,-13,0,38.952,13,38.952,0,0
1241,1,0,25,1,26,1,-24,0,0,25,-1,-25,625,24,25,12.75,1,12.75,0,25
1242,1,0,0,1,1,1,1,0,0,0,-1,0,0,-1,0,0.0,1,0.0,0,0
1243,4,0,0,2,2,2,2,0,0,0,-2,0,0,-2,0,0.5106666666666667,2,0.5106666666666667,0,0
1244,1,25,0,26,1,-24,1,625,0,25,24,25,0,-1,-25,12.066666666666666,1,12.066666666666666,25,0
1245,169,0,0,13,13,13,13,0,0,0,-13,0,0,-13,0,38.776,13,38.776,0,0
1246,121,275,165,36,26,-14,-4,625,375,40,14,10,225,4,-10,622.3213333333333,11,247.3213333333333,25,15
1247,625,250,625,35,50,15,0,100,250,35,-15,-15,625,0,15,837.972,25,587.972,10,25
1248,256,256,400,32,41,0,-9,256,400,41,0,-9,625,9,9,787.8746666666667,16,387.8746666666667,16,25
1249,625,625,0,50,25,0,25,625,0,25,0,25,0,-25,-25,463.948,25,463.948,25,0
1250,121,275,275,36,36,-14,-14,625,625,50,14,0,625,14,0,927.58,11,302.58000000000004,25,25
1251,100,250,250,35,35,-15,-15,625,625,50,15,0,625,15,0,897.5126666666666,10,272.51266666666663,25,25
1252,121,275,0,36,11,-14,11,625,0,25,14,25,0,-11,-25,163.84333333333333,11,163.84333333333333,25,0
1253,100,250,0,35,10,-15,10,625,0,25,15,25,0,-10,-25,147.66666666666666,10,147.66666666666666,25,0
1254,625,225,625,34,50,16,0,81,225,34,-16,-16,625,0,16,802.2253333333333,25,577.2253333333333,9,25
1255,625,225,0,34,25,16,25,81,0,9,-16,9,0,-25,-9,262.6913333333333,25,262.6913333333333,9,0
1256,121,275,0,36,11,-14,11,625,0,25,14,25,0,-11,-25,164.40666666666667,11,164.40666666666667,25,0
1257,100,250,0,35,10,-15,10,625,0,25,15,25,0,-10,-25,149.67466666666667,10,149.67466666666667,25,0
1258,625,250,0,35,25,15,25,100,0,10,-15,10,0,-25,-10,275.3586666666667,25,275.3586666666667,10,0
1259,625,0,0,25,25,25,25,0,0,0,-25,0,0,-25,0,150.09733333333332,25,150.09733333333332,0,0
1260,1,25,0,26,1,-24,1,625,0,25,24,25,0,-1,-25,12.066666666666666,1,12.066666666666666,25,0
1261,4,50,0,27,2,-23,2,625,0,25,23,25,0,-2,-25,25.42,2,25.42,25,0
1262,1,12,0,13,1,-11,1,144,0,12,11,12,0,-1,-12,5.944,1,5.944,12,0
1263,49,133,0,26,7,-12,7,361,0,19,12,19,0,-7,-19,77.89866666666667,7,77.89866666666667,19,0
1264,1,0,25,1,26,1,-24,0,0,25,-1,-25,625,24,25,13.283333333333333,1,13.283333333333333,0,25
1265,625,0,625,25,50,25,0,0,0,25,-25,-25,625,0,25,463.33,25,463.33,0,25
1266,625,0,0,25,25,25,25,0,0,0,-25,0,0,-25,0,149.94,25,149.94,0,0
1267,289,255,0,32,17,2,17,225,0,15,-2,15,0,-17,-15,193.704,17,193.704,15,0
1268,1,25,0,26,1,-24,1,625,0,25,24,25,0,-1,-25,12.233333333333333,1,12.233333333333333,25,0
1269,4,50,0,27,2,-23,2,625,0,25,23,25,0,-2,-25,25.156,2,25.156,25,0
1270,625,250,0,35,25,15,25,100,0,10,-15,10,0,-25,-10,275.5706666666667,25,275.5706666666667,10,0
1271,1,25,0,26,1,-24,1,625,0,25,24,25,0,-1,-25,12.266666666666667,1,12.266666666666667,25,0
1272,100,250,0,35,10,-15,10,625,0,25,15,25,0,-10,-25,147.11333333333334,10,147.11333333333334,25,0
1273,625,625,625,50,50,0,0,625,625,50,0,0,625,0,0,1400.0053333333333,25,775.0053333333333,25,25
1274,121,275,253,36,34,-14,-12,625,575,48,14,2,529,12,-2,866.34,11,291.34000000000003,25,23
1275,121,275,0,36,11,-14,11,625,0,25,14,25,0,-11,-25,165.33533333333332,11,165.33533333333332,25,0
1276,1,0,25,1,26,1,-24,0,0,25,-1,-25,625,24,25,12.466666666666667,1,12.466666666666667,0,25
1277,625,0,625,25,50,25,0,0,0,25,-25,-25,625,0,25,462.074,25,462.074,0,25
1278,625,625,0,50,25,0,25,625,0,25,0,25,0,-25,-25,462.362,25,462.362,25,0
1279,121,275,0,36,11,-14,11,625,0,25,14,25,0,-11,-25,163.966,11,163.966,25,0
1280,100,250,0,35,10,-15,10,625,0,25,15,25,0,-10,-25,145.27066666666667,10,145.27066666666667,25,0
1281,625,0,0,25,25,25,25,0,0,0,-25,0,0,-25,0,149.96533333333332,25,149.96533333333332,0,0
1282,1,25,25,26,26,-24,-24,625,625,50,24,0,625,24,0,650.0,1,25.0,25,25
1283,625,0,0,25,25,25,25,0,0,0,-25,0,0,-25,0,149.60666666666665,25,149.60666666666665,0,0
1284,1,0,0,1,1,1,1,0,0,0,-1,0,0,-1,0,0.0,1,0.0,0,0
1285,169,0,0,13,13,13,13,0,0,0,-13,0,0,-13,0,38.952,13,38.952,0,0
1286,1,0,25,1,26,1,-24,0,0,25,-1,-25,625,24,25,12.75,1,12.75,0,25
1287,1,0,0,1,1,1,1,0,0,0,-1,0,0,-1,0,0.0,1,0.0,0,0
1288,4,0,0,2,2,2,2,0,0,0,-2,0,0,-2,0,0.5106666666666667,2,0.5106666666666667,0,0
1289,1,25,0,26,1,-24,1,625,0,25,24,25,0,-1,-25,12.066666666666666,1,12.066666666666666,25,0
1290,169,0,0,13,13,13,13,0,0,0,-13,0,0,-13,0,38.776,13,38.776,0,0
1291,121,275,165,36,26,-14,-4,625,375,40,14,10,225,4,-10,622.3213333333333,11,247.3213333333333,25,15
1292,625,250,625,35,50,15,0,100,250,35,-15,-15,625,0,15,837.972,25,587.972,10,25
1293,256,256,400,32,41,0,-9,256,400,41,0,-9,625,9,9,787.8746666666667,16,387.8746666666667,16,25
1294,625,625,0,50,25,0,25,625,0,25,0,25,0,-25,-25,463.948,25,463.948,25,0
1295,121,275,275,36,36,-14,-14,625,625,50,14,0,625,14,0,927.58,11,302.58000000000004,25,25
1296,100,250,250,35,35,-15,-15,625,625,50,15,0,625,15,0,897.5126666666666,10,272.51266666666663,25,25
1297,121,275,0,36,11,-14,11,625,0,25,14,25,0,-11,-25,163.84333333333333,11,163.84333333333333,25,0
1298,100,250,0,35,10,-15,10,625,0,25,15,25,0,-10,-25,147.66666666666666,10,147.66666666666666,25,0
1299,625,225,625,34,50,16,0,81,225,34,-16,-16,625,0,16,802.2253333333333,25,577.2253333333333,9,25
1300,625,225,0,34,25,16,25,81,0,9,-16,9,0,-25,-9,262.6913333333333,25,262.6913333333333,9,0
1301,121,275,0,36,11,-14,11,625,0,25,14,25,0,-11,-25,164.40666666666667,11,164.40666666666667,25,0
1302,100,250,0,35,10,-15,10,625,0,25,15,25,0,-10,-25,149.67466666666667,10,149.67466666666667,25,0
1303,625,250,0,35,25,15,25,100,0,10,-15,10,0,-25,-10,275.3586666666667,25,275.3586666666667,10,0
1304,625,0,0,25,25,25,25,0,0,0,-25,0,0,-25,0,150.09733333333332,25,150.09733333333332,0,0
1305,1,25,0,26,1,-24,1,625,0,25,24,25,0,-1,-25,12.066666666666666,1,12.066666666666666,25,0
1306,4,50,0,27,2,-23,2,625,0,25,23,25,0,-2,-25,25.42,2,25.42,25,0
1307,1,12,0,13,1,-11,1,144,0,12,11,12,0,-1,-12,5.944,1,5.944,12,0
1308,49,133,0,26,7,-12,7,361,0,19,12,19,0,-7,-19,77.89866666666667,7,77.89866666666667,19,0
1309,1,0,25,1,26,1,-24,0,0,25,-1,-25,625,24,25,13.283333333333333,1,13.283333333333333,0,25
1310,625,0,625,25,50,25,0,0,0,25,-25,-25,625,0,25,463.33,25,463.33,0,25
1311,625,0,0,25,25,25,25,0,0,0,-25,0,0,-25,0,149.94,25,149.94,0,0
1312,289,255,0,32,17,2,17,225,0,15,-2,15,0,-17,-15,193.704,17,193.704,15,0
1313,1,25,0,26,1,-24,1,625,0,25,24,25,0,-1,-25,12.233333333333333,1,12.233333333333333,25,0
1314,4,50,0,27,2,-23,2,625,0,25,23,25,0,-2,-25,25.156,2,25.156,25,0
1315,625,250,0,35,25,15,25,100,0,10,-15,10,0,-25,-10,275.5706666666667,25,275.5706666666667,10,0
1316,1,25,0,26,1,-24,1,625,0,25,24,25,0,-1,-25,12.266666666666667,1,12.266666666666667,25,0
1317,100,250,0,35,10,-15,10,625,0,25,15,25,0,-10,-25,147.11333333333334,10,147.11333333333334,25,0
1318,625,625,625,50,50,0,0,625,625,50,0,0,625,0,0,1400.0053333333333,25,775.0053333333333,25,25
1319,121,275,253,36,34,-14,-12,625,575,48,14,2,529,12,-2,866.34,11,291.34000000000003,25,23
1320,121,275,0,36,11,-14,11,625,0,25,14,25,0,-11,-25,165.33533333333332,11,165.33533333333332,25,0
1321,1,0,25,1,26,1,-24,0,0,25,-1,-25,625,24,25,12.466666666666667,1,12.466666666666667,0,25
1322,625,0,625,25,50,25,0,0,0,25,-25,-25,625,0,25,462.074,25,462.074,0,25
1323,625,625,0,50,25,0,25,625,0,25,0,25,0,-25,-25,462.362,25,462.362,25,0
1324,121,275,0,36,11,-14,11,625,0,25,14,25,0,-11,-25,163.966,11,163.966,25,0
1325,100,250,0,35,10,-15,10,625,0,25,15,25,0,-10,-25,145.27066666666667,10,145.27066666666667,25,0
1326,625,0,0,25,25,25,25,0,0,0,-25,0,0,-25,0,149.96533333333332,25,149.96533333333332,0,0
1327,1,25,25,26,26,-24,-24,625,625,50,24,0,625,24,0,650.0,1,25.0,25,25
1328,625,0,0,25,25,25,25,0,0,0,-25,0,0,-25,0,149.60666666666665,25,149.60666666666665,0,0
1329,1,0,0,1,1,1,1,0,0,0,-1,0,0,-1,0,0.0,1,0.0,0,0
1330,169,0,0,13,13,13,13,0,0,0,-13,0,0,-13,0,38.952,13,38.952,0,0
1331,1,0,25,1,26,1,-24,0,0,25,-1,-25,625,24,25,12.75,1,12.75,0,25
1332,1,0,0,1,1,1,1,0,0,0,-1,0,0,-1,0,0.0,1,0.0,0,0
1333,4,0,0,2,2,2,2,0,0,0,-2,0,0,-2,0,0.5106666666666667,2,0.5106666666666667,0,0
1334,1,25,0,26,1,-24,1,625,0,25,24,25,0,-1,-25,12.066666666666666,1,12.066666666666666,25,0
1335,169,0,0,13,13,13,13,0,0,0,-13,0,0,-13,0,38.776,13,38.776,0,0
1336,121,275,165,36,26,-14,-4,625,375,40,14,10,225,4,-10,622.3213333333333,11,247.3213333333333,25,15
1337,625,250,625,35,50,15,0,100,250,35,-15,-15,625,0,15,837.972,25,587.972,10,25
1338,256,256,400,32,41,0,-9,256,400,41,0,-9,625,9,9,787.8746666666667,16,387.8746666666667,16,25
1339,625,625,0,50,25,0,25,625,0,25,0,25,0,-25,-25,463.948,25,463.948,25,0
1340,121,275,275,36,36,-14,-14,625,625,50,14,0,625,14,0,927.58,11,302.58000000000004,25,25
1341,100,250,250,35,35,-15,-15,625,625,50,15,0,625,15,0,897.5126666666666,10,272.51266666666663,25,25
1342,121,275,0,36,11,-14,11,625,0,25,14,25,0,-11,-25,163.84333333333333,11,163.84333333333333,25,0
1343,100,250,0,35,10,-15,10,625,0,25,15,25,0,-10,-25,147.66666666666666,10,147.66666666666666,25,0
1344,625,225,625,34,50,16,0,81,225,34,-16,-16,625,0,16,802.2253333333333,25,577.2253333333333,9,25
1345,625,225,0,34,25,16,25,81,0,9,-16,9,0,-25,-9,262.6913333333333,25,262.6913333333333,9,0
1346,121,275,0,36,11,-14,11,625,0,25,14,25,0,-11,-25,164.40666666666667,11,164.40666666666667,25,0
1347,100,250,0,35,10,-15,10,625,0,25,15,25,0,-10,-25,149.67466666666667,10,149.67466666666667,25,0
1348,625,250,0,35,25,15,25,100,0,10,-15,10,0,-25,-10,275.3586666666667,25,275.3586666666667,10,0
1349,625,0,0,25,25,25,25,0,0,0,-25,0,0,-25,0,150.09733333333332,25,150.09733333333332,0,0
0,64,24,64,11,16,5,0,9,24,11,-5,-5,64,0,5,81.544,8,57.544,3,8
1,49,7,49,8,14,6,0,1,7,8,-6,-6,49,0,6,45.292,7,38.292,1,7
2,49,126,119,25,24,-11,-10,324,306,35,11,1,289,10,-1,439.034,7,133.034,18,17
3,1,8,16,9,17,-7,-15,64,128,24,7,-8,256,15,8,139.632,1,11.632000000000005,8,16
4,225,135,105,24,22,6,8,81,63,16,-6,2,49,-8,-2,236.144,15,173.144,9,7
5,16,56,12,18,7,-10,1,196,42,17,10,11,9,-1,-11,78.988,4,36.988,14,3
6,196,112,140,22,24,6,4,64,80,18,-6,-2,100,-4,2,251.62,14,171.62,8,10
7,400,180,180,29,29,11,11,81,81,18,-11,0,81,-11,0,355.912,20,274.912,9,9
8,16,72,8,22,6,-14,2,324,36,20,14,16,4,-2,-16,78.418,4,42.418000000000006,18,2
9,289,170,119,27,24,7,10,100,70,17,-7,3,49,-10,-3,282.866,17,212.86599999999999,10,7
10,64,88,88,19,19,-3,-3,121,121,22,3,0,121,3,0,223.056,8,102.05600000000001,11,11
11,1,20,19,21,20,-19,-18,400,380,39,19,1,361,18,-1,399.486,1,19.48599999999999,20,19
12,144,84,36,19,15,5,9,49,21,10,-5,4,9,-9,-4,114.246,12,93.246,7,3
13,9,9,57,6,22,0,-16,9,57,22,0,-16,361,16,16,91.416,3,34.416,3,19
14,64,112,104,22,21,-6,-5,196,182,27,6,1,169,5,-1,303.976,8,121.976,14,13
15,9,27,45,12,18,-6,-12,81,135,24,6,-6,225,12,6,172.144,3,37.144000000000005,9,15
16,1,13,7,14,8,-12,-6,169,91,20,12,6,49,6,-6,101.168,1,10.168000000000006,13,7
17,9,48,27,19,12,-13,-6,256,144,25,13,7,81,6,-7,182.4,3,38.400000000000006,16,9
18,196,126,42,23,17,5,11,81,27,12,-5,6,9,-11,-6,156.006,14,129.006,9,3
19,289,340,51,37,20,-3,14,400,60,23,3,17,9,-14,-17,324.132,17,264.132,20,3
20,9,18,45,9,18,-3,-12,36,90,21,3,-9,225,12,9,123.43,3,33.43000000000001,6,15
21,16,28,64,11,20,-3,-12,49,112,23,3,-9,256,12,9,160.84,4,48.84,7,16
22,100,100,140,20,24,0,-4,100,140,24,0,-4,196,4,4,282.418,10,142.418,10,14
23,64,160,144,28,26,-12,-10,400,360,38,12,2,324,10,-2,526.288,8,166.288,20,18
24,36,72,12,18,8,-6,4,144,24,14,6,10,4,-4,-10,72.52,6,48.519999999999996,12,2
25,16,56,56,18,18,-10,-10,196,196,28,10,0,196,10,0,255.052,4,59.05199999999999,14,14
26,25,40,15,13,8,-3,2,64,24,11,3,5,9,-2,-5,56.874,5,32.874,8,3
27,324,234,360,31,38,5,-2,169,260,33,-5,-7,400,2,7,633.44,18,373.44000000000005,13,20
28,196,196,224,28,30,0,-2,196,224,30,0,-2,256,2,2,479.166,14,255.166,14,16
29,196,280,280,34,34,-6,-6,400,400,40,6,0,400,6,0,725.322,14,325.322,20,20
30,324,324,162,36,27,0,9,324,162,27,0,9,81,-9,-9,480.98,18,318.98,18,9
31,169,91,260,20,33,6,-7,49,140,27,-6,-13,400,7,13,356.374,13,216.37400000000002,7,20
32,256,192,144,28,25,4,7,144,108,21,-4,3,81,-7,-3,335.216,16,227.216,12,9
33,196,168,28,26,16,2,12,144,24,14,-2,10,4,-12,-10,166.87,14,142.87,12,2
34,4,38,30,21,17,-17,-13,361,285,34,17,4,225,13,-4,319.508,2,34.50799999999998,19,15
35,121,176,154,27,25,-5,-3,256,224,30,5,2,196,3,-2,416.384,11,192.38400000000001,16,14
36,196,126,98,23,21,5,7,81,63,16,-5,2,49,-7,-2,220.938,14,157.938,9,7
37,196,112,252,22,32,6,-4,64,144,26,-6,-10,324,4,10,372.062,14,228.062,8,18
38,9,27,9,12,6,-6,0,81,27,12,6,6,9,0,-6,46.192,3,19.192,9,3
39,144,168,36,26,15,-2,9,196,42,17,2,11,9,-9,-11,176.888,12,134.888,14,3
40,64,48,152,14,27,2,-11,36,114,25,-2,-13,361,11,13,227.712,8,113.71199999999999,6,19
41,100,140,130,24,23,-4,-3,196,182,27,4,1,169,3,-1,339.652,10,157.652,14,13
42,4,10,14,7,9,-3,-5,25,35,12,3,-2,49,5,2,47.52,2,12.520000000000003,5,7
43,49,28,0,11,7,3,7,16,0,4,-3,4,0,-7,-4,23.916,7,23.916,4,0
44,324,306,342,35,37,1,-1,289,323,36,-1,-2,361,1,2,723.538,18,400.538,17,19
45,324,162,270,27,33,9,3,81,135,24,-9,-6,225,-3,6,427.226,18,292.226,9,15
46,9,18,51,9,20,-3,-14,36,102,23,3,-11,289,14,11,137.626,3,35.626000000000005,6,17
47,64,72,120,17,23,-1,-7,81,135,24,1,-6,225,7,6,244.376,8,109.376,9,15
48,361,228,247,31,32,7,6,144,156,25,-7,-1,169,-6,1,479.168,19,323.168,12,13
0,1,25,0,26,1,-24,1,625,0,25,24,25,0,-1,-25,12.533333333333333,1,12.533333333333333,25,0
1,4,50,0,27,2,-23,2,625,0,25,23,25,0,-2,-25,26.182666666666666,2,26.182666666666666,25,0
2,1,12,0,13,1,-11,1,144,0,12,11,12,0,-1,-12,5.752,1,5.752,12,0
3,49,133,0,26,7,-12,7,361,0,19,12,19,0,-7,-19,77.77666666666667,7,77.77666666666667,19,0
4,1,0,25,1,26,1,-24,0,0,25,-1,-25,625,24,25,12.566666666666666,1,12.566666666666666,0,25
5,625,0,625,25,50,25,0,0,0,25,-25,-25,625,0,25,464.54133333333334,25,464.54133333333334,0,25
6,625,0,0,25,25,25,25,0,0,0,-25,0,0,-25,0,149.78666666666666,25,149.78666666666666,0,0
7,1,25,0,26,1,-24,1,625,0,25,24,25,0,-1,-25,12.233333333333333,1,12.233333333333333,25,0
8,4,50,0,27,2,-23,2,625,0,25,23,25,0,-2,-25,25.453333333333333,2,25.453333333333333,25,0
9,625,250,0,35,25,15,25,100,0,10,-15,10,0,-25,-10,275.75466666666665,25,275.75466666666665,10,0
10,1,25,0,26,1,-24,1,625,0,25,24,25,0,-1,-25,12.233333333333333,1,12.233333333333333,25,0
11,100,250,0,35,10,-15,10,625,0,25,15,25,0,-10,-25,146.74,10,146.74,25,0
12,625,250,0,35,25,15,25,100,0,10,-15,10,0,-25,-10,276.00533333333334,25,276.00533333333334,10,0
13,256,256,400,32,41,0,-9,256,400,41,0,-9,625,9,9,788.292,16,388.29200000000003,16,25
14,1,0,25,1,26,1,-24,0,0,25,-1,-25,625,24,25,11.816666666666666,1,11.816666666666666,0,25
15,625,0,625,25,50,25,0,0,0,25,-25,-25,625,0,25,462.70533333333333,25,462.70533333333333,0,25
16,625,625,625,50,50,0,0,625,625,50,0,0,625,0,0,1399.8186666666666,25,774.8186666666666,25,25
17,625,250,625,35,50,15,0,100,250,35,-15,-15,625,0,15,837.7693333333333,25,587.7693333333333,10,25
18,121,275,0,36,11,-14,11,625,0,25,14,25,0,-11,-25,165.442,11,165.442,25,0
19,625,0,0,25,25,25,25,0,0,0,-25,0,0,-25,0,150.17333333333335,25,150.17333333333335,0,0
20,625,625,0,50,25,0,25,625,0,25,0,25,0,-25,-25,461.588,25,461.588,25,0
21,121,275,0,36,11,-14,11,625,0,25,14,25,0,-11,-25,164.67266666666666,11,164.67266666666666,25,0
22,1,25,12,26,13,-24,-11,625,300,37,24,13,144,11,-13,318.63,1,18.629999999999995,25,12
23,625,0,0,25,25,25,25,0,0,0,-25,0,0,-25,0,149.856,25,149.856,0,0
24,1,0,0,1,1,1,1,0,0,0,-1,0,0,-1,0,0.0,1,0.0,0,0
25,169,0,0,13,13,13,13,0,0,0,-13,0,0,-13,0,38.998666666666665,13,38.998666666666665,0,0
26,1,0,25,1,26,1,-24,0,0,25,-1,-25,625,24,25,12.9,1,12.9,0,25
27,1,0,0,1,1,1,1,0,0,0,-1,0,0,-1,0,0.0,1,0.0,0,0
28,4,0,0,2,2,2,2,0,0,0,-2,0,0,-2,0,0.49933333333333335,2,0.49933333333333335,0,0
29,1,25,0,26,1,-24,1,625,0,25,24,25,0,-1,-25,12.833333333333334,1,12.833333333333334,25,0
30,169,0,0,13,13,13,13,0,0,0,-13,0,0,-13,0,38.87733333333333,13,38.87733333333333,0,0
31,1,25,12,26,13,-24,-11,625,300,37,24,13,144,11,-13,318.51733333333334,1,18.51733333333334,25,12
32,625,225,0,34,25,16,25,81,0,9,-16,9,0,-25,-9,262.67266666666666,25,262.67266666666666,9,0
33,625,625,0,50,25,0,25,625,0,25,0,25,0,-25,-25,464.4193333333333,25,464.4193333333333,25,0
34,625,225,0,34,25,16,25,81,0,9,-16,9,0,-25,-9,261.68733333333336,25,261.68733333333336,9,0
35,1,0,0,1,1,1,1,0,0,0,-1,0,0,-1,0,0.0,1,0.0,0,0
36,625,0,0,25,25,25,25,0,0,0,-25,0,0,-25,0,149.76133333333334,25,149.76133333333334,0,0
37,625,625,0,50,25,0,25,625,0,25,0,25,0,-25,-25,461.764,25,461.764,25,0
38,625,250,0,35,25,15,25,100,0,10,-15,10,0,-25,-10,275.79333333333335,25,275.79333333333335,10,0
39,256,256,0,32,16,0,16,256,0,16,0,16,0,-16,-16,188.186,16,188.186,16,0
40,625,250,0,35,25,15,25,100,0,10,-15,10,0,-25,-10,274.08,25,274.08,10,0
41,121,275,0,36,11,-14,11,625,0,25,14,25,0,-11,-25,164.442,11,164.442,25,0
42,121,275,0,36,11,-14,11,625,0,25,14,25,0,-11,-25,163.82066666666665,11,163.82066666666665,25,0
43,1,25,0,26,1,-24,1,625,0,25,24,25,0,-1,-25,12.533333333333333,1,12.533333333333333,25,0
44,4,50,0,27,2,-23,2,625,0,25,23,25,0,-2,-25,26.182666666666666,2,26.182666666666666,25,0
45,1,12,0,13,1,-11,1,144,0,12,11,12,0,-1,-12,5.752,1,5.752,12,0
46,49,133,0,26,7,-12,7,361,0,19,12,19,0,-7,-19,77.77666666666667,7,77.77666666666667,19,0
47,1,0,25,1,26,1,-24,0,0,25,-1,-25,625,24,25,12.566666666666666,1,12.566666666666666,0,25
48,625,0,625,25,50,25,0,0,0,25,-25,-25,625,0,25,464.54133333333334,25,464.54133333333334,0,25
49,625,0,0,25,25,25,25,0,0,0,-25,0,0,-25,0,149.78666666666666,25,149.78666666666666,0,0
50,1,25,0,26,1,-24,1,625,0,25,24,25,0,-1,-25,12.233333333333333,1,12.233333333333333,25,0
51,4,50,0,27,2,-23,2,625,0,25,23,25,0,-2,-25,25.453333333333333,2,25.453333333333333,25,0
52,625,250,0,35,25,15,25,100,0,10,-15,10,0,-25,-10,275.75466666666665,25,275.75466666666665,10,0
53,1,25,0,26,1,-24,1,625,0,25,24,25,0,-1,-25,12.233333333333333,1,12.233333333333333,25,0
54,100,250,0,35,10,-15,10,625,0,25,15,25,0,-10,-25,146.74,10,146.74,25,0
55,625,250,0,35,25,15,25,100,0,10,-15,10,0,-25,-10,276.00533333333334,25,276.00533333333334,10,0
56,256,256,400,32,41,0,-9,256,400,41,0,-9,625,9,9,788.292,16,388.29200000000003,16,25
57,1,0,25,1,26,1,-24,0,0,25,-1,-25,625,24,25,11.816666666666666,1,11.816666666666666,0,25
58,625,0,625,25,50,25,0,0,0,25,-25,-25,625,0,25,462.70533333333333,25,462.70533333333333,0,25
59,625,625,625,50,50,0,0,625,625,50,0,0,625,0,0,1399.8186666666666,25,774.8186666666666,25,25
60,625,250,625,35,50,15,0,100,250,35,-15,-15,625,0,15,837.7693333333333,25,587.7693333333333,10,25
61,121,275,0,36,11,-14,11,625,0,25,14,25,0,-11,-25,165.442,11,165.442,25,0
62,625,0,0,25,25,25,25,0,0,0,-25,0,0,-25,0,150.17333333333335,25,150.17333333333335,0,0
63,625,625,0,50,25,0,25,625,0,25,0,25,0,-25,-25,461.588,25,461.588,25,0
64,121,275,0,36,11,-14,11,625,0,25,14,25,0,-11,-25,164.67266666666666,11,164.67266666666666,25,0
65,1,25,12,26,13,-24,-11,625,300,37,24,13,144,11,-13,318.63,1,18.629999999999995,25,12
66,625,0,0,25,25,25,25,0,0,0,-25,0,0,-25,0,149.856,25,149.856,0,0
67,1,0,0,1,1,1,1,0,0,0,-1,0,0,-1,0,0.0,1,0.0,0,0
68,169,0,0,13,13,13,13,0,0,0,-13,0,0,-13,0,38.998666666666665,13,38.998666666666665,0,0
69,1,0,25,1,26,1,-24,0,0,25,-1,-25,625,24,25,12.9,1,12.9,0,25
70,1,0,0,1,1,1,1,0,0,0,-1,0,0,-1,0,0.0,1,0.0,0,0
71,4,0,0,2,2,2,2,0,0,0,-2,0,0,-2,0,0.49933333333333335,2,0.49933333333333335,0,0
72,1,25,0,26,1,-24,1,625,0,25,24,25,0,-1,-25,12.833333333333334,1,12.833333333333334,25,0
73,169,0,0,13,13,13,13,0,0,0,-13,0,0,-13,0,38.87733333333333,13,38.87733333333333,0,0
74,1,25,12,26,13,-24,-11,625,300,37,24,13,144,11,-13,318.51733333333334,1,18.51733333333334,25,12
75,625,225,0,34,25,16,25,81,0,9,-16,9,0,-25,-9,262.67266666666666,25,262.67266666666666,9,0
76,625,625,0,50,25,0,25,625,0,25,0,25,0,-25,-25,464.4193333333333,25,464.4193333333333,25,0
77,625,225,0,34,25,16,25,81,0,9,-16,9,0,-25,-9,261.68733333333336,25,261.68733333333336,9,0
78,1,0,0,1,1,1,1,0,0,0,-1,0,0,-1,0,0.0,1,0.0,0,0
79,625,0,0,25,25,25,25,0,0,0,-25,0,0,-25,0,149.76133333333334,25,149.76133333333334,0,0
80,625,625,0,50,25,0,25,625,0,25,0,25,0,-25,-25,461.764,25,461.764,25,0
81,625,250,0,35,25,15,25,100,0,10,-15,10,0,-25,-10,275.79333333333335,25,275.79333333333335,10,0
82,256,256,0,32,16,0,16,256,0,16,0,16,0,-16,-16,188.186,16,188.186,16,0
83,625,250,0,35,25,15,25,100,0,10,-15,10,0,-25,-10,274.08,25,274.08,10,0
84,121,275,0,36,11,-14,11,625,0,25,14,25,0,-11,-25,164.442,11,164.442,25,0
85,121,275,0,36,11,-14,11,625,0,25,14,25,0,-11,-25,163.82066666666665,11,163.82066666666665,25,0
86,1,25,0,26,1,-24,1,625,0,25,24,25,0,-1,-25,12.533333333333333,1,12.533333333333333,25,0
87,4,50,0,27,2,-23,2,625,0,25,23,25,0,-2,-25,26.182666666666666,2,26.182666666666666,25,0
88,1,12,0,13,1,-11,1,144,0,12,11,12,0,-1,-12,5.752,1,5.752,12,0
89,49,133,0,26,7,-12,7,361,0,19,12,19,0,-7,-19,77.77666666666667,7,77.77666666666667,19,0
90,1,0,25,1,26,1,-24,0,0,25,-1,-25,625,24,25,12.566666666666666,1,12.566666666666666,0,25
91,625,0,625,25,50,25,0,0,0,25,-25,-25,625,0,25,464.54133333333334,25,464.54133333333334,0,25
92,625,0,0,25,25,25,25,0,0,0,-25,0,0,-25,0,149.78666666666666,25,149.78666666666666,0,0
93,1,25,0,26,1,-24,1,625,0,25,24,25,0,-1,-25,12.233333333333333,1,12.233333333333333,25,0
94,4,50,0,27,2,-23,2,625,0,25,23,25,0,-2,-25,25.453333333333333,2,25.453333333333333,25,0
95,625,250,0,35,25,15,25,100,0,10,-15,10,0,-25,-10,275.75466666666665,25,275.75466666666665,10,0
96,1,25,0,26,1,-24,1,625,0,25,24,25,0,-1,-25,12.233333333333333,1,12.233333333333333,25,0
97,100,250,0,35,10,-15,10,625,0,25,15,25,0,-10,-25,146.74,10,146.74,25,0
98,625,250,0,35,25,15,25,100,0,10,-15,10,0,-25,-10,276.00533333333334,25,276.00533333333334,10,0
99,256,256,400,32,41,0,-9,256,400,41,0,-9,625,9,9,788.292,16,388.29200000000003,16,25
100,1,0,25,1,26,1,-24,0,0,25,-1,-25,625,24,25,11.816666666666666,1,11.816666666666666,0,25
101,625,0,625,25,50,25,0,0,0,25,-25,-25,625,0,25,462.70533333333333,25,462.70533333333333,0,25
102,625,625,625,50,50,0,0,625,625,50,0,0,625,0,0,1399.8186666666666,25,774.8186666666666,25,25
103,625,250,625,35,50,15,0,100,250,35,-15,-15,625,0,15,837.7693333333333,25,587.7693333333333,10,25
104,121,275,0,36,11,-14,11,625,0,25,14,25,0,-11,-25,165.442,11,165.442,25,0
105,625,0,0,25,25,25,25,0,0,0,-25,0,0,-25,0,150.17333333333335,25,150.17333333333335,0,0
106,625,625,0,50,25,0,25,625,0,25,0,25,0,-25,-25,461.588,25,461.588,25,0
107,121,275,0,36,11,-14,11,625,0,25,14,25,0,-11,-25,164.67266666666666,11,164.67266666666666,25,0
108,1,25,12,26,13,-24,-11,625,300,37,24,13,144,11,-13,318.63,1,18.629999999999995,25,12
109,625,0,0,25,25,25,25,0,0,0,-25,0,0,-25,0,149.856,25,149.856,0,0
110,1,0,0,1,1,1,1,0,0,0,-1,0,0,-1,0,0.0,1,0.0,0,0
111,169,0,0,13,13,13,13,0,0,0,-13,0,0,-13,0,38.998666666666665,13,38.998666666666665,0,0
112,1,0,25,1,26,1,-24,0,0,25,-1,-25,625,24,25,12.9,1,12.9,0,25
113,1,0,0,1,1,1,1,0,0,0,-1,0,0,-1,0,0.0,1,0.0,0,0
114,4,0,0,2,2,2,2,0,0,0,-2,0,0,-2,0,0.49933333333333335,2,0.49933333333333335,0,0
115,1,25,0,26,1,-24,1,625,0,25,24,25,0,-1,-25,12.833333333333334,1,12.833333333333334,25,0
116,169,0,0,13,13,13,13,0,0,0,-13,0,0,-13,0,38.87733333333333,13,38.87733333333333,0,0
117,1,25,12,26,13,-24,-11,625,300,37,24,13,144,11,-13,318.51733333333334,1,18.51733333333334,25,12
118,625,225,0,34,25,16,25,81,0,9,-16,9,0,-25,-9,262.67266666666666,25,262.67266666666666,9,0
119,625,625,0,50,25,0,25,625,0,25,0,25,0,-25,-25,464.4193333333333,25,464.4193333333333,25,0
120,625,225,0,34,25,16,25,81,0,9,-16,9,0,-25,-9,261.68733333333336,25,261.68733333333336,9,0
121,1,0,0,1,1,1,1,0,0,0,-1,0,0,-1,0,0.0,1,0.0,0,0
122,625,0,0,25,25,25,25,0,0,0,-25,0,0,-25,0,149.76133333333334,25,149.76133333333334,0,0
123,625,625,0,50,25,0,25,625,0,25,0,25,0,-25,-25,461.764,25,461.764,25,0
124,625,250,0,35,25,15,25,100,0,10,-15,10,0,-25,-10,275.79333333333335,25,275.79333333333335,10,0
125,256,256,0,32,16,0,16,256,0,16,0,16,0,-16,-16,188.186,16,188.186,16,0
126,625,250,0,35,25,15,25,100,0,10,-15,10,0,-25,-10,274.08,25,274.08,10,0
127,121,275,0,36,11,-14,11,625,0,25,14,25,0,-11,-25,164.442,11,164.442,25,0
128,121,275,0,36,11,-14,11,625,0,25,14,25,0,-11,-25,163.82066666666665,11,163.82066666666665,25,0
129,1,25,0,26,1,-24,1,625,0,25,24,25,0,-1,-25,12.533333333333333,1,12.533333333333333,25,0
130,4,50,0,27,2,-23,2,625,0,25,23,25,0,-2,-25,26.182666666666666,2,26.182666666666666,25,0
131,1,12,0,13,1,-11,1,144,0,12,11,12,0,-1,-12,5.752,1,5.752,12,0
132,49,133,0,26,7,-12,7,361,0,19,12,19,0,-7,-19,77.77666666666667,7,77.77666666666667,19,0
133,1,0,25,1,26,1,-24,0,0,25,-1,-25,625,24,25,12.566666666666666,1,12.566666666666666,0,25
134,625,0,625,25,50,25,0,0,0,25,-25,-25,625,0,25,464.54133333333334,25,464.54133333333334,0,25
135,625,0,0,25,25,25,25,0,0,0,-25,0,0,-25,0,149.78666666666666,25,149.78666666666666,0,0
136,1,25,0,26,1,-24,1,625,0,25,24,25,0,-1,-25,12.233333333333333,1,12.233333333333333,25,0
137,4,50,0,27,2,-23,2,625,0,25,23,25,0,-2,-25,25.453333333333333,2,25.453333333333333,25,0
138,625,250,0,35,25,15,25,100,0,10,-15,10,0,-25,-10,275.75466666666665,25,275.75466666666665,10,0
139,1,25,0,26,1,-24,1,625,0,25,24,25,0,-1,-25,12.233333333333333,1,12.233333333333333,25,0
140,100,250,0,35,10,-15,10,625,0,25,15,25,0,-10,-25,146.74,10,146.74,25,0
141,625,250,0,35,25,15,25,100,0,10,-15,10,0,-25,-10,276.00533333333334,25,276.00533333333334,10,0
142,256,256,400,32,41,0,-9,256,400,41,0,-9,625,9,9,788.292,16,388.29200000000003,16,25
143,1,0,25,1,26,1,-24,0,0,25,-1,-25,625,24,25,11.816666666666666,1,11.816666666666666,0,25
144,625,0,625,25,50,25,0,0,0,25,-25,-25,625,0,25,462.70533333333333,25,462.70533333333333,0,25
145,625,625,625,50,50,0,0,625,625,50,0,0,625,0,0,1399.8186666666666,25,774.8186666666666,25,25
146,625,250,625,35,50,15,0,100,250,35,-15,-15,625,0,15,837.7693333333333,25,587.7693333333333,10,25
147,121,275,0,36,11,-14,11,625,0,25,14,25,0,-11,-25,165.442,11,165.442,25,0
148,625,0,0,25,25,25,25,0,0,0,-25,0,0,-25,0,150.17333333333335,25,150.17333333333335,0,0
149,625,625,0,50,25,0,25,625,0,25,0,25,0,-25,-25,461.588,25,461.588,25,0
150,121,275,0,36,11,-14,11,625,0,25,14,25,0,-11,-25,164.67266666666666,11,164.67266666666666,25,0
151,1,25,12,26,13,-24,-11,625,300,37,24,13,144,11,-13,318.63,1,18.629999999999995,25,12
152,625,0,0,25,25,25,25,0,0,0,-25,0,0,-25,0,149.856,25,149.856,0,0
153,1,0,0,1,1,1,1,0,0,0,-1,0,0,-1,0,0.0,1,0.0,0,0
154,169,0,0,13,13,13,13,0,0,0,-13,0,0,-13,0,38.998666666666665,13,38.998666666666665,0,0
155,1,0,25,1,26,1,-24,0,0,25,-1,-25,625,24,25,12.9,1,12.9,0,25
156,1,0,0,1,1,1,1,0,0,0,-1,0,0,-1,0,0.0,1,0.0,0,0
157,4,0,0,2,2,2,2,0,0,0,-2,0,0,-2,0,0.49933333333333335,2,0.49933333333333335,0,0
158,1,25,0,26,1,-24,1,625,0,25,24,25,0,-1,-25,12.833333333333334,1,12.833333333333334,25,0
159,169,0,0,13,13,13,13,0,0,0,-13,0,0,-13,0,38.87733333333333,13,38.87733333333333,0,0
160,1,25,12,26,13,-24,-11,625,300,37,24,13,144,11,-13,318.51733333333334,1,18.51733333333334,25,12
161,625,225,0,34,25,16,25,81,0,9,-16,9,0,-25,-9,262.67266666666666,25,262.67266666666666,9,0
162,625,625,0,50,25,0,25,625,0,25,0,25,0,-25,-25,464.4193333333333,25,464.4193333333333,25,0
163,625,225,0,34,25,16,25,81,0,9,-16,9,0,-25,-9,261.68733333333336,25,261.68733333333336,9,0
164,1,0,0,1,1,1,1,0,0,0,-1,0,0,-1,0,0.0,1,0.0,0,0
165,625,0,0,25,25,25,25,0,0,0,-25,0,0,-25,0,149.76133333333334,25,149.76133333333334,0,0
166,625,625,0,50,25,0,25,625,0,25,0,25,0,-25,-25,461.764,25,461.764,25,0
167,625,250,0,35,25,15,25,100,0,10,-15,10,0,-25,-10,275.79333333333335,25,275.79333333333335,10,0
168,256,256,0,32,16,0,16,256,0,16,0,16,0,-16,-16,188.186,16,188.186,16,0
169,625,250,0,35,25,15,25,100,0,10,-15,10,0,-25,-10,274.08,25,274.08,10,0
170,121,275,0,36,11,-14,11,625,0,25,14,25,0,-11,-25,164.442,11,164.442,25,0
171,121,275,0,36,11,-14,11,625,0,25,14,25,0,-11,-25,163.82066666666665,11,163.82066666666665,25,0
172,1,25,0,26,1,-24,1,625,0,25,24,25,0,-1,-25,12.533333333333333,1,12.533333333333333,25,0
173,4,50,0,27,2,-23,2,625,0,25,23,25,0,-2,-25,26.182666666666666,2,26.182666666666666,25,0
174,1,12,0,13,1,-11,1,144,0,12,11,12,0,-1,-12,5.752,1,5.752,12,0
175,49,133,0,26,7,-12,7,361,0,19,12,19,0,-7,-19,77.77666666666667,7,77.77666666666667,19,0
176,1,0,25,1,26,1,-24,0,0,25,-1,-25,625,24,25,12.566666666666666,1,12.566666666666666,0,25
177,625,0,625,25,50,25,0,0,0,25,-25,-25,625,0,25,464.54133333333334,25,464.54133333333334,0,25
178,625,0,0,25,25,25,25,0,0,0,-25,0,0,-25,0,149.78666666666666,25,149.78666666666666,0,0
179,1,25,0,26,1,-24,1,625,0,25,24,25,0,-1,-25,12.233333333333333,1,12.233333333333333,25,0
180,4,50,0,27,2,-23,2,625,0,25,23,25,0,-2,-25,25.453333333333333,2,25.453333333333333,25,0
181,625,250,0,35,25,15,25,100,0,10,-15,10,0,-25,-10,275.75466666666665,25,275.75466666666665,10,0
182,1,25,0,26,1,-24,1,625,0,25,24,25,0,-1,-25,12.233333333333333,1,12.233333333333333,25,0
183,100,250,0,35,10,-15,10,625,0,25,15,25,0,-10,-25,146.74,10,146.74,25,0
184,625,250,0,35,25,15,25,100,0,10,-15,10,0,-25,-10,276.00533333333334,25,276.00533333333334,10,0
185,256,256,400,32,41,0,-9,256,400,41,0,-9,625,9,9,788.292,16,388.29200000000003,16,25
186,1,0,25,1,26,1,-24,0,0,25,-1,-25,625,24,25,11.816666666666666,1,11.816666666666666,0,25
187,625,0,625,25,50,25,0,0,0,25,-25,-25,625,0,25,462.70533333333333,25,462.70533333333333,0,25
188,625,625,625,50,50,0,0,625,625,50,0,0,625,0,0,1399.8186666666666,25,774.8186666666666,25,25
189,625,250,625,35,50,15,0,100,250,35,-15,-15,625,0,15,837.7693333333333,25,587.7693333333333,10,25
190,121,275,0,36,11,-14,11,625,0,25,14,25,0,-11,-25,165.442,11,165.442,25,0
191,625,0,0,25,25,25,25,0,0,0,-25,0,0,-25,0,150.17333333333335,25,150.17333333333335,0,0
192,625,625,0,50,25,0,25,625,0,25,0,25,0,-25,-25,461.588,25,461.588,25,0
193,121,275,0,36,11,-14,11,625,0,25,14,25,0,-11,-25,164.67266666666666,11,164.67266666666666,25,0
194,1,25,12,26,13,-24,-11,625,300,37,24,13,144,11,-13,318.63,1,18.629999999999995,25,12
195,625,0,0,25,25,25,25,0,0,0,-25,0,0,-25,0,149.856,25,149.856,0,0
196,1,0,0,1,1,1,1,0,0,0,-1,0,0,-1,0,0.0,1,0.0,0,0
197,169,0,0,13,13,13,13,0,0,0,-13,0,0,-13,0,38.998666666666665,13,38.998666666666665,0,0
198,1,0,25,1,26,1,-24,0,0,25,-1,-25,625,24,25,12.9,1,12.9,0,25
199,1,0,0,1,1,1,1,0,0,0,-1,0,0,-1,0,0.0,1,0.0,0,0
200,4,0,0,2,2,2,2,0,0,0,-2,0,0,-2,0,0.49933333333333335,2,0.49933333333333335,0,0
201,1,25,0,26,1,-24,1,625,0,25,24,25,0,-1,-25,12.833333333333334,1,12.833333333333334,25,0
202,169,0,0,13,13,13,13,0,0,0,-13,0,0,-13,0,38.87733333333333,13,38.87733333333333,0,0
203,1,25,12,26,13,-24,-11,625,300,37,24,13,144,11,-13,318.51733333333334,1,18.51733333333334,25,12
204,625,225,0,34,25,16,25,81,0,9,-16,9,0,-25,-9,262.67266666666666,25,262.67266666666666,9,0
205,625,625,0,50,25,0,25,625,0,25,0,25,0,-25,-25,464.4193333333333,25,464.4193333333333,25,0
206,625,225,0,34,25,16,25,81,0,9,-16,9,0,-25,-9,261.68733333333336,25,261.68733333333336,9,0
207,1,0,0,1,1,1,1,0,0,0,-1,0,0,-1,0,0.0,1,0.0,0,0
208,625,0,0,25,25,25,25,0,0,0,-25,0,0,-25,0,149.76133333333334,25,149.76133333333334,0,0
209,625,625,0,50,25,0,25,625,0,25,0,25,0,-25,-25,461.764,25,461.764,25,0
210,625,250,0,35,25,15,25,100,0,10,-15,10,0,-25,-10,275.79333333333335,25,275.79333333333335,10,0
211,256,256,0,32,16,0,16,256,0,16,0,16,0,-16,-16,188.186,16,188.186,16,0
212,625,250,0,35,25,15,25,100,0,10,-15,10,0,-25,-10,274.08,25,274.08,10,0
213,121,275,0,36,11,-14,11,625,0,25,14,25,0,-11,-25,164.442,11,164.442,25,0
214,121,275,0,36,11,-14,11,625,0,25,14,25,0,-11,-25,163.82066666666665,11,163.82066666666665,25,0
215,1,25,0,26,1,-24,1,625,0,25,24,25,0,-1,-25,12.533333333333333,1,12.533333333333333,25,0
216,4,50,0,27,2,-23,2,625,0,25,23,25,0,-2,-25,26.182666666666666,2,26.182666666666666,25,0
217,1,12,0,13,1,-11,1,144,0,12,11,12,0,-1,-12,5.752,1,5.752,12,0
218,49,133,0,26,7,-12,7,361,0,19,12,19,0,-7,-19,77.77666666666667,7,77.77666666666667,19,0
219,1,0,25,1,26,1,-24,0,0,25,-1,-25,625,24,25,12.566666666666666,1,12.566666666666666,0,25
220,625,0,625,25,50,25,0,0,0,25,-25,-25,625,0,25,464.54133333333334,25,464.54133333333334,0,25
221,625,0,0,25,25,25,25,0,0,0,-25,0,0,-25,0,149.78666666666666,25,149.78666666666666,0,0
222,1,25,0,26,1,-24,1,625,0,25,24,25,0,-1,-25,12.233333333333333,1,12.233333333333333,25,0
223,4,50,0,27,2,-23,2,625,0,25,23,25,0,-2,-25,25.453333333333333,2,25.453333333333333,25,0
224,625,250,0,35,25,15,25,100,0,10,-15,10,0,-25,-10,275.75466666666665,25,275.75466666666665,10,0
225,1,25,0,26,1,-24,1,625,0,25,24,25,0,-1,-25,12.233333333333333,1,12.233333333333333,25,0
226,100,250,0,35,10,-15,10,625,0,25,15,25,0,-10,-25,146.74,10,146.74,25,0
227,625,250,0,35,25,15,25,100,0,10,-15,10,0,-25,-10,276.00533333333334,25,276.00533333333334,10,0
228,256,256,400,32,41,0,-9,256,400,41,0,-9,625,9,9,788.292,16,388.29200000000003,16,25
229,1,0,25,1,26,1,-24,0,0,25,-1,-25,625,24,25,11.816666666666666,1,11.816666666666666,0,25
230,625,0,625,25,50,25,0,0,0,25,-25,-25,625,0,25,462.70533333333333,25,462.70533333333333,0,25
231,625,625,625,50,50,0,0,625,625,50,0,0,625,0,0,1399.8186666666666,25,774.8186666666666,25,25
232,625,250,625,35,50,15,0,100,250,35,-15,-15,625,0,15,837.7693333333333,25,587.7693333333333,10,25
233,121,275,0,36,11,-14,11,625,0,25,14,25,0,-11,-25,165.442,11,165.442,25,0
234,625,0,0,25,25,25,25,0,0,0,-25,0,0,-25,0,150.17333333333335,25,150.17333333333335,0,0
235,625,625,0,50,25,0,25,625,0,25,0,25,0,-25,-25,461.588,25,461.588,25,0
236,121,275,0,36,11,-14,11,625,0,25,14,25,0,-11,-25,164.67266666666666,11,164.67266666666666,25,0
237,1,25,12,26,13,-24,-11,625,300,37,24,13,144,11,-13,318.63,1,18.629999999999995,25,12
238,625,0,0,25,25,25,25,0,0,0,-25,0,0,-25,0,149.856,25,149.856,0,0
239,1,0,0,1,1,1,1,0,0,0,-1,0,0,-1,0,0.0,1,0.0,0,0
240,169,0,0,13,13,13,13,0,0,0,-13,0,0,-13,0,38.998666666666665,13,38.998666666666665,0,0
241,1,0,25,1,26,1,-24,0,0,25,-1,-25,625,24,25,12.9,1,12.9,0,25
242,1,0,0,1,1,1,1,0,0,0,-1,0,0,-1,0,0.0,1,0.0,0,0
243,4,0,0,2,2,2,2,0,0,0,-2,0,0,-2,0,0.49933333333333335,2,0.49933333333333335,0,0
244,1,25,0,26,1,-24,1,625,0,25,24,25,0,-1,-25,12.833333333333334,1,12.833333333333334,25,0
245,169,0,0,13,13,13,13,0,0,0,-13,0,0,-13,0,38.87733333333333,13,38.87733333333333,0,0
246,1,25,12,26,13,-24,-11,625,300,37,24,13,144,11,-13,318.51733333333334,1,18.51733333333334,25,12
247,625,225,0,34,25,16,25,81,0,9,-16,9,0,-25,-9,262.67266666666666,25,262.67266666666666,9,0
248,625,625,0,50,25,0,25,625,0,25,0,25,0,-25,-25,464.4193333333333,25,464.4193333333333,25,0
249,625,225,0,34,25,16,25,81,0,9,-16,9,0,-25,-9,261.68733333333336,25,261.68733333333336,9,0
250,1,0,0,1,1,1,1,0,0,0,-1,0,0,-1,0,0.0,1,0.0,0,0
251,625,0,0,25,25,25,25,0,0,0,-25,0,0,-25,0,149.76133333333334,25,149.76133333333334,0,0
252,625,625,0,50,25,0,25,625,0,25,0,25,0,-25,-25,461.764,25,461.764,25,0
253,625,250,0,35,25,15,25,100,0,10,-15,10,0,-25,-10,275.79333333333335,25,275.79333333333335,10,0
254,256,256,0,32,16,0,16,256,0,16,0,16,0,-16,-16,188.186,16,188.186,16,0
255,625,250,0,35,25,15,25,100,0,10,-15,10,0,-25,-10,274.08,25,274.08,10,0
256,121,275,0,36,11,-14,11,625,0,25,14,25,0,-11,-25,164.442,11,164.442,25,0
257,121,275,0,36,11,-14,11,625,0,25,14,25,0,-11,-25,163.82066666666665,11,163.82066666666665,25,0
258,1,25,0,26,1,-24,1,625,0,25,24,25,0,-1,-25,12.533333333333333,1,12.533333333333333,25,0
259,4,50,0,27,2,-23,2,625,0,25,23,25,0,-2,-25,26.182666666666666,2,26.182666666666666,25,0
260,1,12,0,13,1,-11,1,144,0,12,11,12,0,-1,-12,5.752,1,5.752,12,0
261,49,133,0,26,7,-12,7,361,0,19,12,19,0,-7,-19,77.77666666666667,7,77.77666666666667,19,0
262,1,0,25,1,26,1,-24,0,0,25,-1,-25,625,24,25,12.566666666666666,1,12.566666666666666,0,25
263,625,0,625,25,50,25,0,0,0,25,-25,-25,625,0,25,464.54133333333334,25,464.54133333333334,0,25
264,625,0,0,25,25,25,25,0,0,0,-25,0,0,-25,0,149.78666666666666,25,149.78666666666666,0,0
265,1,25,0,26,1,-24,1,625,0,25,24,25,0,-1,-25,12.233333333333333,1,12.233333333333333,25,0
266,4,50,0,27,2,-23,2,625,0,25,23,25,0,-2,-25,25.453333333333333,2,25.453333333333333,25,0
267,625,250,0,35,25,15,25,100,0,10,-15,10,0,-25,-10,275.75466666666665,25,275.75466666666665,10,0
268,1,25,0,26,1,-24,1,625,0,25,24,25,0,-1,-25,12.233333333333333,1,12.233333333333333,25,0
269,100,250,0,35,10,-15,10,625,0,25,15,25,0,-10,-25,146.74,10,146.74,25,0
270,625,250,0,35,25,15,25,100,0,10,-15,10,0,-25,-10,276.00533333333334,25,276.00533333333334,10,0
271,256,256,400,32,41,0,-9,256,400,41,0,-9,625,9,9,788.292,16,388.29200000000003,16,25
272,1,0,25,1,26,1,-24,0,0,25,-1,-25,625,24,25,11.816666666666666,1,11.816666666666666,0,25
273,625,0,625,25,50,25,0,0,0,25,-25,-25,625,0,25,462.70533333333333,25,462.70533333333333,0,25
274,625,625,625,50,50,0,0,625,625,50,0,0,625,0,0,1399.8186666666666,25,774.8186666666666,25,25
275,625,250,625,35,50,15,0,100,250,35,-15,-15,625,0,15,837.7693333333333,25,587.7693333333333,10,25
276,121,275,0,36,11,-14,11,625,0,25,14,25,0,-11,-25,165.442,11,165.442,25,0
277,625,0,0,25,25,25,25,0,0,0,-25,0,0,-25,0,150.17333333333335,25,150.17333333333335,0,0
278,625,625,0,50,25,0,25,625,0,25,0,25,0,-25,-25,461.588,25,461.588,25,0
279,121,275,0,36,11,-14,11,625,0,25,14,25,0,-11,-25,164.67266666666666,11,164.67266666666666,25,0
280,1,25,12,26,13,-24,-11,625,300,37,24,13,144,11,-13,318.63,1,18.629999999999995,25,12
281,625,0,0,25,25,25,25,0,0,0,-25,0,0,-25,0,149.856,25,149.856,0,0
282,1,0,0,1,1,1,1,0,0,0,-1,0,0,-1,0,0.0,1,0.0,0,0
283,169,0,0,13,13,13,13,0,0,0,-13,0,0,-13,0,38.998666666666665,13,38.998666666666665,0,0
284,1,0,25,1,26,1,-24,0,0,25,-1,-25,625,24,25,12.9,1,12.9,0,25
285,1,0,0,1,1,1,1,0,0,0,-1,0,0,-1,0,0.0,1,0.0,0,0
286,4,0,0,2,2,2,2,0,0,0,-2,0,0,-2,0,0.49933333333333335,2,0.49933333333333335,0,0
287,1,25,0,26,1,-24,1,625,0,25,24,25,0,-1,-25,12.833333333333334,1,12.833333333333334,25,0
288,169,0,0,13,13,13,13,0,0,0,-13,0,0,-13,0,38.87733333333333,13,38.87733333333333,0,0
289,1,25,12,26,13,-24,-11,625,300,37,24,13,144,11,-13,318.51733333333334,1,18.51733333333334,25,12
290,625,225,0,34,25,16,25,81,0,9,-16,9,0,-25,-9,262.67266666666666,25,262.67266666666666,9,0
291,625,625,0,50,25,0,25,625,0,25,0,25,0,-25,-25,464.4193333333333,25,464.4193333333333,25,0
292,625,225,0,34,25,16,25,81,0,9,-16,9,0,-25,-9,261.68733333333336,25,261.68733333333336,9,0
293,1,0,0,1,1,1,1,0,0,0,-1,0,0,-1,0,0.0,1,0.0,0,0
294,625,0,0,25,25,25,25,0,0,0,-25,0,0,-25,0,149.76133333333334,25,149.76133333333334,0,0
295,625,625,0,50,25,0,25,625,0,25,0,25,0,-25,-25,461.764,25,461.764,25,0
296,625,250,0,35,25,15,25,100,0,10,-15,10,0,-25,-10,275.79333333333335,25,275.79333333333335,10,0
297,256,256,0,32,16,0,16,256,0,16,0,16,0,-16,-16,188.186,16,188.186,16,0
298,625,250,0,35,25,15,25,100,0,10,-15,10,0,-25,-10,274.08,25,274.08,10,0
299,121,275,0,36,11,-14,11,625,0,25,14,25,0,-11,-25,164.442,11,164.442,25,0
300,121,275,0,36,11,-14,11,625,0,25,14,25,0,-11,-25,163.82066666666665,11,163.82066666666665,25,0
301,1,25,0,26,1,-24,1,625,0,25,24,25,0,-1,-25,12.533333333333333,1,12.533333333333333,25,0
302,4,50,0,27,2,-23,2,625,0,25,23,25,0,-2,-25,26.182666666666666,2,26.182666666666666,25,0
303,1,12,0,13,1,-11,1,144,0,12,11,12,0,-1,-12,5.752,1,5.752,12,0
304,49,133,0,26,7,-12,7,361,0,19,12,19,0,-7,-19,77.77666666666667,7,77.77666666666667,19,0
305,1,0,25,1,26,1,-24,0,0,25,-1,-25,625,24,25,12.566666666666666,1,12.566666666666666,0,25
306,625,0,625,25,50,25,0,0,0,25,-25,-25,625,0,25,464.54133333333334,25,464.54133333333334,0,25
307,625,0,0,25,25,25,25,0,0,0,-25,0,0,-25,0,149.78666666666666,25,149.78666666666666,0,0
308,1,25,0,26,1,-24,1,625,0,25,24,25,0,-1,-25,12.233333333333333,1,12.233333333333333,25,0
309,4,50,0,27,2,-23,2,625,0,25,23,25,0,-2,-25,25.453333333333333,2,25.453333333333333,25,0
310,625,250,0,35,25,15,25,100,0,10,-15,10,0,-25,-10,275.75466666666665,25,275.75466666666665,10,0
311,1,25,0,26,1,-24,1,625,0,25,24,25,0,-1,-25,12.233333333333333,1,12.233333333333333,25,0
312,100,250,0,35,10,-15,10,625,0,25,15,25,0,-10,-25,146.74,10,146.74,25,0
313,625,250,0,35,25,15,25,100,0,10,-15,10,0,-25,-10,276.00533333333334,25,276.00533333333334,10,0
314,256,256,400,32,41,0,-9,256,400,41,0,-9,625,9,9,788.292,16,388.29200000000003,16,25
315,1,0,25,1,26,1,-24,0,0,25,-1,-25,625,24,25,11.816666666666666,1,11.816666666666666,0,25
316,625,0,625,25,50,25,0,0,0,25,-25,-25,625,0,25,462.70533333333333,25,462.70533333333333,0,25
317,625,625,625,50,50,0,0,625,625,50,0,0,625,0,0,1399.8186666666666,25,774.8186666666666,25,25
318,625,250,625,35,50,15,0,100,250,35,-15,-15,625,0,15,837.7693333333333,25,587.7693333333333,10,25
319,121,275,0,36,11,-14,11,625,0,25,14,25,0,-11,-25,165.442,11,165.442,25,0
320,625,0,0,25,25,25,25,0,0,0,-25,0,0,-25,0,150.17333333333335,25,150.17333333333335,0,0
321,625,625,0,50,25,0,25,625,0,25,0,25,0,-25,-25,461.588,25,461.588,25,0
322,121,275,0,36,11,-14,11,625,0,25,14,25,0,-11,-25,164.67266666666666,11,164.67266666666666,25,0
323,1,25,12,26,13,-24,-11,625,300,37,24,13,144,11,-13,318.63,1,18.629999999999995,25,12
324,625,0,0,25,25,25,25,0,0,0,-25,0,0,-25,0,149.856,25,149.856,0,0
325,1,0,0,1,1,1,1,0,0,0,-1,0,0,-1,0,0.0,1,0.0,0,0
326,169,0,0,13,13,13,13,0,0,0,-13,0,0,-13,0,38.998666666666665,13,38.998666666666665,0,0
327,1,0,25,1,26,1,-24,0,0,25,-1,-25,625,24,25,12.9,1,12.9,0,25
328,1,0,0,1,1,1,1,0,0,0,-1,0,0,-1,0,0.0,1,0.0,0,0
329,4,0,0,2,2,2,2,0,0,0,-2,0,0,-2,0,0.49933333333333335,2,0.49933333333333335,0,0
330,1,25,0,26,1,-24,1,625,0,25,24,25,0,-1,-25,12.833333333333334,1,12.833333333333334,25,0
331,169,0,0,13,13,13,13,0,0,0,-13,0,0,-13,0,38.87733333333333,13,38.87733333333333,0,0
332,1,25,12,26,13,-24,-11,625,300,37,24,13,144,11,-13,318.51733333333334,1,18.51733333333334,25,12
333,625,225,0,34,25,16,25,81,0,9,-16,9,0,-25,-9,262.67266666666666,25,262.67266666666666,9,0
334,625,625,0,50,25,0,25,625,0,25,0,25,0,-25,-25,464.4193333333333,25,464.4193333333333,25,0
335,625,225,0,34,25,16,25,81,0,9,-16,9,0,-25,-9,261.68733333333336,25,261.68733333333336,9,0
336,1,0,0,1,1,1,1,0,0,0,-1,0,0,-1,0,0.0,1,0.0,0,0
337,625,0,0,25,25,25,25,0,0,0,-25,0,0,-25,0,149.76133333333334,25,149.76133333333334,0,0
338,625,625,0,50,25,0,25,625,0,25,0,25,0,-25,-25,461.764,25,461.764,25,0
339,625,250,0,35,25,15,25,100,0,10,-15,10,0,-25,-10,275.79333333333335,25,275.79333333333335,10,0
340,256,256,0,32,16,0,16,256,0,16,0,16,0,-16,-16,188.186,16,188.186,16,0
341,625,250,0,35,25,15,25,100,0,10,-15,10,0,-25,-10,274.08,25,274.08,10,0
342,121,275,0,36,11,-14,11,625,0,25,14,25,0,-11,-25,164.442,11,164.442,25,0
343,121,275,0,36,11,-14,11,625,0,25,14,25,0,-11,-25,163.82066666666665,11,163.82066666666665,25,0
344,1,25,0,26,1,-24,1,625,0,25,24,25,0,-1,-25,12.533333333333333,1,12.533333333333333,25,0
345,4,50,0,27,2,-23,2,625,0,25,23,25,0,-2,-25,26.182666666666666,2,26.182666666666666,25,0
346,1,12,0,13,1,-11,1,144,0,12,11,12,0,-1,-12,5.752,1,5.752,12,0
347,49,133,0,26,7,-12,7,361,0,19,12,19,0,-7,-19,77.77666666666667,7,77.77666666666667,19,0
348,1,0,25,1,26,1,-24,0,0,25,-1,-25,625,24,25,12.566666666666666,1,12.566666666666666,0,25
349,625,0,625,25,50,25,0,0,0,25,-25,-25,625,0,25,464.54133333333334,25,464.54133333333334,0,25
350,625,0,0,25,25,25,25,0,0,0,-25,0,0,-25,0,149.78666666666666,25,149.78666666666666,0,0
351,1,25,0,26,1,-24,1,625,0,25,24,25,0,-1,-25,12.233333333333333,1,12.233333333333333,25,0
352,4,50,0,27,2,-23,2,625,0,25,23,25,0,-2,-25,25.453333333333333,2,25.453333333333333,25,0
353,625,250,0,35,25,15,25,100,0,10,-15,10,0,-25,-10,275.75466666666665,25,275.75466666666665,10,0
354,1,25,0,26,1,-24,1,625,0,25,24,25,0,-1,-25,12.233333333333333,1,12.233333333333333,25,0
355,100,250,0,35,10,-15,10,625,0,25,15,25,0,-10,-25,146.74,10,146.74,25,0
356,625,250,0,35,25,15,25,100,0,10,-15,10,0,-25,-10,276.00533333333334,25,276.00533333333334,10,0
357,256,256,400,32,41,0,-9,256,400,41,0,-9,625,9,9,788.292,16,388.29200000000003,16,25
358,1,0,25,1,26,1,-24,0,0,25,-1,-25,625,24,25,11.816666666666666,1,11.816666666666666,0,25
359,625,0,625,25,50,25,0,0,0,25,-25,-25,625,0,25,462.70533333333333,25,462.70533333333333,0,25
360,625,625,625,50,50,0,0,625,625,50,0,0,625,0,0,1399.8186666666666,25,774.8186666666666,25,25
361,625,250,625,35,50,15,0,100,250,35,-15,-15,625,0,15,837.7693333333333,25,587.7693333333333,10,25
362,121,275,0,36,11,-14,11,625,0,25,14,25,0,-11,-25,165.442,11,165.442,25,0
363,625,0,0,25,25,25,25,0,0,0,-25,0,0,-25,0,150.17333333333335,25,150.17333333333335,0,0
364,625,625,0,50,25,0,25,625,0,25,0,25,0,-25,-25,461.588,25,461.588,25,0
365,121,275,0,36,11,-14,11,625,0,25,14,25,0,-11,-25,164.67266666666666,11,164.67266666666666,25,0
366,1,25,12,26,13,-24,-11,625,300,37,24,13,144,11,-13,318.63,1,18.629999999999995,25,12
367,625,0,0,25,25,25,25,0,0,0,-25,0,0,-25,0,149.856,25,149.856,0,0
368,1,0,0,1,1,1,1,0,0,0,-1,0,0,-1,0,0.0,1,0.0,0,0
369,169,0,0,13,13,13,13,0,0,0,-13,0,0,-13,0,38.998666666666665,13,38.998666666666665,0,0
370,1,0,25,1,26,1,-24,0,0,25,-1,-25,625,24,25,12.9,1,12.9,0,25
371,1,0,0,1,1,1,1,0,0,0,-1,0,0,-1,0,0.0,1,0.0,0,0
372,4,0,0,2,2,2,2,0,0,0,-2,0,0,-2,0,0.49933333333333335,2,0.49933333333333335,0,0
373,1,25,0,26,1,-24,1,625,0,25,24,25,0,-1,-25,12.833333333333334,1,12.833333333333334,25,0
374,169,0,0,13,13,13,13,0,0,0,-13,0,0,-13,0,38.87733333333333,13,38.87733333333333,0,0
375,1,25,12,26,13,-24,-11,625,300,37,24,13,144,11,-13,318.51733333333334,1,18.51733333333334,25,12
376,625,225,0,34,25,16,25,81,0,9,-16,9,0,-25,-9,262.67266666666666,25,262.67266666666666,9,0
377,625,625,0,50,25,0,25,625,0,25,0,25,0,-25,-25,464.4193333333333,25,464.4193333333333,25,0
378,625,225,0,34,25,16,25,81,0,9,-16,9,0,-25,-9,261.68733333333336,25,261.68733333333336,9,0
379,1,0,0,1,1,1,1,0,0,0,-1,0,0,-1,0,0.0,1,0.0,0,0
380,625,0,0,25,25,25,25,0,0,0,-25,0,0,-25,0,149.76133333333334,25,149.76133333333334,0,0
381,625,625,0,50,25,0,25,625,0,25,0,25,0,-25,-25,461.764,25,461.764,25,0
382,625,250,0,35,25,15,25,100,0,10,-15,10,0,-25,-10,275.79333333333335,25,275.79333333333335,10,0
383,256,256,0,32,16,0,16,256,0,16,0,16,0,-16,-16,188.186,16,188.186,16,0
384,625,250,0,35,25,15,25,100,0,10,-15,10,0,-25,-10,274.08,25,274.08,10,0
385,121,275,0,36,11,-14,11,625,0,25,14,25,0,-11,-25,164.442,11,164.442,25,0
386,121,275,0,36,11,-14,11,625,0,25,14,25,0,-11,-25,163.82066666666665,11,163.82066666666665,25,0
387,1,25,0,26,1,-24,1,625,0,25,24,25,0,-1,-25,12.533333333333333,1,12.533333333333333,25,0
388,4,50,0,27,2,-23,2,625,0,25,23,25,0,-2,-25,26.182666666666666,2,26.182666666666666,25,0
389,1,12,0,13,1,-11,1,144,0,12,11,12,0,-1,-12,5.752,1,5.752,12,0
390,49,133,0,26,7,-12,7,361,0,19,12,19,0,-7,-19,77.77666666666667,7,77.77666666666667,19,0
391,1,0,25,1,26,1,-24,0,0,25,-1,-25,625,24,25,12.566666666666666,1,12.566666666666666,0,25
392,625,0,625,25,50,25,0,0,0,25,-25,-25,625,0,25,464.54133333333334,25,464.54133333333334,0,25
393,625,0,0,25,25,25,25,0,0,0,-25,0,0,-25,0,149.78666666666666,25,149.78666666666666,0,0
394,1,25,0,26,1,-24,1,625,0,25,24,25,0,-1,-25,12.233333333333333,1,12.233333333333333,25,0
395,4,50,0,27,2,-23,2,625,0,25,23,25,0,-2,-25,25.453333333333333,2,25.453333333333333,25,0
396,625,250,0,35,25,15,25,100,0,10,-15,10,0,-25,-10,275.75466666666665,25,275.75466666666665,10,0
397,1,25,0,26,1,-24,1,625,0,25,24,25,0,-1,-25,12.233333333333333,1,12.233333333333333,25,0
398,100,250,0,35,10,-15,10,625,0,25,15,25,0,-10,-25,146.74,10,146.74,25,0
399,625,250,0,35,25,15,25,100,0,10,-15,10,0,-25,-10,276.00533333333334,25,276.00533333333334,10,0
400,256,256,400,32,41,0,-9,256,400,41,0,-9,625,9,9,788.292,16,388.29200000000003,16,25
401,1,0,25,1,26,1,-24,0,0,25,-1,-25,625,24,25,11.816666666666666,1,11.816666666666666,0,25
402,625,0,625,25,50,25,0,0,0,25,-25,-25,625,0,25,462.70533333333333,25,462.70533333333333,0,25
403,625,625,625,50,50,0,0,625,625,50,0,0,625,0,0,1399.8186666666666,25,774.8186666666666,25,25
404,625,250,625,35,50,15,0,100,250,35,-15,-15,625,0,15,837.7693333333333,25,587.7693333333333,10,25
405,121,275,0,36,11,-14,11,625,0,25,14,25,0,-11,-25,165.442,11,165.442,25,0
406,625,0,0,25,25,25,25,0,0,0,-25,0,0,-25,0,150.17333333333335,25,150.17333333333335,0,0
407,625,625,0,50,25,0,25,625,0,25,0,25,0,-25,-25,461.588,25,461.588,25,0
408,121,275,0,36,11,-14,11,625,0,25,14,25,0,-11,-25,164.67266666666666,11,164.67266666666666,25,0
409,1,25,12,26,13,-24,-11,625,300,37,24,13,144,11,-13,318.63,1,18.629999999999995,25,12
410,625,0,0,25,25,25,25,0,0,0,-25,0,0,-25,0,149.856,25,149.856,0,0
411,1,0,0,1,1,1,1,0,0,0,-1,0,0,-1,0,0.0,1,0.0,0,0
412,169,0,0,13,13,13,13,0,0,0,-13,0,0,-13,0,38.998666666666665,13,38.998666666666665,0,0
413,1,0,25,1,26,1,-24,0,0,25,-1,-25,625,24,25,12.9,1,12.9,0,25
414,1,0,0,1,1,1,1,0,0,0,-1,0,0,-1,0,0.0,1,0.0,0,0
415,4,0,0,2,2,2,2,0,0,0,-2,0,0,-2,0,0.49933333333333335,2,0.49933333333333335,0,0
416,1,25,0,26,1,-24,1,625,0,25,24,25,0,-1,-25,12.833333333333334,1,12.833333333333334,25,0
417,169,0,0,13,13,13,13,0,0,0,-13,0,0,-13,0,38.87733333333333,13,38.87733333333333,0,0
418,1,25,12,26,13,-24,-11,625,300,37,24,13,144,11,-13,318.51733333333334,1,18.51733333333334,25,12
419,625,225,0,34,25,16,25,81,0,9,-16,9,0,-25,-9,262.67266666666666,25,262.67266666666666,9,0
420,625,625,0,50,25,0,25,625,0,25,0,25,0,-25,-25,464.4193333333333,25,464.4193333333333,25,0
421,625,225,0,34,25,16,25,81,0,9,-16,9,0,-25,-9,261.68733333333336,25,261.68733333333336,9,0
422,1,0,0,1,1,1,1,0,0,0,-1,0,0,-1,0,0.0,1,0.0,0,0
423,625,0,0,25,25,25,25,0,0,0,-25,0,0,-25,0,149.76133333333334,25,149.76133333333334,0,0
424,625,625,0,50,25,0,25,625,0,25,0,25,0,-25,-25,461.764,25,461.764,25,0
425,625,250,0,35,25,15,25,100,0,10,-15,10,0,-25,-10,275.79333333333335,25,275.79333333333335,10,0
426,256,256,0,32,16,0,16,256,0,16,0,16,0,-16,-16,188.186,16,188.186,16,0
427,625,250,0,35,25,15,25,100,0,10,-15,10,0,-25,-10,274.08,25,274.08,10,0
428,121,275,0,36,11,-14,11,625,0,25,14,25,0,-11,-25,164.442,11,164.442,25,0
429,121,275,0,36,11,-14,11,625,0,25,14,25,0,-11,-25,163.82066666666665,11,163.82066666666665,25,0
430,1,25,0,26,1,-24,1,625,0,25,24,25,0,-1,-25,12.533333333333333,1,12.533333333333333,25,0
431,4,50,0,27,2,-23,2,625,0,25,23,25,0,-2,-25,26.182666666666666,2,26.182666666666666,25,0
432,1,12,0,13,1,-11,1,144,0,12,11,12,0,-1,-12,5.752,1,5.752,12,0
433,49,133,0,26,7,-12,7,361,0,19,12,19,0,-7,-19,77.77666666666667,7,77.77666666666667,19,0
434,1,0,25,1,26,1,-24,0,0,25,-1,-25,625,24,25,12.566666666666666,1,12.566666666666666,0,25
435,625,0,625,25,50,25,0,0,0,25,-25,-25,625,0,25,464.54133333333334,25,464.54133333333334,0,25
436,625,0,0,25,25,25,25,0,0,0,-25,0,0,-25,0,149.78666666666666,25,149.78666666666666,0,0
437,1,25,0,26,1,-24,1,625,0,25,24,25,0,-1,-25,12.233333333333333,1,12.233333333333333,25,0
438,4,50,0,27,2,-23,2,625,0,25,23,25,0,-2,-25,25.453333333333333,2,25.453333333333333,25,0
439,625,250,0,35,25,15,25,100,0,10,-15,10,0,-25,-10,275.75466666666665,25,275.75466666666665,10,0
440,1,25,0,26,1,-24,1,625,0,25,24,25,0,-1,-25,12.233333333333333,1,12.233333333333333,25,0
441,100,250,0,35,10,-15,10,625,0,25,15,25,0,-10,-25,146.74,10,146.74,25,0
442,625,250,0,35,25,15,25,100,0,10,-15,10,0,-25,-10,276.00533333333334,25,276.00533333333334,10,0
443,256,256,400,32,41,0,-9,256,400,41,0,-9,625,9,9,788.292,16,388.29200000000003,16,25
444,1,0,25,1,26,1,-24,0,0,25,-1,-25,625,24,25,11.816666666666666,1,11.816666666666666,0,25
445,625,0,625,25,50,25,0,0,0,25,-25,-25,625,0,25,462.70533333333333,25,462.70533333333333,0,25
446,625,625,625,50,50,0,0,625,625,50,0,0,625,0,0,1399.8186666666666,25,774.8186666666666,25,25
447,625,250,625,35,50,15,0,100,250,35,-15,-15,625,0,15,837.7693333333333,25,587.7693333333333,10,25
448,121,275,0,36,11,-14,11,625,0,25,14,25,0,-11,-25,165.442,11,165.442,25,0
449,625,0,0,25,25,25,25,0,0,0,-25,0,0,-25,0,150.17333333333335,25,150.17333333333335,0,0
450,625,625,0,50,25,0,25,625,0,25,0,25,0,-25,-25,461.588,25,461.588,25,0
451,121,275,0,36,11,-14,11,625,0,25,14,25,0,-11,-25,164.67266666666666,11,164.67266666666666,25,0
452,1,25,12,26,13,-24,-11,625,300,37,24,13,144,11,-13,318.63,1,18.629999999999995,25,12
453,625,0,0,25,25,25,25,0,0,0,-25,0,0,-25,0,149.856,25,149.856,0,0
454,1,0,0,1,1,1,1,0,0,0,-1,0,0,-1,0,0.0,1,0.0,0,0
455,169,0,0,13,13,13,13,0,0,0,-13,0,0,-13,0,38.998666666666665,13,38.998666666666665,0,0
456,1,0,25,1,26,1,-24,0,0,25,-1,-25,625,24,25,12.9,1,12.9,0,25
457,1,0,0,1,1,1,1,0,0,0,-1,0,0,-1,0,0.0,1,0.0,0,0
458,4,0,0,2,2,2,2,0,0,0,-2,0,0,-2,0,0.49933333333333335,2,0.49933333333333335,0,0
459,1,25,0,26,1,-24,1,625,0,25,24,25,0,-1,-25,12.833333333333334,1,12.833333333333334,25,0
460,169,0,0,13,13,13,13,0,0,0,-13,0,0,-13,0,38.87733333333333,13,38.87733333333333,0,0
461,1,25,12,26,13,-24,-11,625,300,37,24,13,144,11,-13,318.51733333333334,1,18.51733333333334,25,12
462,625,225,0,34,25,16,25,81,0,9,-16,9,0,-25,-9,262.67266666666666,25,262.67266666666666,9,0
463,625,625,0,50,25,0,25,625,0,25,0,25,0,-25,-25,464.4193333333333,25,464.4193333333333,25,0
464,625,225,0,34,25,16,25,81,0,9,-16,9,0,-25,-9,261.68733333333336,25,261.68733333333336,9,0
465,1,0,0,1,1,1,1,0,0,0,-1,0,0,-1,0,0.0,1,0.0,0,0
466,625,0,0,25,25,25,25,0,0,0,-25,0,0,-25,0,149.76133333333334,25,149.76133333333334,0,0
467,625,625,0,50,25,0,25,625,0,25,0,25,0,-25,-25,461.764,25,461.764,25,0
468,625,250,0,35,25,15,25,100,0,10,-15,10,0,-25,-10,275.79333333333335,25,275.79333333333335,10,0
469,256,256,0,32,16,0,16,256,0,16,0,16,0,-16,-16,188.186,16,188.186,16,0
470,625,250,0,35,25,15,25,100,0,10,-15,10,0,-25,-10,274.08,25,274.08,10,0
471,121,275,0,36,11,-14,11,625,0,25,14,25,0,-11,-25,164.442,11,164.442,25,0
472,121,275,0,36,11,-14,11,625,0,25,14,25,0,-11,-25,163.82066666666665,11,163.82066666666665,25,0
473,1,25,0,26,1,-24,1,625,0,25,24,25,0,-1,-25,12.533333333333333,1,12.533333333333333,25,0
474,4,50,0,27,2,-23,2,625,0,25,23,25,0,-2,-25,26.182666666666666,2,26.182666666666666,25,0
475,1,12,0,13,1,-11,1,144,0,12,11,12,0,-1,-12,5.752,1,5.752,12,0
476,49,133,0,26,7,-12,7,361,0,19,12,19,0,-7,-19,77.77666666666667,7,77.77666666666667,19,0
477,1,0,25,1,26,1,-24,0,0,25,-1,-25,625,24,25,12.566666666666666,1,12.566666666666666,0,25
478,625,0,625,25,50,25,0,0,0,25,-25,-25,625,0,25,464.54133333333334,25,464.54133333333334,0,25
479,625,0,0,25,25,25,25,0,0,0,-25,0,0,-25,0,149.78666666666666,25,149.78666666666666,0,0
480,1,25,0,26,1,-24,1,625,0,25,24,25,0,-1,-25,12.233333333333333,1,12.233333333333333,25,0
481,4,50,0,27,2,-23,2,625,0,25,23,25,0,-2,-25,25.453333333333333,2,25.453333333333333,25,0
482,625,250,0,35,25,15,25,100,0,10,-15,10,0,-25,-10,275.75466666666665,25,275.75466666666665,10,0
483,1,25,0,26,1,-24,1,625,0,25,24,25,0,-1,-25,12.233333333333333,1,12.233333333333333,25,0
484,100,250,0,35,10,-15,10,625,0,25,15,25,0,-10,-25,146.74,10,146.74,25,0
485,625,250,0,35,25,15,25,100,0,10,-15,10,0,-25,-10,276.00533333333334,25,276.00533333333334,10,0
486,256,256,400,32,41,0,-9,256,400,41,0,-9,625,9,9,788.292,16,388.29200000000003,16,25
487,1,0,25,1,26,1,-24,0,0,25,-1,-25,625,24,25,11.816666666666666,1,11.816666666666666,0,25
488,625,0,625,25,50,25,0,0,0,25,-25,-25,625,0,25,462.70533333333333,25,462.70533333333333,0,25
489,625,625,625,50,50,0,0,625,625,50,0,0,625,0,0,1399.8186666666666,25,774.8186666666666,25,25
490,625,250,625,35,50,15,0,100,250,35,-15,-15,625,0,15,837.7693333333333,25,587.7693333333333,10,25
491,121,275,0,36,11,-14,11,625,0,25,14,25,0,-11,-25,165.442,11,165.442,25,0
492,625,0,0,25,25,25,25,0,0,0,-25,0,0,-25,0,150.17333333333335,25,150.17333333333335,0,0
493,625,625,0,50,25,0,25,625,0,25,0,25,0,-25,-25,461.588,25,461.588,25,0
494,121,275,0,36,11,-14,11,625,0,25,14,25,0,-11,-25,164.67266666666666,11,164.67266666666666,25,0
495,1,25,12,26,13,-24,-11,625,300,37,24,13,144,11,-13,318.63,1,18.629999999999995,25,12
496,625,0,0,25,25,25,25,0,0,0,-25,0,0,-25,0,149.856,25,149.856,0,0
497,1,0,0,1,1,1,1,0,0,0,-1,0,0,-1,0,0.0,1,0.0,0,0
498,169,0,0,13,13,13,13,0,0,0,-13,0,0,-13,0,38.998666666666665,13,38.998666666666665,0,0
499,1,0,25,1,26,1,-24,0,0,25,-1,-25,625,24,25,12.9,1,12.9,0,25
500,1,0,0,1,1,1,1,0,0,0,-1,0,0,-1,0,0.0,1,0.0,0,0
501,4,0,0,2,2,2,2,0,0,0,-2,0,0,-2,0,0.49933333333333335,2,0.49933333333333335,0,0
502,1,25,0,26,1,-24,1,625,0,25,24,25,0,-1,-25,12.833333333333334,1,12.833333333333334,25,0
503,169,0,0,13,13,13,13,0,0,0,-13,0,0,-13,0,38.87733333333333,13,38.87733333333333,0,0
504,1,25,12,26,13,-24,-11,625,300,37,24,13,144,11,-13,318.51733333333334,1,18.51733333333334,25,12
505,625,225,0,34,25,16,25,81,0,9,-16,9,0,-25,-9,262.67266666666666,25,262.67266666666666,9,0
506,625,625,0,50,25,0,25,625,0,25,0,25,0,-25,-25,464.4193333333333,25,464.4193333333333,25,0
507,625,225,0,34,25,16,25,81,0,9,-16,9,0,-25,-9,261.68733333333336,25,261.68733333333336,9,0
508,1,0,0,1,1,1,1,0,0,0,-1,0,0,-1,0,0.0,1,0.0,0,0
509,625,0,0,25,25,25,25,0,0,0,-25,0,0,-25,0,149.76133333333334,25,149.76133333333334,0,0
510,625,625,0,50,25,0,25,625,0,25,0,25,0,-25,-25,461.764,25,461.764,25,0
511,625,250,0,35,25,15,25,100,0,10,-15,10,0,-25,-10,275.79333333333335,25,275.79333333333335,10,0
512,256,256,0,32,16,0,16,256,0,16,0,16,0,-16,-16,188.186,16,188.186,16,0
513,625,250,0,35,25,15,25,100,0,10,-15,10,0,-25,-10,274.08,25,274.08,10,0
514,121,275,0,36,11,-14,11,625,0,25,14,25,0,-11,-25,164.442,11,164.442,25,0
515,121,275,0,36,11,-14,11,625,0,25,14,25,0,-11,-25,163.82066666666665,11,163.82066666666665,25,0
516,1,25,0,26,1,-24,1,625,0,25,24,25,0,-1,-25,12.533333333333333,1,12.533333333333333,25,0
517,4,50,0,27,2,-23,2,625,0,25,23,25,0,-2,-25,26.182666666666666,2,26.182666666666666,25,0
518,1,12,0,13,1,-11,1,144,0,12,11,12,0,-1,-12,5.752,1,5.752,12,0
519,49,133,0,26,7,-12,7,361,0,19,12,19,0,-7,-19,77.77666666666667,7,77.77666666666667,19,0
520,1,0,25,1,26,1,-24,0,0,25,-1,-25,625,24,25,12.566666666666666,1,12.566666666666666,0,25
521,625,0,625,25,50,25,0,0,0,25,-25,-25,625,0,25,464.54133333333334,25,464.54133333333334,0,25
522,625,0,0,25,25,25,25,0,0,0,-25,0,0,-25,0,149.78666666666666,25,149.78666666666666,0,0
523,1,25,0,26,1,-24,1,625,0,25,24,25,0,-1,-25,12.233333333333333,1,12.233333333333333,25,0
524,4,50,0,27,2,-23,2,625,0,25,23,25,0,-2,-25,25.453333333333333,2,25.453333333333333,25,0
525,625,250,0,35,25,15,25,100,0,10,-15,10,0,-25,-10,275.75466666666665,25,275.75466666666665,10,0
526,1,25,0,26,1,-24,1,625,0,25,24,25,0,-1,-25,12.233333333333333,1,12.233333333333333,25,0
527,100,250,0,35,10,-15,10,625,0,25,15,25,0,-10,-25,146.74,10,146.74,25,0
528,625,250,0,35,25,15,25,100,0,10,-15,10,0,-25,-10,276.00533333333334,25,276.00533333333334,10,0
529,256,256,400,32,41,0,-9,256,400,41,0,-9,625,9,9,788.292,16,388.29200000000003,16,25
530,1,0,25,1,26,1,-24,0,0,25,-1,-25,625,24,25,11.816666666666666,1,11.816666666666666,0,25
531,625,0,625,25,50,25,0,0,0,25,-25,-25,625,0,25,462.70533333333333,25,462.70533333333333,0,25
532,625,625,625,50,50,0,0,625,625,50,0,0,625,0,0,1399.8186666666666,25,774.8186666666666,25,25
533,625,250,625,35,50,15,0,100,250,35,-15,-15,625,0,15,837.7693333333333,25,587.7693333333333,10,25
534,121,275,0,36,11,-14,11,625,0,25,14,25,0,-11,-25,165.442,11,165.442,25,0
535,625,0,0,25,25,25,25,0,0,0,-25,0,0,-25,0,150.17333333333335,25,150.17333333333335,0,0
536,625,625,0,50,25,0,25,625,0,25,0,25,0,-25,-25,461.588,25,461.588,25,0
537,121,275,0,36,11,-14,11,625,0,25,14,25,0,-11,-25,164.67266666666666,11,164.67266666666666,25,0
538,1,25,12,26,13,-24,-11,625,300,37,24,13,144,11,-13,318.63,1,18.629999999999995,25,12
539,625,0,0,25,25,25,25,0,0,0,-25,0,0,-25,0,149.856,25,149.856,0,0
540,1,0,0,1,1,1,1,0,0,0,-1,0,0,-1,0,0.0,1,0.0,0,0
541,169,0,0,13,13,13,13,0,0,0,-13,0,0,-13,0,38.998666666666665,13,38.998666666666665,0,0
542,1,0,25,1,26,1,-24,0,0,25,-1,-25,625,24,25,12.9,1,12.9,0,25
543,1,0,0,1,1,1,1,0,0,0,-1,0,0,-1,0,0.0,1,0.0,0,0
544,4,0,0,2,2,2,2,0,0,0,-2,0,0,-2,0,0.49933333333333335,2,0.49933333333333335,0,0
545,1,25,0,26,1,-24,1,625,0,25,24,25,0,-1,-25,12.833333333333334,1,12.833333333333334,25,0
546,169,0,0,13,13,13,13,0,0,0,-13,0,0,-13,0,38.87733333333333,13,38.87733333333333,0,0
547,1,25,12,26,13,-24,-11,625,300,37,24,13,144,11,-13,318.51733333333334,1,18.51733333333334,25,12
548,625,225,0,34,25,16,25,81,0,9,-16,9,0,-25,-9,262.67266666666666,25,262.67266666666666,9,0
549,625,625,0,50,25,0,25,625,0,25,0,25,0,-25,-25,464.4193333333333,25,464.4193333333333,25,0
550,625,225,0,34,25,16,25,81,0,9,-16,9,0,-25,-9,261.68733333333336,25,261.68733333333336,9,0
551,1,0,0,1,1,1,1,0,0,0,-1,0,0,-1,0,0.0,1,0.0,0,0
552,625,0,0,25,25,25,25,0,0,0,-25,0,0,-25,0,149.76133333333334,25,149.76133333333334,0,0
553,625,625,0,50,25,0,25,625,0,25,0,25,0,-25,-25,461.764,25,461.764,25,0
554,625,250,0,35,25,15,25,100,0,10,-15,10,0,-25,-10,275.79333333333335,25,275.79333333333335,10,0
555,256,256,0,32,16,0,16,256,0,16,0,16,0,-16,-16,188.186,16,188.186,16,0
556,625,250,0,35,25,15,25,100,0,10,-15,10,0,-25,-10,274.08,25,274.08,10,0
557,121,275,0,36,11,-14,11,625,0,25,14,25,0,-11,-25,164.442,11,164.442,25,0
558,121,275,0,36,11,-14,11,625,0,25,14,25,0,-11,-25,163.82066666666665,11,163.82066666666665,25,0
559,1,25,0,26,1,-24,1,625,0,25,24,25,0,-1,-25,12.533333333333333,1,12.533333333333333,25,0
560,4,50,0,27,2,-23,2,625,0,25,23,25,0,-2,-25,26.182666666666666,2,26.182666666666666,25,0
561,1,12,0,13,1,-11,1,144,0,12,11,12,0,-1,-12,5.752,1,5.752,12,0
562,49,133,0,26,7,-12,7,361,0,19,12,19,0,-7,-19,77.77666666666667,7,77.77666666666667,19,0
563,1,0,25,1,26,1,-24,0,0,25,-1,-25,625,24,25,12.566666666666666,1,12.566666666666666,0,25
564,625,0,625,25,50,25,0,0,0,25,-25,-25,625,0,25,464.54133333333334,25,464.54133333333334,0,25
565,625,0,0,25,25,25,25,0,0,0,-25,0,0,-25,0,149.78666666666666,25,149.78666666666666,0,0
566,1,25,0,26,1,-24,1,625,0,25,24,25,0,-1,-25,12.233333333333333,1,12.233333333333333,25,0
567,4,50,0,27,2,-23,2,625,0,25,23,25,0,-2,-25,25.453333333333333,2,25.453333333333333,25,0
568,625,250,0,35,25,15,25,100,0,10,-15,10,0,-25,-10,275.75466666666665,25,275.75466666666665,10,0
569,1,25,0,26,1,-24,1,625,0,25,24,25,0,-1,-25,12.233333333333333,1,12.233333333333333,25,0
570,100,250,0,35,10,-15,10,625,0,25,15,25,0,-10,-25,146.74,10,146.74,25,0
571,625,250,0,35,25,15,25,100,0,10,-15,10,0,-25,-10,276.00533333333334,25,276.00533333333334,10,0
572,256,256,400,32,41,0,-9,256,400,41,0,-9,625,9,9,788.292,16,388.29200000000003,16,25
573,1,0,25,1,26,1,-24,0,0,25,-1,-25,625,24,25,11.816666666666666,1,11.816666666666666,0,25
574,625,0,625,25,50,25,0,0,0,25,-25,-25,625,0,25,462.70533333333333,25,462.70533333333333,0,25
575,625,625,625,50,50,0,0,625,625,50,0,0,625,0,0,1399.8186666666666,25,774.8186666666666,25,25
576,625,250,625,35,50,15,0,100,250,35,-15,-15,625,0,15,837.7693333333333,25,587.7693333333333,10,25
577,121,275,0,36,11,-14,11,625,0,25,14,25,0,-11,-25,165.442,11,165.442,25,0
578,625,0,0,25,25,25,25,0,0,0,-25,0,0,-25,0,150.17333333333335,25,150.17333333333335,0,0
579,625,625,0,50,25,0,25,625,0,25,0,25,0,-25,-25,461.588,25,461.588,25,0
580,121,275,0,36,11,-14,11,625,0,25,14,25,0,-11,-25,164.67266666666666,11,164.67266666666666,25,0
581,1,25,12,26,13,-24,-11,625,300,37,24,13,144,11,-13,318.63,1,18.629999999999995,25,12
582,625,0,0,25,25,25,25,0,0,0,-25,0,0,-25,0,149.856,25,149.856,0,0
583,1,0,0,1,1,1,1,0,0,0,-1,0,0,-1,0,0.0,1,0.0,0,0
584,169,0,0,13,13,13,13,0,0,0,-13,0,0,-13,0,38.998666666666665,13,38.998666666666665,0,0
585,1,0,25,1,26,1,-24,0,0,25,-1,-25,625,24,25,12.9,1,12.9,0,25
586,1,0,0,1,1,1,1,0,0,0,-1,0,0,-1,0,0.0,1,0.0,0,0
587,4,0,0,2,2,2,2,0,0,0,-2,0,0,-2,0,0.49933333333333335,2,0.49933333333333335,0,0
588,1,25,0,26,1,-24,1,625,0,25,24,25,0,-1,-25,12.833333333333334,1,12.833333333333334,25,0
589,169,0,0,13,13,13,13,0,0,0,-13,0,0,-13,0,38.87733333333333,13,38.87733333333333,0,0
590,1,25,12,26,13,-24,-11,625,300,37,24,13,144,11,-13,318.51733333333334,1,18.51733333333334,25,12
591,625,225,0,34,25,16,25,81,0,9,-16,9,0,-25,-9,262.67266666666666,25,262.67266666666666,9,0
592,625,625,0,50,25,0,25,625,0,25,0,25,0,-25,-25,464.4193333333333,25,464.4193333333333,25,0
593,625,225,0,34,25,16,25,81,0,9,-16,9,0,-25,-9,261.68733333333336,25,261.68733333333336,9,0
594,1,0,0,1,1,1,1,0,0,0,-1,0,0,-1,0,0.0,1,0.0,0,0
595,625,0,0,25,25,25,25,0,0,0,-25,0,0,-25,0,149.76133333333334,25,149.76133333333334,0,0
596,625,625,0,50,25,0,25,625,0,25,0,25,0,-25,-25,461.764,25,461.764,25,0
597,625,250,0,35,25,15,25,100,0,10,-15,10,0,-25,-10,275.79333333333335,25,275.79333333333335,10,0
598,256,256,0,32,16,0,16,256,0,16,0,16,0,-16,-16,188.186,16,188.186,16,0
599,625,250,0,35,25,15,25,100,0,10,-15,10,0,-25,-10,274.08,25,274.08,10,0
600,121,275,0,36,11,-14,11,625,0,25,14,25,0,-11,-25,164.442,11,164.442,25,0
601,121,275,0,36,11,-14,11,625,0,25,14,25,0,-11,-25,163.82066666666665,11,163.82066666666665,25,0
602,1,25,0,26,1,-24,1,625,0,25,24,25,0,-1,-25,12.533333333333333,1,12.533333333333333,25,0
603,4,50,0,27,2,-23,2,625,0,25,23,25,0,-2,-25,26.182666666666666,2,26.182666666666666,25,0
604,1,12,0,13,1,-11,1,144,0,12,11,12,0,-1,-12,5.752,1,5.752,12,0
605,49,133,0,26,7,-12,7,361,0,19,12,19,0,-7,-19,77.77666666666667,7,77.77666666666667,19,0
606,1,0,25,1,26,1,-24,0,0,25,-1,-25,625,24,25,12.566666666666666,1,12.566666666666666,0,25
607,625,0,625,25,50,25,0,0,0,25,-25,-25,625,0,25,464.54133333333334,25,464.54133333333334,0,25
608,625,0,0,25,25,25,25,0,0,0,-25,0,0,-25,0,149.78666666666666,25,149.78666666666666,0,0
609,1,25,0,26,1,-24,1,625,0,25,24,25,0,-1,-25,12.233333333333333,1,12.233333333333333,25,0
610,4,50,0,27,2,-23,2,625,0,25,23,25,0,-2,-25,25.453333333333333,2,25.453333333333333,25,0
611,625,250,0,35,25,15,25,100,0,10,-15,10,0,-25,-10,275.75466666666665,25,275.75466666666665,10,0
612,1,25,0,26,1,-24,1,625,0,25,24,25,0,-1,-25,12.233333333333333,1,12.233333333333333,25,0
613,100,250,0,35,10,-15,10,625,0,25,15,25,0,-10,-25,146.74,10,146.74,25,0
614,625,250,0,35,25,15,25,100,0,10,-15,10,0,-25,-10,276.00533333333334,25,276.00533333333334,10,0
615,256,256,400,32,41,0,-9,256,400,41,0,-9,625,9,9,788.292,16,388.29200000000003,16,25
616,1,0,25,1,26,1,-24,0,0,25,-1,-25,625,24,25,11.816666666666666,1,11.816666666666666,0,25
617,625,0,625,25,50,25,0,0,0,25,-25,-25,625,0,25,462.70533333333333,25,462.70533333333333,0,25
618,625,625,625,50,50,0,0,625,625,50,0,0,625,0,0,1399.8186666666666,25,774.8186666666666,25,25
619,625,250,625,35,50,15,0,100,250,35,-15,-15,625,0,15,837.7693333333333,25,587.7693333333333,10,25
620,121,275,0,36,11,-14,11,625,0,25,14,25,0,-11,-25,165.442,11,165.442,25,0
621,625,0,0,25,25,25,25,0,0,0,-25,0,0,-25,0,150.17333333333335,25,150.17333333333335,0,0
622,625,625,0,50,25,0,25,625,0,25,0,25,0,-25,-25,461.588,25,461.588,25,0
623,121,275,0,36,11,-14,11,625,0,25,14,25,0,-11,-25,164.67266666666666,11,164.67266666666666,25,0
624,1,25,12,26,13,-24,-11,625,300,37,24,13,144,11,-13,318.63,1,18.629999999999995,25,12
625,625,0,0,25,25,25,25,0,0,0,-25,0,0,-25,0,149.856,25,149.856,0,0
626,1,0,0,1,1,1,1,0,0,0,-1,0,0,-1,0,0.0,1,0.0,0,0
627,169,0,0,13,13,13,13,0,0,0,-13,0,0,-13,0,38.998666666666665,13,38.998666666666665,0,0
628,1,0,25,1,26,1,-24,0,0,25,-1,-25,625,24,25,12.9,1,12.9,0,25
629,1,0,0,1,1,1,1,0,0,0,-1,0,0,-1,0,0.0,1,0.0,0,0
630,4,0,0,2,2,2,2,0,0,0,-2,0,0,-2,0,0.49933333333333335,2,0.49933333333333335,0,0
631,1,25,0,26,1,-24,1,625,0,25,24,25,0,-1,-25,12.833333333333334,1,12.833333333333334,25,0
632,169,0,0,13,13,13,13,0,0,0,-13,0,0,-13,0,38.87733333333333,13,38.87733333333333,0,0
633,1,25,12,26,13,-24,-11,625,300,37,24,13,144,11,-13,318.51733333333334,1,18.51733333333334,25,12
634,625,225,0,34,25,16,25,81,0,9,-16,9,0,-25,-9,262.67266666666666,25,262.67266666666666,9,0
635,625,625,0,50,25,0,25,625,0,25,0,25,0,-25,-25,464.4193333333333,25,464.4193333333333,25,0
636,625,225,0,34,25,16,25,81,0,9,-16,9,0,-25,-9,261.68733333333336,25,261.68733333333336,9,0
637,1,0,0,1,1,1,1,0,0,0,-1,0,0,-1,0,0.0,1,0.0,0,0
638,625,0,0,25,25,25,25,0,0,0,-25,0,0,-25,0,149.76133333333334,25,149.76133333333334,0,0
639,625,625,0,50,25,0,25,625,0,25,0,25,0,-25,-25,461.764,25,461.764,25,0
640,625,250,0,35,25,15,25,100,0,10,-15,10,0,-25,-10,275.79333333333335,25,275.79333333333335,10,0
641,256,256,0,32,16,0,16,256,0,16,0,16,0,-16,-16,188.186,16,188.186,16,0
642,625,250,0,35,25,15,25,100,0,10,-15,10,0,-25,-10,274.08,25,274.08,10,0
643,121,275,0,36,11,-14,11,625,0,25,14,25,0,-11,-25,164.442,11,164.442,25,0
644,121,275,0,36,11,-14,11,625,0,25,14,25,0,-11,-25,163.82066666666665,11,163.82066666666665,25,0
645,1,25,0,26,1,-24,1,625,0,25,24,25,0,-1,-25,12.533333333333333,1,12.533333333333333,25,0
646,4,50,0,27,2,-23,2,625,0,25,23,25,0,-2,-25,26.182666666666666,2,26.182666666666666,25,0
647,1,12,0,13,1,-11,1,144,0,12,11,12,0,-1,-12,5.752,1,5.752,12,0
648,49,133,0,26,7,-12,7,361,0,19,12,19,0,-7,-19,77.77666666666667,7,77.77666666666667,19,0
649,1,0,25,1,26,1,-24,0,0,25,-1,-25,625,24,25,12.566666666666666,1,12.566666666666666,0,25
650,625,0,625,25,50,25,0,0,0,25,-25,-25,625,0,25,464.54133333333334,25,464.54133333333334,0,25
651,625,0,0,25,25,25,25,0,0,0,-25,0,0,-25,0,149.78666666666666,25,149.78666666666666,0,0
652,1,25,0,26,1,-24,1,625,0,25,24,25,0,-1,-25,12.233333333333333,1,12.233333333333333,25,0
653,4,50,0,27,2,-23,2,625,0,25,23,25,0,-2,-25,25.453333333333333,2,25.453333333333333,25,0
654,625,250,0,35,25,15,25,100,0,10,-15,10,0,-25,-10,275.75466666666665,25,275.75466666666665,10,0
655,1,25,0,26,1,-24,1,625,0,25,24,25,0,-1,-25,12.233333333333333,1,12.233333333333333,25,0
656,100,250,0,35,10,-15,10,625,0,25,15,25,0,-10,-25,146.74,10,146.74,25,0
657,625,250,0,35,25,15,25,100,0,10,-15,10,0,-25,-10,276.00533333333334,25,276.00533333333334,10,0
658,256,256,400,32,41,0,-9,256,400,41,0,-9,625,9,9,788.292,16,388.29200000000003,16,25
659,1,0,25,1,26,1,-24,0,0,25,-1,-25,625,24,25,11.816666666666666,1,11.816666666666666,0,25
660,625,0,625,25,50,25,0,0,0,25,-25,-25,625,0,25,462.70533333333333,25,462.70533333333333,0,25
661,625,625,625,50,50,0,0,625,625,50,0,0,625,0,0,1399.8186666666666,25,774.8186666666666,25,25
662,625,250,625,35,50,15,0,100,250,35,-15,-15,625,0,15,837.7693333333333,25,587.7693333333333,10,25
663,121,275,0,36,11,-14,11,625,0,25,14,25,0,-11,-25,165.442,11,165.442,25,0
664,625,0,0,25,25,25,25,0,0,0,-25,0,0,-25,0,150.17333333333335,25,150.17333333333335,0,0
665,625,625,0,50,25,0,25,625,0,25,0,25,0,-25,-25,461.588,25,461.588,25,0
666,121,275,0,36,11,-14,11,625,0,25,14,25,0,-11,-25,164.67266666666666,11,164.67266666666666,25,0
667,1,25,12,26,13,-24,-11,625,300,37,24,13,144,11,-13,318.63,1,18.629999999999995,25,12
668,625,0,0,25,25,25,25,0,0,0,-25,0,0,-25,0,149.856,25,149.856,0,0
669,1,0,0,1,1,1,1,0,0,0,-1,0,0,-1,0,0.0,1,0.0,0,0
670,169,0,0,13,13,13,13,0,0,0,-13,0,0,-13,0,38.998666666666665,13,38.998666666666665,0,0
671,1,0,25,1,26,1,-24,0,0,25,-1,-25,625,24,25,12.9,1,12.9,0,25
672,1,0,0,1,1,1,1,0,0,0,-1,0,0,-1,0,0.0,1,0.0,0,0
673,4,0,0,2,2,2,2,0,0,0,-2,0,0,-2,0,0.49933333333333335,2,0.49933333333333335,0,0
674,1,25,0,26,1,-24,1,625,0,25,24,25,0,-1,-25,12.833333333333334,1,12.833333333333334,25,0
675,169,0,0,13,13,13,13,0,0,0,-13,0,0,-13,0,38.87733333333333,13,38.87733333333333,0,0
676,1,25,12,26,13,-24,-11,625,300,37,24,13,144,11,-13,318.51733333333334,1,18.51733333333334,25,12
677,625,225,0,34,25,16,25,81,0,9,-16,9,0,-25,-9,262.67266666666666,25,262.67266666666666,9,0
678,625,625,0,50,25,0,25,625,0,25,0,25,0,-25,-25,464.4193333333333,25,464.4193333333333,25,0
679,625,225,0,34,25,16,25,81,0,9,-16,9,0,-25,-9,261.68733333333336,25,261.68733333333336,9,0
680,1,0,0,1,1,1,1,0,0,0,-1,0,0,-1,0,0.0,1,0.0,0,0
681,625,0,0,25,25,25,25,0,0,0,-25,0,0,-25,0,149.76133333333334,25,149.76133333333334,0,0
682,625,625,0,50,25,0,25,625,0,25,0,25,0,-25,-25,461.764,25,461.764,25,0
683,625,250,0,35,25,15,25,100,0,10,-15,10,0,-25,-10,275.79333333333335,25,275.79333333333335,10,0
684,256,256,0,32,16,0,16,256,0,16,0,16,0,-16,-16,188.186,16,188.186,16,0
685,625,250,0,35,25,15,25,100,0,10,-15,10,0,-25,-10,274.08,25,274.08,10,0
686,121,275,0,36,11,-14,11,625,0,25,14,25,0,-11,-25,164.442,11,164.442,25,0
687,121,275,0,36,11,-14,11,625,0,25,14,25,0,-11,-25,163.82066666666665,11,163.82066666666665,25,0
688,1,25,0,26,1,-24,1,625,0,25,24,25,0,-1,-25,12.533333333333333,1,12.533333333333333,25,0
689,4,50,0,27,2,-23,2,625,0,25,23,25,0,-2,-25,26.182666666666666,2,26.182666666666666,25,0
690,1,12,0,13,1,-11,1,144,0,12,11,12,0,-1,-12,5.752,1,5.752,12,0
691,49,133,0,26,7,-12,7,361,0,19,12,19,0,-7,-19,77.77666666666667,7,77.77666666666667,19,0
692,1,0,25,1,26,1,-24,0,0,25,-1,-25,625,24,25,12.566666666666666,1,12.566666666666666,0,25
693,625,0,625,25,50,25,0,0,0,25,-25,-25,625,0,25,464.54133333333334,25,464.54133333333334,0,25
694,625,0,0,25,25,25,25,0,0,0,-25,0,0,-25,0,149.78666666666666,25,149.78666666666666,0,0
695,1,25,0,26,1,-24,1,625,0,25,24,25,0,-1,-25,12.233333333333333,1,12.233333333333333,25,0
696,4,50,0,27,2,-23,2,625,0,25,23,25,0,-2,-25,25.453333333333333,2,25.453333333333333,25,0
697,625,250,0,35,25,15,25,100,0,10,-15,10,0,-25,-10,275.75466666666665,25,275.75466666666665,10,0
698,1,25,0,26,1,-24,1,625,0,25,24,25,0,-1,-25,12.233333333333333,1,12.233333333333333,25,0
699,100,250,0,35,10,-15,10,625,0,25,15,25,0,-10,-25,146.74,10,146.74,25,0
700,625,250,0,35,25,15,25,100,0,10,-15,10,0,-25,-10,276.00533333333334,25,276.00533333333334,10,0
701,256,256,400,32,41,0,-9,256,400,41,0,-9,625,9,9,788.292,16,388.29200000000003,16,25
702,1,0,25,1,26,1,-24,0,0,25,-1,-25,625,24,25,11.816666666666666,1,11.816666666666666,0,25
703,625,0,625,25,50,25,0,0,0,25,-25,-25,625,0,25,462.70533333333333,25,462.70533333333333,0,25
704,625,625,625,50,50,0,0,625,625,50,0,0,625,0,0,1399.8186666666666,25,774.8186666666666,25,25
705,625,250,625,35,50,15,0,100,250,35,-15,-15,625,0,15,837.7693333333333,25,587.7693333333333,10,25
706,121,275,0,36,11,-14,11,625,0,25,14,25,0,-11,-25,165.442,11,165.442,25,0
707,625,0,0,25,25,25,25,0,0,0,-25,0,0,-25,0,150.17333333333335,25,150.17333333333335,0,0
708,625,625,0,50,25,0,25,625,0,25,0,25,0,-25,-25,461.588,25,461.588,25,0
709,121,275,0,36,11,-14,11,625,0,25,14,25,0,-11,-25,164.67266666666666,11,164.67266666666666,25,0
710,1,25,12,26,13,-24,-11,625,300,37,24,13,144,11,-13,318.63,1,18.629999999999995,25,12
711,625,0,0,25,25,25,25,0,0,0,-25,0,0,-25,0,149.856,25,149.856,0,0
712,1,0,0,1,1,1,1,0,0,0,-1,0,0,-1,0,0.0,1,0.0,0,0
713,169,0,0,13,13,13,13,0,0,0,-13,0,0,-13,0,38.998666666666665,13,38.998666666666665,0,0
714,1,0,25,1,26,1,-24,0,0,25,-1,-25,625,24,25,12.9,1,12.9,0,25
715,1,0,0,1,1,1,1,0,0,0,-1,0,0,-1,0,0.0,1,0.0,0,0
716,4,0,0,2,2,2,2,0,0,0,-2,0,0,-2,0,0.49933333333333335,2,0.49933333333333335,0,0
717,1,25,0,26,1,-24,1,625,0,25,24,25,0,-1,-25,12.833333333333334,1,12.833333333333334,25,0
718,169,0,0,13,13,13,13,0,0,0,-13,0,0,-13,0,38.87733333333333,13,38.87733333333333,0,0
719,1,25,12,26,13,-24,-11,625,300,37,24,13,144,11,-13,318.51733333333334,1,18.51733333333334,25,12
720,625,225,0,34,25,16,25,81,0,9,-16,9,0,-25,-9,262.67266666666666,25,262.67266666666666,9,0
721,625,625,0,50,25,0,25,625,0,25,0,25,0,-25,-25,464.4193333333333,25,464.4193333333333,25,0
722,625,225,0,34,25,16,25,81,0,9,-16,9,0,-25,-9,261.68733333333336,25,261.68733333333336,9,0
723,1,0,0,1,1,1,1,0,0,0,-1,0,0,-1,0,0.0,1,0.0,0,0
724,625,0,0,25,25,25,25,0,0,0,-25,0,0,-25,0,149.76133333333334,25,149.76133333333334,0,0
725,625,625,0,50,25,0,25,625,0,25,0,25,0,-25,-25,461.764,25,461.764,25,0
726,625,250,0,35,25,15,25,100,0,10,-15,10,0,-25,-10,275.79333333333335,25,275.79333333333335,10,0
727,256,256,0,32,16,0,16,256,0,16,0,16,0,-16,-16,188.186,16,188.186,16,0
728,625,250,0,35,25,15,25,100,0,10,-15,10,0,-25,-10,274.08,25,274.08,10,0
729,121,275,0,36,11,-14,11,625,0,25,14,25,0,-11,-25,164.442,11,164.442,25,0
730,121,275,0,36,11,-14,11,625,0,25,14,25,0,-11,-25,163.82066666666665,11,163.82066666666665,25,0
731,1,25,0,26,1,-24,1,625,0,25,24,25,0,-1,-25,12.533333333333333,1,12.533333333333333,25,0
732,4,50,0,27,2,-23,2,625,0,25,23,25,0,-2,-25,26.182666666666666,2,26.182666666666666,25,0
733,1,12,0,13,1,-11,1,144,0,12,11,12,0,-1,-12,5.752,1,5.752,12,0
734,49,133,0,26,7,-12,7,361,0,19,12,19,0,-7,-19,77.77666666666667,7,77.77666666666667,19,0
735,1,0,25,1,26,1,-24,0,0,25,-1,-25,625,24,25,12.566666666666666,1,12.566666666666666,0,25
736,625,0,625,25,50,25,0,0,0,25,-25,-25,625,0,25,464.54133333333334,25,464.54133333333334,0,25
737,625,0,0,25,25,25,25,0,0,0,-25,0,0,-25,0,149.78666666666666,25,149.78666666666666,0,0
738,1,25,0,26,1,-24,1,625,0,25,24,25,0,-1,-25,12.233333333333333,1,12.233333333333333,25,0
739,4,50,0,27,2,-23,2,625,0,25,23,25,0,-2,-25,25.453333333333333,2,25.453333333333333,25,0
740,625,250,0,35,25,15,25,100,0,10,-15,10,0,-25,-10,275.75466666666665,25,275.75466666666665,10,0
741,1,25,0,26,1,-24,1,625,0,25,24,25,0,-1,-25,12.233333333333333,1,12.233333333333333,25,0
742,100,250,0,35,10,-15,10,625,0,25,15,25,0,-10,-25,146.74,10,146.74,25,0
743,625,250,0,35,25,15,25,100,0,10,-15,10,0,-25,-10,276.00533333333334,25,276.00533333333334,10,0
744,256,256,400,32,41,0,-9,256,400,41,0,-9,625,9,9,788.292,16,388.29200000000003,16,25
745,1,0,25,1,26,1,-24,0,0,25,-1,-25,625,24,25,11.816666666666666,1,11.816666666666666,0,25
746,625,0,625,25,50,25,0,0,0,25,-25,-25,625,0,25,462.70533333333333,25,462.70533333333333,0,25
747,625,625,625,50,50,0,0,625,625,50,0,0,625,0,0,1399.8186666666666,25,774.8186666666666,25,25
748,625,250,625,35,50,15,0,100,250,35,-15,-15,625,0,15,837.7693333333333,25,587.7693333333333,10,25
749,121,275,0,36,11,-14,11,625,0,25,14,25,0,-11,-25,165.442,11,165.442,25,0
750,625,0,0,25,25,25,25,0,0,0,-25,0,0,-25,0,150.17333333333335,25,150.17333333333335,0,0
751,625,625,0,50,25,0,25,625,0,25,0,25,0,-25,-25,461.588,25,461.588,25,0
752,121,275,0,36,11,-14,11,625,0,25,14,25,0,-11,-25,164.67266666666666,11,164.67266666666666,25,0
753,1,25,12,26,13,-24,-11,625,300,37,24,13,144,11,-13,318.63,1,18.629999999999995,25,12
754,625,0,0,25,25,25,25,0,0,0,-25,0,0,-25,0,149.856,25,149.856,0,0
755,1,0,0,1,1,1,1,0,0,0,-1,0,0,-1,0,0.0,1,0.0,0,0
756,169,0,0,13,13,13,13,0,0,0,-13,0,0,-13,0,38.998666666666665,13,38.998666666666665,0,0
757,1,0,25,1,26,1,-24,0,0,25,-1,-25,625,24,25,12.9,1,12.9,0,25
758,1,0,0,1,1,1,1,0,0,0,-1,0,0,-1,0,0.0,1,0.0,0,0
759,4,0,0,2,2,2,2,0,0,0,-2,0,0,-2,0,0.49933333333333335,2,0.49933333333333335,0,0
760,1,25,0,26,1,-24,1,625,0,25,24,25,0,-1,-25,12.833333333333334,1,12.833333333333334,25,0
761,169,0,0,13,13,13,13,0,0,0,-13,0,0,-13,0,38.87733333333333,13,38.87733333333333,0,0
762,1,25,12,26,13,-24,-11,625,300,37,24,13,144,11,-13,318.51733333333334,1,18.51733333333334,25,12
763,625,225,0,34,25,16,25,81,0,9,-16,9,0,-25,-9,262.67266666666666,25,262.67266666666666,9,0
764,625,625,0,50,25,0,25,625,0,25,0,25,0,-25,-25,464.4193333333333,25,464.4193333333333,25,0
765,625,225,0,34,25,16,25,81,0,9,-16,9,0,-25,-9,261.68733333333336,25,261.68733333333336,9,0
766,1,0,0,1,1,1,1,0,0,0,-1,0,0,-1,0,0.0,1,0.0,0,0
767,625,0,0,25,25,25,25,0,0,0,-25,0,0,-25,0,149.76133333333334,25,149.76133333333334,0,0
768,625,625,0,50,25,0,25,625,0,25,0,25,0,-25,-25,461.764,25,461.764,25,0
769,625,250,0,35,25,15,25,100,0,10,-15,10,0,-25,-10,275.79333333333335,25,275.79333333333335,10,0
770,256,256,0,32,16,0,16,256,0,16,0,16,0,-16,-16,188.186,16,188.186,16,0
771,625,250,0,35,25,15,25,100,0,10,-15,10,0,-25,-10,274.08,25,274.08,10,0
772,121,275,0,36,11,-14,11,625,0,25,14,25,0,-11,-25,164.442,11,164.442,25,0
773,121,275,0,36,11,-14,11,625,0,25,14,25,0,-11,-25,163.82066666666665,11,163.82066666666665,25,0
774,1,25,0,26,1,-24,1,625,0,25,24,25,0,-1,-25,12.533333333333333,1,12.533333333333333,25,0
775,4,50,0,27,2,-23,2,625,0,25,23,25,0,-2,-25,26.182666666666666,2,26.182666666666666,25,0
776,1,12,0,13,1,-11,1,144,0,12,11,12,0,-1,-12,5.752,1,5.752,12,0
777,49,133,0,26,7,-12,7,361,0,19,12,19,0,-7,-19,77.77666666666667,7,77.77666666666667,19,0
778,1,0,25,1,26,1,-24,0,0,25,-1,-25,625,24,25,12.566666666666666,1,12.566666666666666,0,25
779,625,0,625,25,50,25,0,0,0,25,-25,-25,625,0,25,464.54133333333334,25,464.54133333333334,0,25
780,625,0,0,25,25,25,25,0,0,0,-25,0,0,-25,0,149.78666666666666,25,149.78666666666666,0,0
781,1,25,0,26,1,-24,1,625,0,25,24,25,0,-1,-25,12.233333333333333,1,12.233333333333333,25,0
782,4,50,0,27,2,-23,2,625,0,25,23,25,0,-2,-25,25.453333333333333,2,25.453333333333333,25,0
783,625,250,0,35,25,15,25,100,0,10,-15,10,0,-25,-10,275.75466666666665,25,275.75466666666665,10,0
784,1,25,0,26,1,-24,1,625,0,25,24,25,0,-1,-25,12.233333333333333,1,12.233333333333333,25,0
785,100,250,0,35,10,-15,10,625,0,25,15,25,0,-10,-25,146.74,10,146.74,25,0
786,625,250,0,35,25,15,25,100,0,10,-15,10,0,-25,-10,276.00533333333334,25,276.00533333333334,10,0
787,256,256,400,32,41,0,-9,256,400,41,0,-9,625,9,9,788.292,16,388.29200000000003,16,25
788,1,0,25,1,26,1,-24,0,0,25,-1,-25,625,24,25,11.816666666666666,1,11.816666666666666,0,25
789,625,0,625,25,50,25,0,0,0,25,-25,-25,625,0,25,462.70533333333333,25,462.70533333333333,0,25
790,625,625,625,50,50,0,0,625,625,50,0,0,625,0,0,1399.8186666666666,25,774.8186666666666,25,25
791,625,250,625,35,50,15,0,100,250,35,-15,-15,625,0,15,837.7693333333333,25,587.7693333333333,10,25
792,121,275,0,36,11,-14,11,625,0,25,14,25,0,-11,-25,165.442,11,165.442,25,0
793,625,0,0,25,25,25,25,0,0,0,-25,0,0,-25,0,150.17333333333335,25,150.17333333333335,0,0
794,625,625,0,50,25,0,25,625,0,25,0,25,0,-25,-25,461.588,25,461.588,25,0
795,121,275,0,36,11,-14,11,625,0,25,14,25,0,-11,-25,164.67266666666666,11,164.67266666666666,25,0
796,1,25,12,26,13,-24,-11,625,300,37,24,13,144,11,-13,318.63,1,18.629999999999995,25,12
797,625,0,0,25,25,25,25,0,0,0,-25,0,0,-25,0,149.856,25,149.856,0,0
798,1,0,0,1,1,1,1,0,0,0,-1,0,0,-1,0,0.0,1,0.0,0,0
799,169,0,0,13,13,13,13,0,0,0,-13,0,0,-13,0,38.998666666666665,13,38.998666666666665,0,0
800,1,0,25,1,26,1,-24,0,0,25,-1,-25,625,24,25,12.9,1,12.9,0,25
801,1,0,0,1,1,1,1,0,0,0,-1,0,0,-1,0,0.0,1,0.0,0,0
802,4,0,0,2,2,2,2,0,0,0,-2,0,0,-2,0,0.49933333333333335,2,0.49933333333333335,0,0
803,1,25,0,26,1,-24,1,625,0,25,24,25,0,-1,-25,12.833333333333334,1,12.833333333333334,25,0
804,169,0,0,13,13,13,13,0,0,0,-13,0,0,-13,0,38.87733333333333,13,38.87733333333333,0,0
805,1,25,12,26,13,-24,-11,625,300,37,24,13,144,11,-13,318.51733333333334,1,18.51733333333334,25,12
806,625,225,0,34,25,16,25,81,0,9,-16,9,0,-25,-9,262.67266666666666,25,262.67266666666666,9,0
807,625,625,0,50,25,0,25,625,0,25,0,25,0,-25,-25,464.4193333333333,25,464.4193333333333,25,0
808,625,225,0,34,25,16,25,81,0,9,-16,9,0,-25,-9,261.68733333333336,25,261.68733333333336,9,0
809,1,0,0,1,1,1,1,0,0,0,-1,0,0,-1,0,0.0,1,0.0,0,0
810,625,0,0,25,25,25,25,0,0,0,-25,0,0,-25,0,149.76133333333334,25,149.76133333333334,0,0
811,625,625,0,50,25,0,25,625,0,25,0,25,0,-25,-25,461.764,25,461.764,25,0
812,625,250,0,35,25,15,25,100,0,10,-15,10,0,-25,-10,275.79333333333335,25,275.79333333333335,10,0
813,256,256,0,32,16,0,16,256,0,16,0,16,0,-16,-16,188.186,16,188.186,16,0
814,625,250,0,35,25,15,25,100,0,10,-15,10,0,-25,-10,274.08,25,274.08,10,0
815,121,275,0,36,11,-14,11,625,0,25,14,25,0,-11,-25,164.442,11,164.442,25,0
816,121,275,0,36,11,-14,11,625,0,25,14,25,0,-11,-25,163.82066666666665,11,163.82066666666665,25,0
817,1,25,0,26,1,-24,1,625,0,25,24,25,0,-1,-25,12.533333333333333,1,12.533333333333333,25,0
818,4,50,0,27,2,-23,2,625,0,25,23,25,0,-2,-25,26.182666666666666,2,26.182666666666666,25,0
819,1,12,0,13,1,-11,1,144,0,12,11,12,0,-1,-12,5.752,1,5.752,12,0
820,49,133,0,26,7,-12,7,361,0,19,12,19,0,-7,-19,77.77666666666667,7,77.77666666666667,19,0
821,1,0,25,1,26,1,-24,0,0,25,-1,-25,625,24,25,12.566666666666666,1,12.566666666666666,0,25
822,625,0,625,25,50,25,0,0,0,25,-25,-25,625,0,25,464.54133333333334,25,464.54133333333334,0,25
823,625,0,0,25,25,25,25,0,0,0,-25,0,0,-25,0,149.78666666666666,25,149.78666666666666,0,0
824,1,25,0,26,1,-24,1,625,0,25,24,25,0,-1,-25,12.233333333333333,1,12.233333333333333,25,0
825,4,50,0,27,2,-23,2,625,0,25,23,25,0,-2,-25,25.453333333333333,2,25.453333333333333,25,0
826,625,250,0,35,25,15,25,100,0,10,-15,10,0,-25,-10,275.75466666666665,25,275.75466666666665,10,0
827,1,25,0,26,1,-24,1,625,0,25,24,25,0,-1,-25,12.233333333333333,1,12.233333333333333,25,0
828,100,250,0,35,10,-15,10,625,0,25,15,25,0,-10,-25,146.74,10,146.74,25,0
829,625,250,0,35,25,15,25,100,0,10,-15,10,0,-25,-10,276.00533333333334,25,276.00533333333334,10,0
830,256,256,400,32,41,0,-9,256,400,41,0,-9,625,9,9,788.292,16,388.29200000000003,16,25
831,1,0,25,1,26,1,-24,0,0,25,-1,-25,625,24,25,11.816666666666666,1,11.816666666666666,0,25
832,625,0,625,25,50,25,0,0,0,25,-25,-25,625,0,25,462.70533333333333,25,462.70533333333333,0,25
833,625,625,625,50,50,0,0,625,625,50,0,0,625,0,0,1399.8186666666666,25,774.8186666666666,25,25
834,625,250,625,35,50,15,0,100,250,35,-15,-15,625,0,15,837.7693333333333,25,587.7693333333333,10,25
835,121,275,0,36,11,-14,11,625,0,25,14,25,0,-11,-25,165.442,11,165.442,25,0
836,625,0,0,25,25,25,25,0,0,0,-25,0,0,-25,0,150.17333333333335,25,150.17333333333335,0,0
837,625,625,0,50,25,0,25,625,0,25,0,25,0,-25,-25,461.588,25,461.588,25,0
838,121,275,0,36,11,-14,11,625,0,25,14,25,0,-11,-25,164.67266666666666,11,164.67266666666666,25,0
839,1,25,12,26,13,-24,-11,625,300,37,24,13,144,11,-13,318.63,1,18.629999999999995,25,12
840,625,0,0,25,25,25,25,0,0,0,-25,0,0,-25,0,149.856,25,149.856,0,0
841,1,0,0,1,1,1,1,0,0,0,-1,0,0,-1,0,0.0,1,0.0,0,0
842,169,0,0,13,13,13,13,0,0,0,-13,0,0,-13,0,38.998666666666665,13,38.998666666666665,0,0
843,1,0,25,1,26,1,-24,0,0,25,-1,-25,625,24,25,12.9,1,12.9,0,25
844,1,0,0,1,1,1,1,0,0,0,-1,0,0,-1,0,0.0,1,0.0,0,0
845,4,0,0,2,2,2,2,0,0,0,-2,0,0,-2,0,0.49933333333333335,2,0.49933333333333335,0,0
846,1,25,0,26,1,-24,1,625,0,25,24,25,0,-1,-25,12.833333333333334,1,12.833333333333334,25,0
847,169,0,0,13,13,13,13,0,0,0,-13,0,0,-13,0,38.87733333333333,13,38.87733333333333,0,0
848,1,25,12,26,13,-24,-11,625,300,37,24,13,144,11,-13,318.51733333333334,1,18.51733333333334,25,12
849,625,225,0,34,25,16,25,81,0,9,-16,9,0,-25,-9,262.67266666666666,25,262.67266666666666,9,0
850,625,625,0,50,25,0,25,625,0,25,0,25,0,-25,-25,464.4193333333333,25,464.4193333333333,25,0
851,625,225,0,34,25,16,25,81,0,9,-16,9,0,-25,-9,261.68733333333336,25,261.68733333333336,9,0
852,1,0,0,1,1,1,1,0,0,0,-1,0,0,-1,0,0.0,1,0.0,0,0
853,625,0,0,25,25,25,25,0,0,0,-25,0,0,-25,0,149.76133333333334,25,149.76133333333334,0,0
854,625,625,0,50,25,0,25,625,0,25,0,25,0,-25,-25,461.764,25,461.764,25,0
855,625,250,0,35,25,15,25,100,0,10,-15,10,0,-25,-10,275.79333333333335,25,275.79333333333335,10,0
856,256,256,0,32,16,0,16,256,0,16,0,16,0,-16,-16,188.186,16,188.186,16,0
857,625,250,0,35,25,15,25,100,0,10,-15,10,0,-25,-10,274.08,25,274.08,10,0
858,121,275,0,36,11,-14,11,625,0,25,14,25,0,-11,-25,164.442,11,164.442,25,0
859,121,275,0,36,11,-14,11,625,0,25,14,25,0,-11,-25,163.82066666666665,11,163.82066666666665,25,0
860,1,25,0,26,1,-24,1,625,0,25,24,25,0,-1,-25,12.533333333333333,1,12.533333333333333,25,0
861,4,50,0,27,2,-23,2,625,0,25,23,25,0,-2,-25,26.182666666666666,2,26.182666666666666,25,0
862,1,12,0,13,1,-11,1,144,0,12,11,12,0,-1,-12,5.752,1,5.752,12,0
863,49,133,0,26,7,-12,7,361,0,19,12,19,0,-7,-19,77.77666666666667,7,77.77666666666667,19,0
864,1,0,25,1,26,1,-24,0,0,25,-1,-25,625,24,25,12.566666666666666,1,12.566666666666666,0,25
865,625,0,625,25,50,25,0,0,0,25,-25,-25,625,0,25,464.54133333333334,25,464.54133333333334,0,25
866,625,0,0,25,25,25,25,0,0,0,-25,0,0,-25,0,149.78666666666666,25,149.78666666666666,0,0
867,1,25,0,26,1,-24,1,625,0,25,24,25,0,-1,-25,12.233333333333333,1,12.233333333333333,25,0
868,4,50,0,27,2,-23,2,625,0,25,23,25,0,-2,-25,25.453333333333333,2,25.453333333333333,25,0
869,625,250,0,35,25,15,25,100,0,10,-15,10,0,-25,-10,275.75466666666665,25,275.75466666666665,10,0
870,1,25,0,26,1,-24,1,625,0,25,24,25,0,-1,-25,12.233333333333333,1,12.233333333333333,25,0
871,100,250,0,35,10,-15,10,625,0,25,15,25,0,-10,-25,146.74,10,146.74,25,0
872,625,250,0,35,25,15,25,100,0,10,-15,10,0,-25,-10,276.00533333333334,25,276.00533333333334,10,0
873,256,256,400,32,41,0,-9,256,400,41,0,-9,625,9,9,788.292,16,388.29200000000003,16,25
874,1,0,25,1,26,1,-24,0,0,25,-1,-25,625,24,25,11.816666666666666,1,11.816666666666666,0,25
875,625,0,625,25,50,25,0,0,0,25,-25,-25,625,0,25,462.70533333333333,25,462.70533333333333,0,25
876,625,625,625,50,50,0,0,625,625,50,0,0,625,0,0,1399.8186666666666,25,774.8186666666666,25,25
877,625,250,625,35,50,15,0,100,250,35,-15,-15,625,0,15,837.7693333333333,25,587.7693333333333,10,25
878,121,275,0,36,11,-14,11,625,0,25,14,25,0,-11,-25,165.442,11,165.442,25,0
879,625,0,0,25,25,25,25,0,0,0,-25,0,0,-25,0,150.17333333333335,25,150.17333333333335,0,0
880,625,625,0,50,25,0,25,625,0,25,0,25,0,-25,-25,461.588,25,461.588,25,0
881,121,275,0,36,11,-14,11,625,0,25,14,25,0,-11,-25,164.67266666666666,11,164.67266666666666,25,0
882,1,25,12,26,13,-24,-11,625,300,37,24,13,144,11,-13,318.63,1,18.629999999999995,25,12
883,625,0,0,25,25,25,25,0,0,0,-25,0,0,-25,0,149.856,25,149.856,0,0
884,1,0,0,1,1,1,1,0,0,0,-1,0,0,-1,0,0.0,1,0.0,0,0
885,169,0,0,13,13,13,13,0,0,0,-13,0,0,-13,0,38.998666666666665,13,38.998666666666665,0,0
886,1,0,25,1,26,1,-24,0,0,25,-1,-25,625,24,25,12.9,1,12.9,0,25
887,1,0,0,1,1,1,1,0,0,0,-1,0,0,-1,0,0.0,1,0.0,0,0
888,4,0,0,2,2,2,2,0,0,0,-2,0,0,-2,0,0.49933333333333335,2,0.49933333333333335,0,0
889,1,25,0,26,1,-24,1,625,0,25,24,25,0,-1,-25,12.833333333333334,1,12.833333333333334,25,0
890,169,0,0,13,13,13,13,0,0,0,-13,0,0,-13,0,38.87733333333333,13,38.87733333333333,0,0
891,1,25,12,26,13,-24,-11,625,300,37,24,13,144,11,-13,318.51733333333334,1,18.51733333333334,25,12
892,625,225,0,34,25,16,25,81,0,9,-16,9,0,-25,-9,262.67266666666666,25,262.67266666666666,9,0
893,625,625,0,50,25,0,25,625,0,25,0,25,0,-25,-25,464.4193333333333,25,464.4193333333333,25,0
894,625,225,0,34,25,16,25,81,0,9,-16,9,0,-25,-9,261.68733333333336,25,261.68733333333336,9,0
895,1,0,0,1,1,1,1,0,0,0,-1,0,0,-1,0,0.0,1,0.0,0,0
896,625,0,0,25,25,25,25,0,0,0,-25,0,0,-25,0,149.76133333333334,25,149.76133333333334,0,0
897,625,625,0,50,25,0,25,625,0,25,0,25,0,-25,-25,461.764,25,461.764,25,0
898,625,250,0,35,25,15,25,100,0,10,-15,10,0,-25,-10,275.79333333333335,25,275.79333333333335,10,0
899,256,256,0,32,16,0,16,256,0,16,0,16,0,-16,-16,188.186,16,188.186,16,0
900,625,250,0,35,25,15,25,100,0,10,-15,10,0,-25,-10,274.08,25,274.08,10,0
901,121,275,0,36,11,-14,11,625,0,25,14,25,0,-11,-25,164.442,11,164.442,25,0
902,121,275,0,36,11,-14,11,625,0,25,14,25,0,-11,-25,163.82066666666665,11,163.82066666666665,25,0
903,1,25,0,26,1,-24,1,625,0,25,24,25,0,-1,-25,12.533333333333333,1,12.533333333333333,25,0
904,4,50,0,27,2,-23,2,625,0,25,23,25,0,-2,-25,26.182666666666666,2,26.182666666666666,25,0
905,1,12,0,13,1,-11,1,144,0,12,11,12,0,-1,-12,5.752,1,5.752,12,0
906,49,133,0,26,7,-12,7,361,0,19,12,19,0,-7,-19,77.77666666666667,7,77.77666666666667,19,0
907,1,0,25,1,26,1,-24,0,0,25,-1,-25,625,24,25,12.566666666666666,1,12.566666666666666,0,25
908,625,0,625,25,50,25,0,0,0,25,-25,-25,625,0,25,464.54133333333334,25,464.54133333333334,0,25
909,625,0,0,25,25,25,25,0,0,0,-25,0,0,-25,0,149.78666666666666,25,149.78666666666666,0,0
910,1,25,0,26,1,-24,1,625,0,25,24,25,0,-1,-25,12.233333333333333,1,12.233333333333333,25,0
911,4,50,0,27,2,-23,2,625,0,25,23,25,0,-2,-25,25.453333333333333,2,25.453333333333333,25,0
912,625,250,0,35,25,15,25,100,0,10,-15,10,0,-25,-10,275.75466666666665,25,275.75466666666665,10,0
913,1,25,0,26,1,-24,1,625,0,25,24,25,0,-1,-25,12.233333333333333,1,12.233333333333333,25,0
914,100,250,0,35,10,-15,10,625,0,25,15,25,0,-10,-25,146.74,10,146.74,25,0
915,625,250,0,35,25,15,25,100,0,10,-15,10,0,-25,-10,276.00533333333334,25,276.00533333333334,10,0
916,256,256,400,32,41,0,-9,256,400,41,0,-9,625,9,9,788.292,16,388.29200000000003,16,25
917,1,0,25,1,26,1,-24,0,0,25,-1,-25,625,24,25,11.816666666666666,1,11.816666666666666,0,25
918,625,0,625,25,50,25,0,0,0,25,-25,-25,625,0,25,462.70533333333333,25,462.70533333333333,0,25
919,625,625,625,50,50,0,0,625,625,50,0,0,625,0,0,1399.8186666666666,25,774.8186666666666,25,25
920,625,250,625,35,50,15,0,100,250,35,-15,-15,625,0,15,837.7693333333333,25,587.7693333333333,10,25
921,121,275,0,36,11,-14,11,625,0,25,14,25,0,-11,-25,165.442,11,165.442,25,0
922,625,0,0,25,25,25,25,0,0,0,-25,0,0,-25,0,150.17333333333335,25,150.17333333333335,0,0
923,625,625,0,50,25,0,25,625,0,25,0,25,0,-25,-25,461.588,25,461.588,25,0
924,121,275,0,36,11,-14,11,625,0,25,14,25,0,-11,-25,164.67266666666666,11,164.67266666666666,25,0
925,1,25,12,26,13,-24,-11,625,300,37,24,13,144,11,-13,318.63,1,18.629999999999995,25,12
926,625,0,0,25,25,25,25,0,0,0,-25,0,0,-25,0,149.856,25,149.856,0,0
927,1,0,0,1,1,1,1,0,0,0,-1,0,0,-1,0,0.0,1,0.0,0,0
928,169,0,0,13,13,13,13,0,0,0,-13,0,0,-13,0,38.998666666666665,13,38.998666666666665,0,0
929,1,0,25,1,26,1,-24,0,0,25,-1,-25,625,24,25,12.9,1,12.9,0,25
930,1,0,0,1,1,1,1,0,0,0,-1,0,0,-1,0,0.0,1,0.0,0,0
931,4,0,0,2,2,2,2,0,0,0,-2,0,0,-2,0,0.49933333333333335,2,0.49933333333333335,0,0
932,1,25,0,26,1,-24,1,625,0,25,24,25,0,-1,-25,12.833333333333334,1,12.833333333333334,25,0
933,169,0,0,13,13,13,13,0,0,0,-13,0,0,-13,0,38.87733333333333,13,38.87733333333333,0,0
934,1,25,12,26,13,-24,-11,625,300,37,24,13,144,11,-13,318.51733333333334,1,18.51733333333334,25,12
935,625,225,0,34,25,16,25,81,0,9,-16,9,0,-25,-9,262.67266666666666,25,262.67266666666666,9,0
936,625,625,0,50,25,0,25,625,0,25,0,25,0,-25,-25,464.4193333333333,25,464.4193333333333,25,0
937,625,225,0,34,25,16,25,81,0,9,-16,9,0,-25,-9,261.68733333333336,25,261.68733333333336,9,0
938,1,0,0,1,1,1,1,0,0,0,-1,0,0,-1,0,0.0,1,0.0,0,0
939,625,0,0,25,25,25,25,0,0,0,-25,0,0,-25,0,149.76133333333334,25,149.76133333333334,0,0
940,625,625,0,50,25,0,25,625,0,25,0,25,0,-25,-25,461.764,25,461.764,25,0
941,625,250,0,35,25,15,25,100,0,10,-15,10,0,-25,-10,275.79333333333335,25,275.79333333333335,10,0
942,256,256,0,32,16,0,16,256,0,16,0,16,0,-16,-16,188.186,16,188.186,16,0
943,625,250,0,35,25,15,25,100,0,10,-15,10,0,-25,-10,274.08,25,274.08,10,0
944,121,275,0,36,11,-14,11,625,0,25,14,25,0,-11,-25,164.442,11,164.442,25,0
945,121,275,0,36,11,-14,11,625,0,25,14,25,0,-11,-25,163.82066666666665,11,163.82066666666665,25,0
946,1,25,0,26,1,-24,1,625,0,25,24,25,0,-1,-25,12.533333333333333,1,12.533333333333333,25,0
947,4,50,0,27,2,-23,2,625,0,25,23,25,0,-2,-25,26.182666666666666,2,26.182666666666666,25,0
948,1,12,0,13,1,-11,1,144,0,12,11,12,0,-1,-12,5.752,1,5.752,12,0
949,49,133,0,26,7,-12,7,361,0,19,12,19,0,-7,-19,77.77666666666667,7,77.77666666666667,19,0
950,1,0,25,1,26,1,-24,0,0,25,-1,-25,625,24,25,12.566666666666666,1,12.566666666666666,0,25
951,625,0,625,25,50,25,0,0,0,25,-25,-25,625,0,25,464.54133333333334,25,464.54133333333334,0,25
952,625,0,0,25,25,25,25,0,0,0,-25,0,0,-25,0,149.78666666666666,25,149.78666666666666,0,0
953,1,25,0,26,1,-24,1,625,0,25,24,25,0,-1,-25,12.233333333333333,1,12.233333333333333,25,0
954,4,50,0,27,2,-23,2,625,0,25,23,25,0,-2,-25,25.453333333333333,2,25.453333333333333,25,0
955,625,250,0,35,25,15,25,100,0,10,-15,10,0,-25,-10,275.75466666666665,25,275.75466666666665,10,0
956,1,25,0,26,1,-24,1,625,0,25,24,25,0,-1,-25,12.233333333333333,1,12.233333333333333,25,0
957,100,250,0,35,10,-15,10,625,0,25,15,25,0,-10,-25,146.74,10,146.74,25,0
958,625,250,0,35,25,15,25,100,0,10,-15,10,0,-25,-10,276.00533333333334,25,276.00533333333334,10,0
959,256,256,400,32,41,0,-9,256,400,41,0,-9,625,9,9,788.292,16,388.29200000000003,16,25
960,1,0,25,1,26,1,-24,0,0,25,-1,-25,625,24,25,11.816666666666666,1,11.816666666666666,0,25
961,625,0,625,25,50,25,0,0,0,25,-25,-25,625,0,25,462.70533333333333,25,462.70533333333333,0,25
962,625,625,625,50,50,0,0,625,625,50,0,0,625,0,0,1399.8186666666666,25,774.8186666666666,25,25
963,625,250,625,35,50,15,0,100,250,35,-15,-15,625,0,15,837.7693333333333,25,587.7693333333333,10,25
964,121,275,0,36,11,-14,11,625,0,25,14,25,0,-11,-25,165.442,11,165.442,25,0
965,625,0,0,25,25,25,25,0,0,0,-25,0,0,-25,0,150.17333333333335,25,150.17333333333335,0,0
966,625,625,0,50,25,0,25,625,0,25,0,25,0,-25,-25,461.588,25,461.588,25,0
967,121,275,0,36,11,-14,11,625,0,25,14,25,0,-11,-25,164.67266666666666,11,164.67266666666666,25,0
968,1,25,12,26,13,-24,-11,625,300,37,24,13,144,11,-13,318.63,1,18.629999999999995,25,12
969,625,0,0,25,25,25,25,0,0,0,-25,0,0,-25,0,149.856,25,149.856,0,0
970,1,0,0,1,1,1,1,0,0,0,-1,0,0,-1,0,0.0,1,0.0,0,0
971,169,0,0,13,13,13,13,0,0,0,-13,0,0,-13,0,38.998666666666665,13,38.998666666666665,0,0
972,1,0,25,1,26,1,-24,0,0,25,-1,-25,625,24,25,12.9,1,12.9,0,25
973,1,0,0,1,1,1,1,0,0,0,-1,0,0,-1,0,0.0,1,0.0,0,0
974,4,0,0,2,2,2,2,0,0,0,-2,0,0,-2,0,0.49933333333333335,2,0.49933333333333335,0,0
975,1,25,0,26,1,-24,1,625,0,25,24,25,0,-1,-25,12.833333333333334,1,12.833333333333334,25,0
976,169,0,0,13,13,13,13,0,0,0,-13,0,0,-13,0,38.87733333333333,13,38.87733333333333,0,0
977,1,25,12,26,13,-24,-11,625,300,37,24,13,144,11,-13,318.51733333333334,1,18.51733333333334,25,12
978,625,225,0,34,25,16,25,81,0,9,-16,9,0,-25,-9,262.67266666666666,25,262.67266666666666,9,0
979,625,625,0,50,25,0,25,625,0,25,0,25,0,-25,-25,464.4193333333333,25,464.4193333333333,25,0
980,625,225,0,34,25,16,25,81,0,9,-16,9,0,-25,-9,261.68733333333336,25,261.68733333333336,9,0
981,1,0,0,1,1,1,1,0,0,0,-1,0,0,-1,0,0.0,1,0.0,0,0
982,625,0,0,25,25,25,25,0,0,0,-25,0,0,-25,0,149.76133333333334,25,149.76133333333334,0,0
983,625,625,0,50,25,0,25,625,0,25,0,25,0,-25,-25,461.764,25,461.764,25,0
984,625,250,0,35,25,15,25,100,0,10,-15,10,0,-25,-10,275.79333333333335,25,275.79333333333335,10,0
985,256,256,0,32,16,0,16,256,0,16,0,16,0,-16,-16,188.186,16,188.186,16,0
986,625,250,0,35,25,15,25,100,0,10,-15,10,0,-25,-10,274.08,25,274.08,10,0
987,121,275,0,36,11,-14,11,625,0,25,14,25,0,-11,-25,164.442,11,164.442,25,0
988,121,275,0,36,11,-14,11,625,0,25,14,25,0,-11,-25,163.82066666666665,11,163.82066666666665,25,0
989,1,25,0,26,1,-24,1,625,0,25,24,25,0,-1,-25,12.533333333333333,1,12.533333333333333,25,0
990,4,50,0,27,2,-23,2,625,0,25,23,25,0,-2,-25,26.182666666666666,2,26.182666666666666,25,0
991,1,12,0,13,1,-11,1,144,0,12,11,12,0,-1,-12,5.752,1,5.752,12,0
992,49,133,0,26,7,-12,7,361,0,19,12,19,0,-7,-19,77.77666666666667,7,77.77666666666667,19,0
993,1,0,25,1,26,1,-24,0,0,25,-1,-25,625,24,25,12.566666666666666,1,12.566666666666666,0,25
994,625,0,625,25,50,25,0,0,0,25,-25,-25,625,0,25,464.54133333333334,25,464.54133333333334,0,25
995,625,0,0,25,25,25,25,0,0,0,-25,0,0,-25,0,149.78666666666666,25,149.78666666666666,0,0
996,1,25,0,26,1,-24,1,625,0,25,24,25,0,-1,-25,12.233333333333333,1,12.233333333333333,25,0
997,4,50,0,27,2,-23,2,625,0,25,23,25,0,-2,-25,25.453333333333333,2,25.453333333333333,25,0
998,625,250,0,35,25,15,25,100,0,10,-15,10,0,-25,-10,275.75466666666665,25,275.75466666666665,10,0
999,1,25,0,26,1,-24,1,625,0,25,24,25,0,-1,-25,12.233333333333333,1,12.233333333333333,25,0
1000,100,250,0,35,10,-15,10,625,0,25,15,25,0,-10,-25,146.74,10,146.74,25,0
1001,625,250,0,35,25,15,25,100,0,10,-15,10,0,-25,-10,276.00533333333334,25,276.00533333333334,10,0
1002,256,256,400,32,41,0,-9,256,400,41,0,-9,625,9,9,788.292,16,388.29200000000003,16,25
1003,1,0,25,1,26,1,-24,0,0,25,-1,-25,625,24,25,11.816666666666666,1,11.816666666666666,0,25
1004,625,0,625,25,50,25,0,0,0,25,-25,-25,625,0,25,462.70533333333333,25,462.70533333333333,0,25
1005,625,625,625,50,50,0,0,625,625,50,0,0,625,0,0,1399.8186666666666,25,774.8186666666666,25,25
1006,625,250,625,35,50,15,0,100,250,35,-15,-15,625,0,15,837.7693333333333,25,587.7693333333333,10,25
1007,121,275,0,36,11,-14,11,625,0,25,14,25,0,-11,-25,165.442,11,165.442,25,0
1008,625,0,0,25,25,25,25,0,0,0,-25,0,0,-25,0,150.17333333333335,25,150.17333333333335,0,0
1009,625,625,0,50,25,0,25,625,0,25,0,25,0,-25,-25,461.588,25,461.588,25,0
1010,121,275,0,36,11,-14,11,625,0,25,14,25,0,-11,-25,164.67266666666666,11,164.67266666666666,25,0
1011,1,25,12,26,13,-24,-11,625,300,37,24,13,144,11,-13,318.63,1,18.629999999999995,25,12
1012,625,0,0,25,25,25,25,0,0,0,-25,0,0,-25,0,149.856,25,149.856,0,0
1013,1,0,0,1,1,1,1,0,0,0,-1,0,0,-1,0,0.0,1,0.0,0,0
1014,169,0,0,13,13,13,13,0,0,0,-13,0,0,-13,0,38.998666666666665,13,38.998666666666665,0,0
1015,1,0,25,1,26,1,-24,0,0,25,-1,-25,625,24,25,12.9,1,12.9,0,25
1016,1,0,0,1,1,1,1,0,0,0,-1,0,0,-1,0,0.0,1,0.0,0,0
1017,4,0,0,2,2,2,2,0,0,0,-2,0,0,-2,0,0.49933333333333335,2,0.49933333333333335,0,0
1018,1,25,0,26,1,-24,1,625,0,25,24,25,0,-1,-25,12.833333333333334,1,12.833333333333334,25,0
1019,169,0,0,13,13,13,13,0,0,0,-13,0,0,-13,0,38.87733333333333,13,38.87733333333333,0,0
1020,1,25,12,26,13,-24,-11,625,300,37,24,13,144,11,-13,318.51733333333334,1,18.51733333333334,25,12
1021,625,225,0,34,25,16,25,81,0,9,-16,9,0,-25,-9,262.67266666666666,25,262.67266666666666,9,0
1022,625,625,0,50,25,0,25,625,0,25,0,25,0,-25,-25,464.4193333333333,25,464.4193333333333,25,0
1023,625,225,0,34,25,16,25,81,0,9,-16,9,0,-25,-9,261.68733333333336,25,261.68733333333336,9,0
1024,1,0,0,1,1,1,1,0,0,0,-1,0,0,-1,0,0.0,1,0.0,0,0
1025,625,0,0,25,25,25,25,0,0,0,-25,0,0,-25,0,149.76133333333334,25,149.76133333333334,0,0
1026,625,625,0,50,25,0,25,625,0,25,0,25,0,-25,-25,461.764,25,461.764,25,0
1027,625,250,0,35,25,15,25,100,0,10,-15,10,0,-25,-10,275.79333333333335,25,275.79333333333335,10,0
1028,256,256,0,32,16,0,16,256,0,16,0,16,0,-16,-16,188.186,16,188.186,16,0
1029,625,250,0,35,25,15,25,100,0,10,-15,10,0,-25,-10,274.08,25,274.08,10,0
1030,121,275,0,36,11,-14,11,625,0,25,14,25,0,-11,-25,164.442,11,164.442,25,0
1031,121,275,0,36,11,-14,11,625,0,25,14,25,0,-11,-25,163.82066666666665,11,163.82066666666665,25,0
1032,1,25,0,26,1,-24,1,625,0,25,24,25,0,-1,-25,12.533333333333333,1,12.533333333333333,25,0
1033,4,50,0,27,2,-23,2,625,0,25,23,25,0,-2,-25,26.182666666666666,2,26.182666666666666,25,0
1034,1,12,0,13,1,-11,1,144,0,12,11,12,0,-1,-12,5.752,1,5.752,12,0
1035,49,133,0,26,7,-12,7,361,0,19,12,19,0,-7,-19,77.77666666666667,7,77.77666666666667,19,0
1036,1,0,25,1,26,1,-24,0,0,25,-1,-25,625,24,25,12.566666666666666,1,12.566666666666666,0,25
1037,625,0,625,25,50,25,0,0,0,25,-25,-25,625,0,25,464.54133333333334,25,464.54133333333334,0,25
1038,625,0,0,25,25,25,25,0,0,0,-25,0,0,-25,0,149.78666666666666,25,149.78666666666666,0,0
1039,1,25,0,26,1,-24,1,625,0,25,24,25,0,-1,-25,12.233333333333333,1,12.233333333333333,25,0
1040,4,50,0,27,2,-23,2,625,0,25,23,25,0,-2,-25,25.453333333333333,2,25.453333333333333,25,0
1041,625,250,0,35,25,15,25,100,0,10,-15,10,0,-25,-10,275.75466666666665,25,275.75466666666665,10,0
1042,1,25,0,26,1,-24,1,625,0,25,24,25,0,-1,-25,12.233333333333333,1,12.233333333333333,25,0
1043,100,250,0,35,10,-15,10,625,0,25,15,25,0,-10,-25,146.74,10,146.74,25,0
1044,625,250,0,35,25,15,25,100,0,10,-15,10,0,-25,-10,276.00533333333334,25,276.00533333333334,10,0
1045,256,256,400,32,41,0,-9,256,400,41,0,-9,625,9,9,788.292,16,388.29200000000003,16,25
1046,1,0,25,1,26,1,-24,0,0,25,-1,-25,625,24,25,11.816666666666666,1,11.816666666666666,0,25
1047,625,0,625,25,50,25,0,0,0,25,-25,-25,625,0,25,462.70533333333333,25,462.70533333333333,0,25
1048,625,625,625,50,50,0,0,625,625,50,0,0,625,0,0,1399.8186666666666,25,774.8186666666666,25,25
1049,625,250,625,35,50,15,0,100,250,35,-15,-15,625,0,15,837.7693333333333,25,587.7693333333333,10,25
1050,121,275,0,36,11,-14,11,625,0,25,14,25,0,-11,-25,165.442,11,165.442,25,0
1051,625,0,0,25,25,25,25,0,0,0,-25,0,0,-25,0,150.17333333333335,25,150.17333333333335,0,0
1052,625,625,0,50,25,0,25,625,0,25,0,25,0,-25,-25,461.588,25,461.588,25,0
1053,121,275,0,36,11,-14,11,625,0,25,14,25,0,-11,-25,164.67266666666666,11,164.67266666666666,25,0
1054,1,25,12,26,13,-24,-11,625,300,37,24,13,144,11,-13,318.63,1,18.629999999999995,25,12
1055,625,0,0,25,25,25,25,0,0,0,-25,0,0,-25,0,149.856,25,149.856,0,0
1056,1,0,0,1,1,1,1,0,0,0,-1,0,0,-1,0,0.0,1,0.0,0,0
1057,169,0,0,13,13,13,13,0,0,0,-13,0,0,-13,0,38.998666666666665,13,38.998666666666665,0,0
1058,1,0,25,1,26,1,-24,0,0,25,-1,-25,625,24,25,12.9,1,12.9,0,25
1059,1,0,0,1,1,1,1,0,0,0,-1,0,0,-1,0,0.0,1,0.0,0,0
1060,4,0,0,2,2,2,2,0,0,0,-2,0,0,-2,0,0.49933333333333335,2,0.49933333333333335,0,0
1061,1,25,0,26,1,-24,1,625,0,25,24,25,0,-1,-25,12.833333333333334,1,12.833333333333334,25,0
1062,169,0,0,13,13,13,13,0,0,0,-13,0,0,-13,0,38.87733333333333,13,38.87733333333333,0,0
1063,1,25,12,26,13,-24,-11,625,300,37,24,13,144,11,-13,318.51733333333334,1,18.51733333333334,25,12
1064,625,225,0,34,25,16,25,81,0,9,-16,9,0,-25,-9,262.67266666666666,25,262.67266666666666,9,0
1065,625,625,0,50,25,0,25,625,0,25,0,25,0,-25,-25,464.4193333333333,25,464.4193333333333,25,0
1066,625,225,0,34,25,16,25,81,0,9,-16,9,0,-25,-9,261.68733333333336,25,261.68733333333336,9,0
1067,1,0,0,1,1,1,1,0,0,0,-1,0,0,-1,0,0.0,1,0.0,0,0
1068,625,0,0,25,25,25,25,0,0,0,-25,0,0,-25,0,149.76133333333334,25,149.76133333333334,0,0
1069,625,625,0,50,25,0,25,625,0,25,0,25,0,-25,-25,461.764,25,461.764,25,0
1070,625,250,0,35,25,15,25,100,0,10,-15,10,0,-25,-10,275.79333333333335,25,275.79333333333335,10,0
1071,256,256,0,32,16,0,16,256,0,16,0,16,0,-16,-16,188.186,16,188.186,16,0
1072,625,250,0,35,25,15,25,100,0,10,-15,10,0,-25,-10,274.08,25,274.08,10,0
1073,121,275,0,36,11,-14,11,625,0,25,14,25,0,-11,-25,164.442,11,164.442,25,0
1074,121,275,0,36,11,-14,11,625,0,25,14,25,0,-11,-25,163.82066666666665,11,163.82066666666665,25,0
1075,1,25,0,26,1,-24,1,625,0,25,24,25,0,-1,-25,12.533333333333333,1,12.533333333333333,25,0
1076,4,50,0,27,2,-23,2,625,0,25,23,25,0,-2,-25,26.182666666666666,2,26.182666666666666,25,0
1077,1,12,0,13,1,-11,1,144,0,12,11,12,0,-1,-12,5.752,1,5.752,12,0
1078,49,133,0,26,7,-12,7,361,0,19,12,19,0,-7,-19,77.77666666666667,7,77.77666666666667,19,0
1079,1,0,25,1,26,1,-24,0,0,25,-1,-25,625,24,25,12.566666666666666,1,12.566666666666666,0,25
1080,625,0,625,25,50,25,0,0,0,25,-25,-25,625,0,25,464.54133333333334,25,464.54133333333334,0,25
1081,625,0,0,25,25,25,25,0,0,0,-25,0,0,-25,0,149.78666666666666,25,149.78666666666666,0,0
1082,1,25,0,26,1,-24,1,625,0,25,24,25,0,-1,-25,12.233333333333333,1,12.233333333333333,25,0
1083,4,50,0,27,2,-23,2,625,0,25,23,25,0,-2,-25,25.453333333333333,2,25.453333333333333,25,0
1084,625,250,0,35,25,15,25,100,0,10,-15,10,0,-25,-10,275.75466666666665,25,275.75466666666665,10,0
1085,1,25,0,26,1,-24,1,625,0,25,24,25,0,-1,-25,12.233333333333333,1,12.233333333333333,25,0
1086,100,250,0,35,10,-15,10,625,0,25,15,25,0,-10,-25,146.74,10,146.74,25,0
1087,625,250,0,35,25,15,25,100,0,10,-15,10,0,-25,-10,276.00533333333334,25,276.00533333333334,10,0
1088,256,256,400,32,41,0,-9,256,400,41,0,-9,625,9,9,788.292,16,388.29200000000003,16,25
1089,1,0,25,1,26,1,-24,0,0,25,-1,-25,625,24,25,11.816666666666666,1,11.816666666666666,0,25
1090,625,0,625,25,50,25,0,0,0,25,-25,-25,625,0,25,462.70533333333333,25,462.70533333333333,0,25
1091,625,625,625,50,50,0,0,625,625,50,0,0,625,0,0,1399.8186666666666,25,774.8186666666666,25,25
1092,625,250,625,35,50,15,0,100,250,35,-15,-15,625,0,15,837.7693333333333,25,587.7693333333333,10,25
1093,121,275,0,36,11,-14,11,625,0,25,14,25,0,-11,-25,165.442,11,165.442,25,0
1094,625,0,0,25,25,25,25,0,0,0,-25,0,0,-25,0,150.17333333333335,25,150.17333333333335,0,0
1095,625,625,0,50,25,0,25,625,0,25,0,25,0,-25,-25,461.588,25,461.588,25,0
1096,121,275,0,36,11,-14,11,625,0,25,14,25,0,-11,-25,164.67266666666666,11,164.67266666666666,25,0
1097,1,25,12,26,13,-24,-11,625,300,37,24,13,144,11,-13,318.63,1,18.629999999999995,25,12
1098,625,0,0,25,25,25,25,0,0,0,-25,0,0,-25,0,149.856,25,149.856,0,0
1099,1,0,0,1,1,1,1,0,0,0,-1,0,0,-1,0,0.0,1,0.0,0,0
1100,169,0,0,13,13,13,13,0,0,0,-13,0,0,-13,0,38.998666666666665,13,38.998666666666665,0,0
1101,1,0,25,1,26,1,-24,0,0,25,-1,-25,625,24,25,12.9,1,12.9,0,25
1102,1,0,0,1,1,1,1,0,0,0,-1,0,0,-1,0,0.0,1,0.0,0,0
1103,4,0,0,2,2,2,2,0,0,0,-2,0,0,-2,0,0.49933333333333335,2,0.49933333333333335,0,0
1104,1,25,0,26,1,-24,1,625,0,25,24,25,0,-1,-25,12.833333333333334,1,12.833333333333334,25,0
1105,169,0,0,13,13,13,13,0,0,0,-13,0,0,-13,0,38.87733333333333,13,38.87733333333333,0,0
1106,1,25,12,26,13,-24,-11,625,300,37,24,13,144,11,-13,318.51733333333334,1,18.51733333333334,25,12
1107,625,225,0,34,25,16,25,81,0,9,-16,9,0,-25,-9,262.67266666666666,25,262.67266666666666,9,0
1108,625,625,0,50,25,0,25,625,0,25,0,25,0,-25,-25,464.4193333333333,25,464.4193333333333,25,0
1109,625,225,0,34,25,16,25,81,0,9,-16,9,0,-25,-9,261.68733333333336,25,261.68733333333336,9,0
1110,1,0,0,1,1,1,1,0,0,0,-1,0,0,-1,0,0.0,1,0.0,0,0
1111,625,0,0,25,25,25,25,0,0,0,-25,0,0,-25,0,149.76133333333334,25,149.76133333333334,0,0
1112,625,625,0,50,25,0,25,625,0,25,0,25,0,-25,-25,461.764,25,461.764,25,0
1113,625,250,0,35,25,15,25,100,0,10,-15,10,0,-25,-10,275.79333333333335,25,275.79333333333335,10,0
1114,256,256,0,32,16,0,16,256,0,16,0,16,0,-16,-16,188.186,16,188.186,16,0
1115,625,250,0,35,25,15,25,100,0,10,-15,10,0,-25,-10,274.08,25,274.08,10,0
1116,121,275,0,36,11,-14,11,625,0,25,14,25,0,-11,-25,164.442,11,164.442,25,0
1117,121,275,0,36,11,-14,11,625,0,25,14,25,0,-11,-25,163.82066666666665,11,163.82066666666665,25,0
1118,1,25,0,26,1,-24,1,625,0,25,24,25,0,-1,-25,12.533333333333333,1,12.533333333333333,25,0
1119,4,50,0,27,2,-23,2,625,0,25,23,25,0,-2,-25,26.182666666666666,2,26.182666666666666,25,0
1120,1,12,0,13,1,-11,1,144,0,12,11,12,0,-1,-12,5.752,1,5.752,12,0
1121,49,133,0,26,7,-12,7,361,0,19,12,19,0,-7,-19,77.77666666666667,7,77.77666666666667,19,0
1122,1,0,25,1,26,1,-24,0,0,25,-1,-25,625,24,25,12.566666666666666,1,12.566666666666666,0,25
1123,625,0,625,25,50,25,0,0,0,25,-25,-25,625,0,25,464.54133333333334,25,464.54133333333334,0,25
1124,625,0,0,25,25,25,25,0,0,0,-25,0,0,-25,0,149.78666666666666,25,149.78666666666666,0,0
1125,1,25,0,26,1,-24,1,625,0,25,24,25,0,-1,-25,12.233333333333333,1,12.233333333333333,25,0
1126,4,50,0,27,2,-23,2,625,0,25,23,25,0,-2,-25,25.453333333333333,2,25.453333333333333,25,0
1127,625,250,0,35,25,15,25,100,0,10,-15,10,0,-25,-10,275.75466666666665,25,275.75466666666665,10,0
1128,1,25,0,26,1,-24,1,625,0,25,24,25,0,-1,-25,12.233333333333333,1,12.233333333333333,25,0
1129,100,250,0,35,10,-15,10,625,0,25,15,25,0,-10,-25,146.74,10,146.74,25,0
1130,625,250,0,35,25,15,25,100,0,10,-15,10,0,-25,-10,276.00533333333334,25,276.00533333333334,10,0
1131,256,256,400,32,41,0,-9,256,400,41,0,-9,625,9,9,788.292,16,388.29200000000003,16,25
1132,1,0,25,1,26,1,-24,0,0,25,-1,-25,625,24,25,11.816666666666666,1,11.816666666666666,0,25
1133,625,0,625,25,50,25,0,0,0,25,-25,-25,625,0,25,462.70533333333333,25,462.70533333333333,0,25
1134,625,625,625,50,50,0,0,625,625,50,0,0,625,0,0,1399.8186666666666,25,774.8186666666666,25,25
1135,625,250,625,35,50,15,0,100,250,35,-15,-15,625,0,15,837.7693333333333,25,587.7693333333333,10,25
1136,121,275,0,36,11,-14,11,625,0,25,14,25,0,-11,-25,165.442,11,165.442,25,0
1137,625,0,0,25,25,25,25,0,0,0,-25,0,0,-25,0,150.17333333333335,25,150.17333333333335,0,0
1138,625,625,0,50,25,0,25,625,0,25,0,25,0,-25,-25,461.588,25,461.588,25,0
1139,121,275,0,36,11,-14,11,625,0,25,14,25,0,-11,-25,164.67266666666666,11,164.67266666666666,25,0
1140,1,25,12,26,13,-24,-11,625,300,37,24,13,144,11,-13,318.63,1,18.629999999999995,25,12
1141,625,0,0,25,25,25,25,0,0,0,-25,0,0,-25,0,149.856,25,149.856,0,0
1142,1,0,0,1,1,1,1,0,0,0,-1,0,0,-1,0,0.0,1,0.0,0,0
1143,169,0,0,13,13,13,13,0,0,0,-13,0,0,-13,0,38.998666666666665,13,38.998666666666665,0,0
1144,1,0,25,1,26,1,-24,0,0,25,-1,-25,625,24,25,12.9,1,12.9,0,25
1145,1,0,0,1,1,1,1,0,0,0,-1,0,0,-1,0,0.0,1,0.0,0,0
1146,4,0,0,2,2,2,2,0,0,0,-2,0,0,-2,0,0.49933333333333335,2,0.49933333333333335,0,0
1147,1,25,0,26,1,-24,1,625,0,25,24,25,0,-1,-25,12.833333333333334,1,12.833333333333334,25,0
1148,169,0,0,13,13,13,13,0,0,0,-13,0,0,-13,0,38.87733333333333,13,38.87733333333333,0,0
1149,1,25,12,26,13,-24,-11,625,300,37,24,13,144,11,-13,318.51733333333334,1,18.51733333333334,25,12
1150,625,225,0,34,25,16,25,81,0,9,-16,9,0,-25,-9,262.67266666666666,25,262.67266666666666,9,0
1151,625,625,0,50,25,0,25,625,0,25,0,25,0,-25,-25,464.4193333333333,25,464.4193333333333,25,0
1152,625,225,0,34,25,16,25,81,0,9,-16,9,0,-25,-9,261.68733333333336,25,261.68733333333336,9,0
1153,1,0,0,1,1,1,1,0,0,0,-1,0,0,-1,0,0.0,1,0.0,0,0
1154,625,0,0,25,25,25,25,0,0,0,-25,0,0,-25,0,149.76133333333334,25,149.76133333333334,0,0
1155,625,625,0,50,25,0,25,625,0,25,0,25,0,-25,-25,461.764,25,461.764,25,0
1156,625,250,0,35,25,15,25,100,0,10,-15,10,0,-25,-10,275.79333333333335,25,275.79333333333335,10,0
1157,256,256,0,32,16,0,16,256,0,16,0,16,0,-16,-16,188.186,16,188.186,16,0
1158,625,250,0,35,25,15,25,100,0,10,-15,10,0,-25,-10,274.08,25,274.08,10,0
1159,121,275,0,36,11,-14,11,625,0,25,14,25,0,-11,-25,164.442,11,164.442,25,0
1160,121,275,0,36,11,-14,11,625,0,25,14,25,0,-11,-25,163.82066666666665,11,163.82066666666665,25,0
1161,1,25,0,26,1,-24,1,625,0,25,24,25,0,-1,-25,12.533333333333333,1,12.533333333333333,25,0
1162,4,50,0,27,2,-23,2,625,0,25,23,25,0,-2,-25,26.182666666666666,2,26.182666666666666,25,0
1163,1,12,0,13,1,-11,1,144,0,12,11,12,0,-1,-12,5.752,1,5.752,12,0
1164,49,133,0,26,7,-12,7,361,0,19,12,19,0,-7,-19,77.77666666666667,7,77.77666666666667,19,0
1165,1,0,25,1,26,1,-24,0,0,25,-1,-25,625,24,25,12.566666666666666,1,12.566666666666666,0,25
1166,625,0,625,25,50,25,0,0,0,25,-25,-25,625,0,25,464.54133333333334,25,464.54133333333334,0,25
1167,625,0,0,25,25,25,25,0,0,0,-25,0,0,-25,0,149.78666666666666,25,149.78666666666666,0,0
1168,1,25,0,26,1,-24,1,625,0,25,24,25,0,-1,-25,12.233333333333333,1,12.233333333333333,25,0
1169,4,50,0,27,2,-23,2,625,0,25,23,25,0,-2,-25,25.453333333333333,2,25.453333333333333,25,0
1170,625,250,0,35,25,15,25,100,0,10,-15,10,0,-25,-10,275.75466666666665,25,275.75466666666665,10,0
1171,1,25,0,26,1,-24,1,625,0,25,24,25,0,-1,-25,12.233333333333333,1,12.233333333333333,25,0
1172,100,250,0,35,10,-15,10,625,0,25,15,25,0,-10,-25,146.74,10,146.74,25,0
1173,625,250,0,35,25,15,25,100,0,10,-15,10,0,-25,-10,276.00533333333334,25,276.00533333333334,10,0
1174,256,256,400,32,41,0,-9,256,400,41,0,-9,625,9,9,788.292,16,388.29200000000003,16,25
1175,1,0,25,1,26,1,-24,0,0,25,-1,-25,625,24,25,11.816666666666666,1,11.816666666666666,0,25
1176,625,0,625,25,50,25,0,0,0,25,-25,-25,625,0,25,462.70533333333333,25,462.70533333333333,0,25
1177,625,625,625,50,50,0,0,625,625,50,0,0,625,0,0,1399.8186666666666,25,774.8186666666666,25,25
1178,625,250,625,35,50,15,0,100,250,35,-15,-15,625,0,15,837.7693333333333,25,587.7693333333333,10,25
1179,121,275,0,36,11,-14,11,625,0,25,14,25,0,-11,-25,165.442,11,165.442,25,0
1180,625,0,0,25,25,25,25,0,0,0,-25,0,0,-25,0,150.17333333333335,25,150.17333333333335,0,0
1181,625,625,0,50,25,0,25,625,0,25,0,25,0,-25,-25,461.588,25,461.588,25,0
1182,121,275,0,36,11,-14,11,625,0,25,14,25,0,-11,-25,164.67266666666666,11,164.67266666666666,25,0
1183,1,25,12,26,13,-24,-11,625,300,37,24,13,144,11,-13,318.63,1,18.629999999999995,25,12
1184,625,0,0,25,25,25,25,0,0,0,-25,0,0,-25,0,149.856,25,149.856,0,0
1185,1,0,0,1,1,1,1,0,0,0,-1,0,0,-1,0,0.0,1,0.0,0,0
1186,169,0,0,13,13,13,13,0,0,0,-13,0,0,-13,0,38.998666666666665,13,38.998666666666665,0,0
1187,1,0,25,1,26,1,-24,0,0,25,-1,-25,625,24,25,12.9,1,12.9,0,25
1188,1,0,0,1,1,1,1,0,0,0,-1,0,0,-1,0,0.0,1,0.0,0,0
1189,4,0,0,2,2,2,2,0,0,0,-2,0,0,-2,0,0.49933333333333335,2,0.49933333333333335,0,0
1190,1,25,0,26,1,-24,1,625,0,25,24,25,0,-1,-25,12.833333333333334,1,12.833333333333334,25,0
1191,169,0,0,13,13,13,13,0,0,0,-13,0,0,-13,0,38.87733333333333,13,38.87733333333333,0,0
1192,1,25,12,26,13,-24,-11,625,300,37,24,13,144,11,-13,318.51733333333334,1,18.51733333333334,25,12
1193,625,225,0,34,25,16,25,81,0,9,-16,9,0,-25,-9,262.67266666666666,25,262.67266666666666,9,0
1194,625,625,0,50,25,0,25,625,0,25,0,25,0,-25,-25,464.4193333333333,25,464.4193333333333,25,0
1195,625,225,0,34,25,16,25,81,0,9,-16,9,0,-25,-9,261.68733333333336,25,261.68733333333336,9,0
1196,1,0,0,1,1,1,1,0,0,0,-1,0,0,-1,0,0.0,1,0.0,0,0
1197,625,0,0,25,25,25,25,0,0,0,-25,0,0,-25,0,149.76133333333334,25,149.76133333333334,0,0
1198,625,625,0,50,25,0,25,625,0,25,0,25,0,-25,-25,461.764,25,461.764,25,0
1199,625,250,0,35,25,15,25,100,0,10,-15,10,0,-25,-10,275.79333333333335,25,275.79333333333335,10,0
1200,256,256,0,32,16,0,16,256,0,16,0,16,0,-16,-16,188.186,16,188.186,16,0
1201,625,250,0,35,25,15,25,100,0,10,-15,10,0,-25,-10,274.08,25,274.08,10,0
1202,121,275,0,36,11,-14,11,625,0,25,14,25,0,-11,-25,164.442,11,164.442,25,0
1203,121,275,0,36,11,-14,11,625,0,25,14,25,0,-11,-25,163.82066666666665,11,163.82066666666665,25,0
1204,1,25,0,26,1,-24,1,625,0,25,24,25,0,-1,-25,12.533333333333333,1,12.533333333333333,25,0
1205,4,50,0,27,2,-23,2,625,0,25,23,25,0,-2,-25,26.182666666666666,2,26.182666666666666,25,0
1206,1,12,0,13,1,-11,1,144,0,12,11,12,0,-1,-12,5.752,1,5.752,12,0
1207,49,133,0,26,7,-12,7,361,0,19,12,19,0,-7,-19,77.77666666666667,7,77.77666666666667,19,0
1208,1,0,25,1,26,1,-24,0,0,25,-1,-25,625,24,25,12.566666666666666,1,12.566666666666666,0,25
1209,625,0,625,25,50,25,0,0,0,25,-25,-25,625,0,25,464.54133333333334,25,464.54133333333334,0,25
1210,625,0,0,25,25,25,25,0,0,0,-25,0,0,-25,0,149.78666666666666,25,149.78666666666666,0,0
1211,1,25,0,26,1,-24,1,625,0,25,24,25,0,-1,-25,12.233333333333333,1,12.233333333333333,25,0
1212,4,50,0,27,2,-23,2,625,0,25,23,25,0,-2,-25,25.453333333333333,2,25.453333333333333,25,0
1213,625,250,0,35,25,15,25,100,0,10,-15,10,0,-25,-10,275.75466666666665,25,275.75466666666665,10,0
1214,1,25,0,26,1,-24,1,625,0,25,24,25,0,-1,-25,12.233333333333333,1,12.233333333333333,25,0
1215,100,250,0,35,10,-15,10,625,0,25,15,25,0,-10,-25,146.74,10,146.74,25,0
1216,625,250,0,35,25,15,25,100,0,10,-15,10,0,-25,-10,276.00533333333334,25,276.00533333333334,10,0
1217,256,256,400,32,41,0,-9,256,400,41,0,-9,625,9,9,788.292,16,388.29200000000003,16,25
1218,1,0,25,1,26,1,-24,0,0,25,-1,-25,625,24,25,11.816666666666666,1,11.816666666666666,0,25
1219,625,0,625,25,50,25,0,0,0,25,-25,-25,625,0,25,462.70533333333333,25,462.70533333333333,0,25
1220,625,625,625,50,50,0,0,625,625,50,0,0,625,0,0,1399.8186666666666,25,774.8186666666666,25,25
1221,625,250,625,35,50,15,0,100,250,35,-15,-15,625,0,15,837.7693333333333,25,587.7693333333333,10,25
1222,121,275,0,36,11,-14,11,625,0,25,14,25,0,-11,-25,165.442,11,165.442,25,0
1223,625,0,0,25,25,25,25,0,0,0,-25,0,0,-25,0,150.17333333333335,25,150.17333333333335,0,0
1224,625,625,0,50,25,0,25,625,0,25,0,25,0,-25,-25,461.588,25,461.588,25,0
1225,121,275,0,36,11,-14,11,625,0,25,14,25,0,-11,-25,164.67266666666666,11,164.67266666666666,25,0
1226,1,25,12,26,13,-24,-11,625,300,37,24,13,144,11,-13,318.63,1,18.629999999999995,25,12
1227,625,0,0,25,25,25,25,0,0,0,-25,0,0,-25,0,149.856,25,149.856,0,0
1228,1,0,0,1,1,1,1,0,0,0,-1,0,0,-1,0,0.0,1,0.0,0,0
1229,169,0,0,13,13,13,13,0,0,0,-13,0,0,-13,0,38.998666666666665,13,38.998666666666665,0,0
1230,1,0,25,1,26,1,-24,0,0,25,-1,-25,625,24,25,12.9,1,12.9,0,25
1231,1,0,0,1,1,1,1,0,0,0,-1,0,0,-1,0,0.0,1,0.0,0,0
1232,4,0,0,2,2,2,2,0,0,0,-2,0,0,-2,0,0.49933333333333335,2,0.49933333333333335,0,0
1233,1,25,0,26,1,-24,1,625,0,25,24,25,0,-1,-25,12.833333333333334,1,12.833333333333334,25,0
1234,169,0,0,13,13,13,13,0,0,0,-13,0,0,-13,0,38.87733333333333,13,38.87733333333333,0,0
1235,1,25,12,26,13,-24,-11,625,300,37,24,13,144,11,-13,318.51733333333334,1,18.51733333333334,25,12
1236,625,225,0,34,25,16,25,81,0,9,-16,9,0,-25,-9,262.67266666666666,25,262.67266666666666,9,0
1237,625,625,0,50,25,0,25,625,0,25,0,25,0,-25,-25,464.4193333333333,25,464.4193333333333,25,0
1238,625,225,0,34,25,16,25,81,0,9,-16,9,0,-25,-9,261.68733333333336,25,261.68733333333336,9,0
1239,1,0,0,1,1,1,1,0,0,0,-1,0,0,-1,0,0.0,1,0.0,0,0
1240,625,0,0,25,25,25,25,0,0,0,-25,0,0,-25,0,149.76133333333334,25,149.76133333333334,0,0
1241,625,625,0,50,25,0,25,625,0,25,0,25,0,-25,-25,461.764,25,461.764,25,0
1242,625,250,0,35,25,15,25,100,0,10,-15,10,0,-25,-10,275.79333333333335,25,275.79333333333335,10,0
1243,256,256,0,32,16,0,16,256,0,16,0,16,0,-16,-16,188.186,16,188.186,16,0
1244,625,250,0,35,25,15,25,100,0,10,-15,10,0,-25,-10,274.08,25,274.08,10,0
1245,121,275,0,36,11,-14,11,625,0,25,14,25,0,-11,-25,164.442,11,164.442,25,0
1246,121,275,0,36,11,-14,11,625,0,25,14,25,0,-11,-25,163.82066666666665,11,163.82066666666665,25,0
1247,1,25,0,26,1,-24,1,625,0,25,24,25,0,-1,-25,12.533333333333333,1,12.533333333333333,25,0
1248,4,50,0,27,2,-23,2,625,0,25,23,25,0,-2,-25,26.182666666666666,2,26.182666666666666,25,0
1249,1,12,0,13,1,-11,1,144,0,12,11,12,0,-1,-12,5.752,1,5.752,12,0
1250,49,133,0,26,7,-12,7,361,0,19,12,19,0,-7,-19,77.77666666666667,7,77.77666666666667,19,0
1251,1,0,25,1,26,1,-24,0,0,25,-1,-25,625,24,25,12.566666666666666,1,12.566666666666666,0,25
1252,625,0,625,25,50,25,0,0,0,25,-25,-25,625,0,25,464.54133333333334,25,464.54133333333334,0,25
1253,625,0,0,25,25,25,25,0,0,0,-25,0,0,-25,0,149.78666666666666,25,149.78666666666666,0,0
1254,1,25,0,26,1,-24,1,625,0,25,24,25,0,-1,-25,12.233333333333333,1,12.233333333333333,25,0
1255,4,50,0,27,2,-23,2,625,0,25,23,25,0,-2,-25,25.453333333333333,2,25.453333333333333,25,0
1256,625,250,0,35,25,15,25,100,0,10,-15,10,0,-25,-10,275.75466666666665,25,275.75466666666665,10,0
1257,1,25,0,26,1,-24,1,625,0,25,24,25,0,-1,-25,12.233333333333333,1,12.233333333333333,25,0
1258,100,250,0,35,10,-15,10,625,0,25,15,25,0,-10,-25,146.74,10,146.74,25,0
1259,625,250,0,35,25,15,25,100,0,10,-15,10,0,-25,-10,276.00533333333334,25,276.00533333333334,10,0
1260,256,256,400,32,41,0,-9,256,400,41,0,-9,625,9,9,788.292,16,388.29200000000003,16,25
1261,1,0,25,1,26,1,-24,0,0,25,-1,-25,625,24,25,11.816666666666666,1,11.816666666666666,0,25
1262,625,0,625,25,50,25,0,0,0,25,-25,-25,625,0,25,462.70533333333333,25,462.70533333333333,0,25
1263,625,625,625,50,50,0,0,625,625,50,0,0,625,0,0,1399.8186666666666,25,774.8186666666666,25,25
1264,625,250,625,35,50,15,0,100,250,35,-15,-15,625,0,15,837.7693333333333,25,587.7693333333333,10,25
1265,121,275,0,36,11,-14,11,625,0,25,14,25,0,-11,-25,165.442,11,165.442,25,0
1266,625,0,0,25,25,25,25,0,0,0,-25,0,0,-25,0,150.17333333333335,25,150.17333333333335,0,0
1267,625,625,0,50,25,0,25,625,0,25,0,25,0,-25,-25,461.588,25,461.588,25,0
1268,121,275,0,36,11,-14,11,625,0,25,14,25,0,-11,-25,164.67266666666666,11,164.67266666666666,25,0
1269,1,25,12,26,13,-24,-11,625,300,37,24,13,144,11,-13,318.63,1,18.629999999999995,25,12
1270,625,0,0,25,25,25,25,0,0,0,-25,0,0,-25,0,149.856,25,149.856,0,0
1271,1,0,0,1,1,1,1,0,0,0,-1,0,0,-1,0,0.0,1,0.0,0,0
1272,169,0,0,13,13,13,13,0,0,0,-13,0,0,-13,0,38.998666666666665,13,38.998666666666665,0,0
1273,1,0,25,1,26,1,-24,0,0,25,-1,-25,625,24,25,12.9,1,12.9,0,25
1274,1,0,0,1,1,1,1,0,0,0,-1,0,0,-1,0,0.0,1,0.0,0,0
1275,4,0,0,2,2,2,2,0,0,0,-2,0,0,-2,0,0.49933333333333335,2,0.49933333333333335,0,0
1276,1,25,0,26,1,-24,1,625,0,25,24,25,0,-1,-25,12.833333333333334,1,12.833333333333334,25,0
1277,169,0,0,13,13,13,13,0,0,0,-13,0,0,-13,0,38.87733333333333,13,38.87733333333333,0,0
1278,1,25,12,26,13,-24,-11,625,300,37,24,13,144,11,-13,318.51733333333334,1,18.51733333333334,25,12
1279,625,225,0,34,25,16,25,81,0,9,-16,9,0,-25,-9,262.67266666666666,25,262.67266666666666,9,0
1280,625,625,0,50,25,0,25,625,0,25,0,25,0,-25,-25,464.4193333333333,25,464.4193333333333,25,0
1281,625,225,0,34,25,16,25,81,0,9,-16,9,0,-25,-9,261.68733333333336,25,261.68733333333336,9,0
1282,1,0,0,1,1,1,1,0,0,0,-1,0,0,-1,0,0.0,1,0.0,0,0
1283,625,0,0,25,25,25,25,0,0,0,-25,0,0,-25,0,149.76133333333334,25,149.76133333333334,0,0
1284,625,625,0,50,25,0,25,625,0,25,0,25,0,-25,-25,461.764,25,461.764,25,0
1285,625,250,0,35,25,15,25,100,0,10,-15,10,0,-25,-10,275.79333333333335,25,275.79333333333335,10,0
1286,256,256,0,32,16,0,16,256,0,16,0,16,0,-16,-16,188.186,16,188.186,16,0
1287,625,250,0,35,25,15,25,100,0,10,-15,10,0,-25,-10,274.08,25,274.08,10,0
1288,121,275,0,36,11,-14,11,625,0,25,14,25,0,-11,-25,164.442,11,164.442,25,0
1289,121,275,0,36,11,-14,11,625,0,25,14,25,0,-11,-25,163.82066666666665,11,163.82066666666665,25,0
0,324,198,288,29,34,7,2,121,176,27,-7,-5,256,-2,5,494.872,18,318.872,11,16
1,49,42,133,13,26,1,-12,36,114,25,-1,-13,361,12,13,214.174,7,100.174,6,19
2,36,6,78,7,19,5,-7,1,13,14,-5,-12,169,7,12,63.668,6,50.668,1,13
3,169,78,234,19,31,7,-5,36,108,24,-7,-12,324,5,12,302.428,13,194.428,6,18
4,144,204,0,29,12,-5,12,289,0,17,5,17,0,-12,-17,134.72,12,134.72,17,0
5,324,288,234,34,31,2,5,256,208,29,-2,3,169,-5,-3,545.344,18,337.34400000000005,16,13
6,36,90,24,21,10,-9,2,225,60,19,9,11,16,-2,-11,125.464,6,65.464,15,4
7,16,80,40,24,14,-16,-6,400,200,30,16,10,100,6,-10,263.098,4,63.09800000000001,20,10
8,81,135,90,24,19,-6,-1,225,150,25,6,5,100,1,-5,280.888,9,130.88799999999998,15,10
9,16,64,32,20,12,-12,-4,256,128,24,12,8,64,4,-8,178.444,4,50.44399999999999,16,8
10,225,270,30,33,17,-3,13,324,36,20,3,16,4,-13,-16,239.672,15,203.672,18,2
11,256,144,304,25,35,7,-3,81,171,28,-7,-10,361,3,10,455.442,16,284.442,9,19
12,361,152,266,27,33,11,5,64,112,22,-11,-6,196,-5,6,407.288,19,295.288,8,14
13,121,55,11,16,12,6,10,25,5,6,-6,4,1,-10,-4,65.82,11,60.81999999999999,5,1
14,16,68,72,21,22,-13,-14,289,306,35,13,-1,324,14,1,379.044,4,73.04399999999998,17,18
15,144,120,228,22,31,2,-7,100,190,29,-2,-9,361,7,9,397.292,12,207.29199999999997,10,19
16,169,234,208,31,29,-5,-3,324,288,34,5,2,256,3,-2,547.888,13,259.88800000000003,18,16
17,100,80,0,18,10,2,10,64,0,8,-2,8,0,-10,-8,62.992,10,62.992,8,0
18,324,180,36,28,20,8,16,100,20,12,-8,8,4,-16,-8,204.58,18,184.58,10,2
19,1,15,13,16,14,-14,-12,225,195,28,14,2,169,12,-2,208.944,1,13.943999999999988,15,13
20,49,119,7,24,8,-10,6,289,17,18,10,16,1,-6,-16,88.968,7,71.968,17,1
21,64,16,96,10,20,6,-4,4,24,14,-6,-10,144,4,10,94.29,8,70.29,2,12
22,169,39,143,16,24,10,2,9,33,14,-10,-8,121,-2,8,163.624,13,130.624,3,11
23,196,238,182,31,27,-3,1,289,221,30,3,4,169,-1,-4,477.508,14,256.508,17,13
24,225,150,180,25,27,5,3,100,120,22,-5,-2,144,-3,2,337.472,15,217.47199999999998,10,12
25,121,132,132,23,23,-1,-1,144,144,24,1,0,144,1,0,303.472,11,159.47199999999998,12,12
26,1,12,12,13,13,-11,-11,144,144,24,11,0,144,11,0,156.0,1,12.0,12,12
27,196,42,98,17,21,11,7,9,21,10,-11,-4,49,-7,4,136.79,14,115.78999999999999,3,7
28,144,192,156,28,25,-4,-1,256,208,29,4,3,169,1,-3,415.12,12,207.12,16,13
29,100,200,110,30,21,-10,-1,400,220,31,10,9,121,1,-9,397.42,10,177.42000000000002,20,11
30,256,112,0,23,16,9,16,49,0,7,-9,7,0,-16,-7,116.616,16,116.616,7,0
31,25,15,35,8,12,2,-2,9,21,10,-2,-4,49,2,4,51.532,5,30.531999999999996,3,7
32,289,119,85,24,22,10,12,49,35,12,-10,2,25,-12,-2,204.78,17,169.78,7,5
33,4,28,36,16,20,-12,-16,196,252,32,12,-4,324,16,4,284.472,2,32.47199999999998,14,18
34,225,75,210,20,29,10,1,25,70,19,-10,-9,196,-1,9,265.684,15,195.68400000000003,5,14
35,36,12,30,8,11,4,1,4,10,7,-4,-3,25,-1,3,38.436,6,28.436,2,5
36,289,187,170,28,27,6,7,121,110,21,-6,1,100,-7,-1,356.904,17,246.904,11,10
37,361,114,114,25,25,13,13,36,36,12,-13,0,36,-13,0,235.536,19,199.536,6,6
38,64,8,8,9,9,7,7,1,1,2,-7,0,1,-7,0,22.932,8,21.932,1,1
39,25,35,45,12,14,-2,-4,49,63,16,2,-2,81,4,2,107.876,5,44.876000000000005,7,9
40,1,8,13,9,14,-7,-12,64,104,21,7,-5,169,12,5,114.45,1,10.450000000000003,8,13
41,196,224,70,30,19,-2,9,256,80,21,2,11,25,-9,-11,271.984,14,191.98399999999998,16,5
42,324,252,252,32,32,4,4,196,196,28,-4,0,196,-4,0,524.588,18,328.58799999999997,14,14
43,196,84,182,20,27,8,1,36,78,19,-8,-7,169,-1,7,256.848,14,178.848,6,13
44,144,204,84,29,19,-5,5,289,119,24,5,10,49,-5,-10,295.332,12,176.332,17,7
45,144,192,156,28,25,-4,-1,256,208,29,4,3,169,1,-3,414.876,12,206.87599999999998,16,13
0,1,25,0,26,1,-24,1,625,0,25,24,25,0,-1,-25,13.033333333333333,1,13.033333333333333,25,0
1,4,50,0,27,2,-23,2,625,0,25,23,25,0,-2,-25,25.237333333333332,2,25.237333333333332,25,0
2,1,12,0,13,1,-11,1,144,0,12,11,12,0,-1,-12,6.008,1,6.008,12,0
3,49,133,0,26,7,-12,7,361,0,19,12,19,0,-7,-19,76.76533333333333,7,76.76533333333333,19,0
4,1,0,25,1,26,1,-24,0,0,25,-1,-25,625,24,25,12.8,1,12.8,0,25
5,625,0,625,25,50,25,0,0,0,25,-25,-25,625,0,25,459.9293333333333,25,459.9293333333333,0,25
6,625,0,0,25,25,25,25,0,0,0,-25,0,0,-25,0,149.89866666666666,25,149.89866666666666,0,0
7,625,250,625,35,50,15,0,100,250,35,-15,-15,625,0,15,837.3726666666666,25,587.3726666666666,10,25
8,1,25,25,26,26,-24,-24,625,625,50,24,0,625,24,0,650.0,1,25.0,25,25
9,4,50,50,27,27,-23,-23,625,625,50,23,0,625,23,0,675.4866666666667,2,50.48666666666668,25,25
10,625,250,0,35,25,15,25,100,0,10,-15,10,0,-25,-10,274.392,25,274.392,10,0
11,1,0,12,1,13,1,-11,0,0,12,-1,-12,144,11,12,5.832,1,5.832,0,12
12,49,0,175,7,32,7,-18,0,0,25,-7,-25,625,18,25,99.09733333333334,7,99.09733333333334,0,25
13,625,625,625,50,50,0,0,625,625,50,0,0,625,0,0,1400.0786666666668,25,775.0786666666668,25,25
14,625,250,625,35,50,15,0,100,250,35,-15,-15,625,0,15,837.5606666666666,25,587.5606666666666,10,25
15,256,256,400,32,41,0,-9,256,400,41,0,-9,625,9,9,787.8066666666666,16,387.8066666666666,16,25
16,625,0,0,25,25,25,25,0,0,0,-25,0,0,-25,0,150.268,25,150.268,0,0
17,625,625,0,50,25,0,25,625,0,25,0,25,0,-25,-25,460.244,25,460.244,25,0
18,121,275,0,36,11,-14,11,625,0,25,14,25,0,-11,-25,165.65666666666667,11,165.65666666666667,25,0
19,100,250,0,35,10,-15,10,625,0,25,15,25,0,-10,-25,145.656,10,145.656,25,0
20,625,0,0,25,25,25,25,0,0,0,-25,0,0,-25,0,149.888,25,149.888,0,0
21,625,0,0,25,25,25,25,0,0,0,-25,0,0,-25,0,149.66133333333335,25,149.66133333333335,0,0
22,169,0,0,13,13,13,13,0,0,0,-13,0,0,-13,0,39.022666666666666,13,39.022666666666666,0,0
23,1,25,25,26,26,-24,-24,625,625,50,24,0,625,24,0,650.0,1,25.0,25,25
24,1,25,0,26,1,-24,1,625,0,25,24,25,0,-1,-25,12.133333333333333,1,12.133333333333333,25,0
25,4,0,0,2,2,2,2,0,0,0,-2,0,0,-2,0,0.492,2,0.492,0,0
26,169,0,0,13,13,13,13,0,0,0,-13,0,0,-13,0,38.974666666666664,13,38.974666666666664,0,0
27,121,275,275,36,36,-14,-14,625,625,50,14,0,625,14,0,927.3786666666666,11,302.3786666666666,25,25
28,121,275,275,36,36,-14,-14,625,625,50,14,0,625,14,0,927.6186666666666,11,302.6186666666666,25,25
29,121,275,0,36,11,-14,11,625,0,25,14,25,0,-11,-25,164.602,11,164.602,25,0
30,100,250,0,35,10,-15,10,625,0,25,15,25,0,-10,-25,146.208,10,146.208,25,0
31,625,250,0,35,25,15,25,100,0,10,-15,10,0,-25,-10,275.292,25,275.292,10,0
32,625,250,625,35,50,15,0,100,250,35,-15,-15,625,0,15,836.3886666666667,25,586.3886666666667,10,25
33,625,225,0,34,25,16,25,81,0,9,-16,9,0,-25,-9,262.352,25,262.352,9,0
34,625,625,0,50,25,0,25,625,0,25,0,25,0,-25,-25,462.686,25,462.686,25,0
35,625,250,0,35,25,15,25,100,0,10,-15,10,0,-25,-10,274.79333333333335,25,274.79333333333335,10,0
36,625,0,0,25,25,25,25,0,0,0,-25,0,0,-25,0,149.58533333333332,25,149.58533333333332,0,0
37,1,25,0,26,1,-24,1,625,0,25,24,25,0,-1,-25,13.033333333333333,1,13.033333333333333,25,0
38,4,50,0,27,2,-23,2,625,0,25,23,25,0,-2,-25,25.237333333333332,2,25.237333333333332,25,0
39,1,12,0,13,1,-11,1,144,0,12,11,12,0,-1,-12,6.008,1,6.008,12,0
40,49,133,0,26,7,-12,7,361,0,19,12,19,0,-7,-19,76.76533333333333,7,76.76533333333333,19,0
41,1,0,25,1,26,1,-24,0,0,25,-1,-25,625,24,25,12.8,1,12.8,0,25
42,625,0,625,25,50,25,0,0,0,25,-25,-25,625,0,25,459.9293333333333,25,459.9293333333333,0,25
43,625,0,0,25,25,25,25,0,0,0,-25,0,0,-25,0,149.89866666666666,25,149.89866666666666,0,0
44,625,250,625,35,50,15,0,100,250,35,-15,-15,625,0,15,837.3726666666666,25,587.3726666666666,10,25
45,1,25,25,26,26,-24,-24,625,625,50,24,0,625,24,0,650.0,1,25.0,25,25
46,4,50,50,27,27,-23,-23,625,625,50,23,0,625,23,0,675.4866666666667,2,50.48666666666668,25,25
47,625,250,0,35,25,15,25,100,0,10,-15,10,0,-25,-10,274.392,25,274.392,10,0
48,1,0,12,1,13,1,-11,0,0,12,-1,-12,144,11,12,5.832,1,5.832,0,12
49,49,0,175,7,32,7,-18,0,0,25,-7,-25,625,18,25,99.09733333333334,7,99.09733333333334,0,25
50,625,625,625,50,50,0,0,625,625,50,0,0,625,0,0,1400.0786666666668,25,775.0786666666668,25,25
51,625,250,625,35,50,15,0,100,250,35,-15,-15,625,0,15,837.5606666666666,25,587.5606666666666,10,25
52,256,256,400,32,41,0,-9,256,400,41,0,-9,625,9,9,787.8066666666666,16,387.8066666666666,16,25
53,625,0,0,25,25,25,25,0,0,0,-25,0,0,-25,0,150.268,25,150.268,0,0
54,625,625,0,50,25,0,25,625,0,25,0,25,0,-25,-25,460.244,25,460.244,25,0
55,121,275,0,36,11,-14,11,625,0,25,14,25,0,-11,-25,165.65666666666667,11,165.65666666666667,25,0
56,100,250,0,35,10,-15,10,625,0,25,15,25,0,-10,-25,145.656,10,145.656,25,0
57,625,0,0,25,25,25,25,0,0,0,-25,0,0,-25,0,149.888,25,149.888,0,0
58,625,0,0,25,25,25,25,0,0,0,-25,0,0,-25,0,149.66133333333335,25,149.66133333333335,0,0
59,169,0,0,13,13,13,13,0,0,0,-13,0,0,-13,0,39.022666666666666,13,39.022666666666666,0,0
60,1,25,25,26,26,-24,-24,625,625,50,24,0,625,24,0,650.0,1,25.0,25,25
61,1,25,0,26,1,-24,1,625,0,25,24,25,0,-1,-25,12.133333333333333,1,12.133333333333333,25,0
62,4,0,0,2,2,2,2,0,0,0,-2,0,0,-2,0,0.492,2,0.492,0,0
63,169,0,0,13,13,13,13,0,0,0,-13,0,0,-13,0,38.974666666666664,13,38.974666666666664,0,0
64,121,275,275,36,36,-14,-14,625,625,50,14,0,625,14,0,927.3786666666666,11,302.3786666666666,25,25
65,121,275,275,36,36,-14,-14,625,625,50,14,0,625,14,0,927.6186666666666,11,302.6186666666666,25,25
66,121,275,0,36,11,-14,11,625,0,25,14,25,0,-11,-25,164.602,11,164.602,25,0
67,100,250,0,35,10,-15,10,625,0,25,15,25,0,-10,-25,146.208,10,146.208,25,0
68,625,250,0,35,25,15,25,100,0,10,-15,10,0,-25,-10,275.292,25,275.292,10,0
69,625,250,625,35,50,15,0,100,250,35,-15,-15,625,0,15,836.3886666666667,25,586.3886666666667,10,25
70,625,225,0,34,25,16,25,81,0,9,-16,9,0,-25,-9,262.352,25,262.352,9,0
71,625,625,0,50,25,0,25,625,0,25,0,25,0,-25,-25,462.686,25,462.686,25,0
72,625,250,0,35,25,15,25,100,0,10,-15,10,0,-25,-10,274.79333333333335,25,274.79333333333335,10,0
73,625,0,0,25,25,25,25,0,0,0,-25,0,0,-25,0,149.58533333333332,25,149.58533333333332,0,0
74,1,25,0,26,1,-24,1,625,0,25,24,25,0,-1,-25,13.033333333333333,1,13.033333333333333,25,0
75,4,50,0,27,2,-23,2,625,0,25,23,25,0,-2,-25,25.237333333333332,2,25.237333333333332,25,0
76,1,12,0,13,1,-11,1,144,0,12,11,12,0,-1,-12,6.008,1,6.008,12,0
77,49,133,0,26,7,-12,7,361,0,19,12,19,0,-7,-19,76.76533333333333,7,76.76533333333333,19,0
78,1,0,25,1,26,1,-24,0,0,25,-1,-25,625,24,25,12.8,1,12.8,0,25
79,625,0,625,25,50,25,0,0,0,25,-25,-25,625,0,25,459.9293333333333,25,459.9293333333333,0,25
80,625,0,0,25,25,25,25,0,0,0,-25,0,0,-25,0,149.89866666666666,25,149.89866666666666,0,0
81,625,250,625,35,50,15,0,100,250,35,-15,-15,625,0,15,837.3726666666666,25,587.3726666666666,10,25
82,1,25,25,26,26,-24,-24,625,625,50,24,0,625,24,0,650.0,1,25.0,25,25
83,4,50,50,27,27,-23,-23,625,625,50,23,0,625,23,0,675.4866666666667,2,50.48666666666668,25,25
84,625,250,0,35,25,15,25,100,0,10,-15,10,0,-25,-10,274.392,25,274.392,10,0
85,1,0,12,1,13,1,-11,0,0,12,-1,-12,144,11,12,5.832,1,5.832,0,12
86,49,0,175,7,32,7,-18,0,0,25,-7,-25,625,18,25,99.09733333333334,7,99.09733333333334,0,25
87,625,625,625,50,50,0,0,625,625,50,0,0,625,0,0,1400.0786666666668,25,775.0786666666668,25,25
88,625,250,625,35,50,15,0,100,250,35,-15,-15,625,0,15,837.5606666666666,25,587.5606666666666,10,25
89,256,256,400,32,41,0,-9,256,400,41,0,-9,625,9,9,787.8066666666666,16,387.8066666666666,16,25
90,625,0,0,25,25,25,25,0,0,0,-25,0,0,-25,0,150.268,25,150.268,0,0
91,625,625,0,50,25,0,25,625,0,25,0,25,0,-25,-25,460.244,25,460.244,25,0
92,121,275,0,36,11,-14,11,625,0,25,14,25,0,-11,-25,165.65666666666667,11,165.65666666666667,25,0
93,100,250,0,35,10,-15,10,625,0,25,15,25,0,-10,-25,145.656,10,145.656,25,0
94,625,0,0,25,25,25,25,0,0,0,-25,0,0,-25,0,149.888,25,149.888,0,0
95,625,0,0,25,25,25,25,0,0,0,-25,0,0,-25,0,149.66133333333335,25,149.66133333333335,0,0
96,169,0,0,13,13,13,13,0,0,0,-13,0,0,-13,0,39.022666666666666,13,39.022666666666666,0,0
97,1,25,25,26,26,-24,-24,625,625,50,24,0,625,24,0,650.0,1,25.0,25,25
98,1,25,0,26,1,-24,1,625,0,25,24,25,0,-1,-25,12.133333333333333,1,12.133333333333333,25,0
99,4,0,0,2,2,2,2,0,0,0,-2,0,0,-2,0,0.492,2,0.492,0,0
100,169,0,0,13,13,13,13,0,0,0,-13,0,0,-13,0,38.974666666666664,13,38.974666666666664,0,0
101,121,275,275,36,36,-14,-14,625,625,50,14,0,625,14,0,927.3786666666666,11,302.3786666666666,25,25
102,121,275,275,36,36,-14,-14,625,625,50,14,0,625,14,0,927.6186666666666,11,302.6186666666666,25,25
103,121,275,0,36,11,-14,11,625,0,25,14,25,0,-11,-25,164.602,11,164.602,25,0
104,100,250,0,35,10,-15,10,625,0,25,15,25,0,-10,-25,146.208,10,146.208,25,0
105,625,250,0,35,25,15,25,100,0,10,-15,10,0,-25,-10,275.292,25,275.292,10,0
106,625,250,625,35,50,15,0,100,250,35,-15,-15,625,0,15,836.3886666666667,25,586.3886666666667,10,25
107,625,225,0,34,25,16,25,81,0,9,-16,9,0,-25,-9,262.352,25,262.352,9,0
108,625,625,0,50,25,0,25,625,0,25,0,25,0,-25,-25,462.686,25,462.686,25,0
109,625,250,0,35,25,15,25,100,0,10,-15,10,0,-25,-10,274.79333333333335,25,274.79333333333335,10,0
110,625,0,0,25,25,25,25,0,0,0,-25,0,0,-25,0,149.58533333333332,25,149.58533333333332,0,0
111,1,25,0,26,1,-24,1,625,0,25,24,25,0,-1,-25,13.033333333333333,1,13.033333333333333,25,0
112,4,50,0,27,2,-23,2,625,0,25,23,25,0,-2,-25,25.237333333333332,2,25.237333333333332,25,0
113,1,12,0,13,1,-11,1,144,0,12,11,12,0,-1,-12,6.008,1,6.008,12,0
114,49,133,0,26,7,-12,7,361,0,19,12,19,0,-7,-19,76.76533333333333,7,76.76533333333333,19,0
115,1,0,25,1,26,1,-24,0,0,25,-1,-25,625,24,25,12.8,1,12.8,0,25
116,625,0,625,25,50,25,0,0,0,25,-25,-25,625,0,25,459.9293333333333,25,459.9293333333333,0,25
117,625,0,0,25,25,25,25,0,0,0,-25,0,0,-25,0,149.89866666666666,25,149.89866666666666,0,0
118,625,250,625,35,50,15,0,100,250,35,-15,-15,625,0,15,837.3726666666666,25,587.3726666666666,10,25
119,1,25,25,26,26,-24,-24,625,625,50,24,0,625,24,0,650.0,1,25.0,25,25
120,4,50,50,27,27,-23,-23,625,625,50,23,0,625,23,0,675.4866666666667,2,50.48666666666668,25,25
121,625,250,0,35,25,15,25,100,0,10,-15,10,0,-25,-10,274.392,25,274.392,10,0
122,1,0,12,1,13,1,-11,0,0,12,-1,-12,144,11,12,5.832,1,5.832,0,12
123,49,0,175,7,32,7,-18,0,0,25,-7,-25,625,18,25,99.09733333333334,7,99.09733333333334,0,25
124,625,625,625,50,50,0,0,625,625,50,0,0,625,0,0,1400.0786666666668,25,775.0786666666668,25,25
125,625,250,625,35,50,15,0,100,250,35,-15,-15,625,0,15,837.5606666666666,25,587.5606666666666,10,25
126,256,256,400,32,41,0,-9,256,400,41,0,-9,625,9,9,787.8066666666666,16,387.8066666666666,16,25
127,625,0,0,25,25,25,25,0,0,0,-25,0,0,-25,0,150.268,25,150.268,0,0
128,625,625,0,50,25,0,25,625,0,25,0,25,0,-25,-25,460.244,25,460.244,25,0
129,121,275,0,36,11,-14,11,625,0,25,14,25,0,-11,-25,165.65666666666667,11,165.65666666666667,25,0
130,100,250,0,35,10,-15,10,625,0,25,15,25,0,-10,-25,145.656,10,145.656,25,0
131,625,0,0,25,25,25,25,0,0,0,-25,0,0,-25,0,149.888,25,149.888,0,0
132,625,0,0,25,25,25,25,0,0,0,-25,0,0,-25,0,149.66133333333335,25,149.66133333333335,0,0
133,169,0,0,13,13,13,13,0,0,0,-13,0,0,-13,0,39.022666666666666,13,39.022666666666666,0,0
134,1,25,25,26,26,-24,-24,625,625,50,24,0,625,24,0,650.0,1,25.0,25,25
135,1,25,0,26,1,-24,1,625,0,25,24,25,0,-1,-25,12.133333333333333,1,12.133333333333333,25,0
136,4,0,0,2,2,2,2,0,0,0,-2,0,0,-2,0,0.492,2,0.492,0,0
137,169,0,0,13,13,13,13,0,0,0,-13,0,0,-13,0,38.974666666666664,13,38.974666666666664,0,0
138,121,275,275,36,36,-14,-14,625,625,50,14,0,625,14,0,927.3786666666666,11,302.3786666666666,25,25
139,121,275,275,36,36,-14,-14,625,625,50,14,0,625,14,0,927.6186666666666,11,302.6186666666666,25,25
140,121,275,0,36,11,-14,11,625,0,25,14,25,0,-11,-25,164.602,11,164.602,25,0
141,100,250,0,35,10,-15,10,625,0,25,15,25,0,-10,-25,146.208,10,146.208,25,0
142,625,250,0,35,25,15,25,100,0,10,-15,10,0,-25,-10,275.292,25,275.292,10,0
143,625,250,625,35,50,15,0,100,250,35,-15,-15,625,0,15,836.3886666666667,25,586.3886666666667,10,25
144,625,225,0,34,25,16,25,81,0,9,-16,9,0,-25,-9,262.352,25,262.352,9,0
145,625,625,0,50,25,0,25,625,0,25,0,25,0,-25,-25,462.686,25,462.686,25,0
146,625,250,0,35,25,15,25,100,0,10,-15,10,0,-25,-10,274.79333333333335,25,274.79333333333335,10,0
147,625,0,0,25,25,25,25,0,0,0,-25,0,0,-25,0,149.58533333333332,25,149.58533333333332,0,0
148,1,25,0,26,1,-24,1,625,0,25,24,25,0,-1,-25,13.033333333333333,1,13.033333333333333,25,0
149,4,50,0,27,2,-23,2,625,0,25,23,25,0,-2,-25,25.237333333333332,2,25.237333333333332,25,0
150,1,12,0,13,1,-11,1,144,0,12,11,12,0,-1,-12,6.008,1,6.008,12,0
151,49,133,0,26,7,-12,7,361,0,19,12,19,0,-7,-19,76.76533333333333,7,76.76533333333333,19,0
152,1,0,25,1,26,1,-24,0,0,25,-1,-25,625,24,25,12.8,1,12.8,0,25
153,625,0,625,25,50,25,0,0,0,25,-25,-25,625,0,25,459.9293333333333,25,459.9293333333333,0,25
154,625,0,0,25,25,25,25,0,0,0,-25,0,0,-25,0,149.89866666666666,25,149.89866666666666,0,0
155,625,250,625,35,50,15,0,100,250,35,-15,-15,625,0,15,837.3726666666666,25,587.3726666666666,10,25
156,1,25,25,26,26,-24,-24,625,625,50,24,0,625,24,0,650.0,1,25.0,25,25
157,4,50,50,27,27,-23,-23,625,625,50,23,0,625,23,0,675.4866666666667,2,50.48666666666668,25,25
158,625,250,0,35,25,15,25,100,0,10,-15,10,0,-25,-10,274.392,25,274.392,10,0
159,1,0,12,1,13,1,-11,0,0,12,-1,-12,144,11,12,5.832,1,5.832,0,12
160,49,0,175,7,32,7,-18,0,0,25,-7,-25,625,18,25,99.09733333333334,7,99.09733333333334,0,25
161,625,625,625,50,50,0,0,625,625,50,0,0,625,0,0,1400.0786666666668,25,775.0786666666668,25,25
162,625,250,625,35,50,15,0,100,250,35,-15,-15,625,0,15,837.5606666666666,25,587.5606666666666,10,25
163,256,256,400,32,41,0,-9,256,400,41,0,-9,625,9,9,787.8066666666666,16,387.8066666666666,16,25
164,625,0,0,25,25,25,25,0,0,0,-25,0,0,-25,0,150.268,25,150.268,0,0
165,625,625,0,50,25,0,25,625,0,25,0,25,0,-25,-25,460.244,25,460.244,25,0
166,121,275,0,36,11,-14,11,625,0,25,14,25,0,-11,-25,165.65666666666667,11,165.65666666666667,25,0
167,100,250,0,35,10,-15,10,625,0,25,15,25,0,-10,-25,145.656,10,145.656,25,0
168,625,0,0,25,25,25,25,0,0,0,-25,0,0,-25,0,149.888,25,149.888,0,0
169,625,0,0,25,25,25,25,0,0,0,-25,0,0,-25,0,149.66133333333335,25,149.66133333333335,0,0
170,169,0,0,13,13,13,13,0,0,0,-13,0,0,-13,0,39.022666666666666,13,39.022666666666666,0,0
171,1,25,25,26,26,-24,-24,625,625,50,24,0,625,24,0,650.0,1,25.0,25,25
172,1,25,0,26,1,-24,1,625,0,25,24,25,0,-1,-25,12.133333333333333,1,12.133333333333333,25,0
173,4,0,0,2,2,2,2,0,0,0,-2,0,0,-2,0,0.492,2,0.492,0,0
174,169,0,0,13,13,13,13,0,0,0,-13,0,0,-13,0,38.974666666666664,13,38.974666666666664,0,0
175,121,275,275,36,36,-14,-14,625,625,50,14,0,625,14,0,927.3786666666666,11,302.3786666666666,25,25
176,121,275,275,36,36,-14,-14,625,625,50,14,0,625,14,0,927.6186666666666,11,302.6186666666666,25,25
177,121,275,0,36,11,-14,11,625,0,25,14,25,0,-11,-25,164.602,11,164.602,25,0
178,100,250,0,35,10,-15,10,625,0,25,15,25,0,-10,-25,146.208,10,146.208,25,0
179,625,250,0,35,25,15,25,100,0,10,-15,10,0,-25,-10,275.292,25,275.292,10,0
180,625,250,625,35,50,15,0,100,250,35,-15,-15,625,0,15,836.3886666666667,25,586.3886666666667,10,25
181,625,225,0,34,25,16,25,81,0,9,-16,9,0,-25,-9,262.352,25,262.352,9,0
182,625,625,0,50,25,0,25,625,0,25,0,25,0,-25,-25,462.686,25,462.686,25,0
183,625,250,0,35,25,15,25,100,0,10,-15,10,0,-25,-10,274.79333333333335,25,274.79333333333335,10,0
184,625,0,0,25,25,25,25,0,0,0,-25,0,0,-25,0,149.58533333333332,25,149.58533333333332,0,0
185,1,25,0,26,1,-24,1,625,0,25,24,25,0,-1,-25,13.033333333333333,1,13.033333333333333,25,0
186,4,50,0,27,2,-23,2,625,0,25,23,25,0,-2,-25,25.237333333333332,2,25.237333333333332,25,0
187,1,12,0,13,1,-11,1,144,0,12,11,12,0,-1,-12,6.008,1,6.008,12,0
188,49,133,0,26,7,-12,7,361,0,19,12,19,0,-7,-19,76.76533333333333,7,76.76533333333333,19,0
189,1,0,25,1,26,1,-24,0,0,25,-1,-25,625,24,25,12.8,1,12.8,0,25
190,625,0,625,25,50,25,0,0,0,25,-25,-25,625,0,25,459.9293333333333,25,459.9293333333333,0,25
191,625,0,0,25,25,25,25,0,0,0,-25,0,0,-25,0,149.89866666666666,25,149.89866666666666,0,0
192,625,250,625,35,50,15,0,100,250,35,-15,-15,625,0,15,837.3726666666666,25,587.3726666666666,10,25
193,1,25,25,26,26,-24,-24,625,625,50,24,0,625,24,0,650.0,1,25.0,25,25
194,4,50,50,27,27,-23,-23,625,625,50,23,0,625,23,0,675.4866666666667,2,50.48666666666668,25,25
195,625,250,0,35,25,15,25,100,0,10,-15,10,0,-25,-10,274.392,25,274.392,10,0
196,1,0,12,1,13,1,-11,0,0,12,-1,-12,144,11,12,5.832,1,5.832,0,12
197,49,0,175,7,32,7,-18,0,0,25,-7,-25,625,18,25,99.09733333333334,7,99.09733333333334,0,25
198,625,625,625,50,50,0,0,625,625,50,0,0,625,0,0,1400.0786666666668,25,775.0786666666668,25,25
199,625,250,625,35,50,15,0,100,250,35,-15,-15,625,0,15,837.5606666666666,25,587.5606666666666,10,25
200,256,256,400,32,41,0,-9,256,400,41,0,-9,625,9,9,787.8066666666666,16,387.8066666666666,16,25
201,625,0,0,25,25,25,25,0,0,0,-25,0,0,-25,0,150.268,25,150.268,0,0
202,625,625,0,50,25,0,25,625,0,25,0,25,0,-25,-25,460.244,25,460.244,25,0
203,121,275,0,36,11,-14,11,625,0,25,14,25,0,-11,-25,165.65666666666667,11,165.65666666666667,25,0
204,100,250,0,35,10,-15,10,625,0,25,15,25,0,-10,-25,145.656,10,145.656,25,0
205,625,0,0,25,25,25,25,0,0,0,-25,0,0,-25,0,149.888,25,149.888,0,0
206,625,0,0,25,25,25,25,0,0,0,-25,0,0,-25,0,149.66133333333335,25,149.66133333333335,0,0
207,169,0,0,13,13,13,13,0,0,0,-13,0,0,-13,0,39.022666666666666,13,39.022666666666666,0,0
208,1,25,25,26,26,-24,-24,625,625,50,24,0,625,24,0,650.0,1,25.0,25,25
209,1,25,0,26,1,-24,1,625,0,25,24,25,0,-1,-25,12.133333333333333,1,12.133333333333333,25,0
210,4,0,0,2,2,2,2,0,0,0,-2,0,0,-2,0,0.492,2,0.492,0,0
211,169,0,0,13,13,13,13,0,0,0,-13,0,0,-13,0,38.974666666666664,13,38.974666666666664,0,0
212,121,275,275,36,36,-14,-14,625,625,50,14,0,625,14,0,927.3786666666666,11,302.3786666666666,25,25
213,121,275,275,36,36,-14,-14,625,625,50,14,0,625,14,0,927.6186666666666,11,302.6186666666666,25,25
214,121,275,0,36,11,-14,11,625,0,25,14,25,0,-11,-25,164.602,11,164.602,25,0
215,100,250,0,35,10,-15,10,625,0,25,15,25,0,-10,-25,146.208,10,146.208,25,0
216,625,250,0,35,25,15,25,100,0,10,-15,10,0,-25,-10,275.292,25,275.292,10,0
217,625,250,625,35,50,15,0,100,250,35,-15,-15,625,0,15,836.3886666666667,25,586.3886666666667,10,25
218,625,225,0,34,25,16,25,81,0,9,-16,9,0,-25,-9,262.352,25,262.352,9,0
219,625,625,0,50,25,0,25,625,0,25,0,25,0,-25,-25,462.686,25,462.686,25,0
220,625,250,0,35,25,15,25,100,0,10,-15,10,0,-25,-10,274.79333333333335,25,274.79333333333335,10,0
221,625,0,0,25,25,25,25,0,0,0,-25,0,0,-25,0,149.58533333333332,25,149.58533333333332,0,0
222,1,25,0,26,1,-24,1,625,0,25,24,25,0,-1,-25,13.033333333333333,1,13.033333333333333,25,0
223,4,50,0,27,2,-23,2,625,0,25,23,25,0,-2,-25,25.237333333333332,2,25.237333333333332,25,0
224,1,12,0,13,1,-11,1,144,0,12,11,12,0,-1,-12,6.008,1,6.008,12,0
225,49,133,0,26,7,-12,7,361,0,19,12,19,0,-7,-19,76.76533333333333,7,76.76533333333333,19,0
226,1,0,25,1,26,1,-24,0,0,25,-1,-25,625,24,25,12.8,1,12.8,0,25
227,625,0,625,25,50,25,0,0,0,25,-25,-25,625,0,25,459.9293333333333,25,459.9293333333333,0,25
228,625,0,0,25,25,25,25,0,0,0,-25,0,0,-25,0,149.89866666666666,25,149.89866666666666,0,0
229,625,250,625,35,50,15,0,100,250,35,-15,-15,625,0,15,837.3726666666666,25,587.3726666666666,10,25
230,1,25,25,26,26,-24,-24,625,625,50,24,0,625,24,0,650.0,1,25.0,25,25
231,4,50,50,27,27,-23,-23,625,625,50,23,0,625,23,0,675.4866666666667,2,50.48666666666668,25,25
232,625,250,0,35,25,15,25,100,0,10,-15,10,0,-25,-10,274.392,25,274.392,10,0
233,1,0,12,1,13,1,-11,0,0,12,-1,-12,144,11,12,5.832,1,5.832,0,12
234,49,0,175,7,32,7,-18,0,0,25,-7,-25,625,18,25,99.09733333333334,7,99.09733333333334,0,25
235,625,625,625,50,50,0,0,625,625,50,0,0,625,0,0,1400.0786666666668,25,775.0786666666668,25,25
236,625,250,625,35,50,15,0,100,250,35,-15,-15,625,0,15,837.5606666666666,25,587.5606666666666,10,25
237,256,256,400,32,41,0,-9,256,400,41,0,-9,625,9,9,787.8066666666666,16,387.8066666666666,16,25
238,625,0,0,25,25,25,25,0,0,0,-25,0,0,-25,0,150.268,25,150.268,0,0
239,625,625,0,50,25,0,25,625,0,25,0,25,0,-25,-25,460.244,25,460.244,25,0
240,121,275,0,36,11,-14,11,625,0,25,14,25,0,-11,-25,165.65666666666667,11,165.65666666666667,25,0
241,100,250,0,35,10,-15,10,625,0,25,15,25,0,-10,-25,145.656,10,145.656,25,0
242,625,0,0,25,25,25,25,0,0,0,-25,0,0,-25,0,149.888,25,149.888,0,0
243,625,0,0,25,25,25,25,0,0,0,-25,0,0,-25,0,149.66133333333335,25,149.66133333333335,0,0
244,169,0,0,13,13,13,13,0,0,0,-13,0,0,-13,0,39.022666666666666,13,39.022666666666666,0,0
245,1,25,25,26,26,-24,-24,625,625,50,24,0,625,24,0,650.0,1,25.0,25,25
246,1,25,0,26,1,-24,1,625,0,25,24,25,0,-1,-25,12.133333333333333,1,12.133333333333333,25,0
247,4,0,0,2,2,2,2,0,0,0,-2,0,0,-2,0,0.492,2,0.492,0,0
248,169,0,0,13,13,13,13,0,0,0,-13,0,0,-13,0,38.974666666666664,13,38.974666666666664,0,0
249,121,275,275,36,36,-14,-14,625,625,50,14,0,625,14,0,927.3786666666666,11,302.3786666666666,25,25
250,121,275,275,36,36,-14,-14,625,625,50,14,0,625,14,0,927.6186666666666,11,302.6186666666666,25,25
251,121,275,0,36,11,-14,11,625,0,25,14,25,0,-11,-25,164.602,11,164.602,25,0
252,100,250,0,35,10,-15,10,625,0,25,15,25,0,-10,-25,146.208,10,146.208,25,0
253,625,250,0,35,25,15,25,100,0,10,-15,10,0,-25,-10,275.292,25,275.292,10,0
254,625,250,625,35,50,15,0,100,250,35,-15,-15,625,0,15,836.3886666666667,25,586.3886666666667,10,25
255,625,225,0,34,25,16,25,81,0,9,-16,9,0,-25,-9,262.352,25,262.352,9,0
256,625,625,0,50,25,0,25,625,0,25,0,25,0,-25,-25,462.686,25,462.686,25,0
257,625,250,0,35,25,15,25,100,0,10,-15,10,0,-25,-10,274.79333333333335,25,274.79333333333335,10,0
258,625,0,0,25,25,25,25,0,0,0,-25,0,0,-25,0,149.58533333333332,25,149.58533333333332,0,0
259,1,25,0,26,1,-24,1,625,0,25,24,25,0,-1,-25,13.033333333333333,1,13.033333333333333,25,0
260,4,50,0,27,2,-23,2,625,0,25,23,25,0,-2,-25,25.237333333333332,2,25.237333333333332,25,0
261,1,12,0,13,1,-11,1,144,0,12,11,12,0,-1,-12,6.008,1,6.008,12,0
262,49,133,0,26,7,-12,7,361,0,19,12,19,0,-7,-19,76.76533333333333,7,76.76533333333333,19,0
263,1,0,25,1,26,1,-24,0,0,25,-1,-25,625,24,25,12.8,1,12.8,0,25
264,625,0,625,25,50,25,0,0,0,25,-25,-25,625,0,25,459.9293333333333,25,459.9293333333333,0,25
265,625,0,0,25,25,25,25,0,0,0,-25,0,0,-25,0,149.89866666666666,25,149.89866666666666,0,0
266,625,250,625,35,50,15,0,100,250,35,-15,-15,625,0,15,837.3726666666666,25,587.3726666666666,10,25
267,1,25,25,26,26,-24,-24,625,625,50,24,0,625,24,0,650.0,1,25.0,25,25
268,4,50,50,27,27,-23,-23,625,625,50,23,0,625,23,0,675.4866666666667,2,50.48666666666668,25,25
269,625,250,0,35,25,15,25,100,0,10,-15,10,0,-25,-10,274.392,25,274.392,10,0
270,1,0,12,1,13,1,-11,0,0,12,-1,-12,144,11,12,5.832,1,5.832,0,12
271,49,0,175,7,32,7,-18,0,0,25,-7,-25,625,18,25,99.09733333333334,7,99.09733333333334,0,25
272,625,625,625,50,50,0,0,625,625,50,0,0,625,0,0,1400.0786666666668,25,775.0786666666668,25,25
273,625,250,625,35,50,15,0,100,250,35,-15,-15,625,0,15,837.5606666666666,25,587.5606666666666,10,25
274,256,256,400,32,41,0,-9,256,400,41,0,-9,625,9,9,787.8066666666666,16,387.8066666666666,16,25
275,625,0,0,25,25,25,25,0,0,0,-25,0,0,-25,0,150.268,25,150.268,0,0
276,625,625,0,50,25,0,25,625,0,25,0,25,0,-25,-25,460.244,25,460.244,25,0
277,121,275,0,36,11,-14,11,625,0,25,14,25,0,-11,-25,165.65666666666667,11,165.65666666666667,25,0
278,100,250,0,35,10,-15,10,625,0,25,15,25,0,-10,-25,145.656,10,145.656,25,0
279,625,0,0,25,25,25,25,0,0,0,-25,0,0,-25,0,149.888,25,149.888,0,0
280,625,0,0,25,25,25,25,0,0,0,-25,0,0,-25,0,149.66133333333335,25,149.66133333333335,0,0
281,169,0,0,13,13,13,13,0,0,0,-13,0,0,-13,0,39.022666666666666,13,39.022666666666666,0,0
282,1,25,25,26,26,-24,-24,625,625,50,24,0,625,24,0,650.0,1,25.0,25,25
283,1,25,0,26,1,-24,1,625,0,25,24,25,0,-1,-25,12.133333333333333,1,12.133333333333333,25,0
284,4,0,0,2,2,2,2,0,0,0,-2,0,0,-2,0,0.492,2,0.492,0,0
285,169,0,0,13,13,13,13,0,0,0,-13,0,0,-13,0,38.974666666666664,13,38.974666666666664,0,0
286,121,275,275,36,36,-14,-14,625,625,50,14,0,625,14,0,927.3786666666666,11,302.3786666666666,25,25
287,121,275,275,36,36,-14,-14,625,625,50,14,0,625,14,0,927.6186666666666,11,302.6186666666666,25,25
288,121,275,0,36,11,-14,11,625,0,25,14,25,0,-11,-25,164.602,11,164.602,25,0
289,100,250,0,35,10,-15,10,625,0,25,15,25,0,-10,-25,146.208,10,146.208,25,0
290,625,250,0,35,25,15,25,100,0,10,-15,10,0,-25,-10,275.292,25,275.292,10,0
291,625,250,625,35,50,15,0,100,250,35,-15,-15,625,0,15,836.3886666666667,25,586.3886666666667,10,25
292,625,225,0,34,25,16,25,81,0,9,-16,9,0,-25,-9,262.352,25,262.352,9,0
293,625,625,0,50,25,0,25,625,0,25,0,25,0,-25,-25,462.686,25,462.686,25,0
294,625,250,0,35,25,15,25,100,0,10,-15,10,0,-25,-10,274.79333333333335,25,274.79333333333335,10,0
295,625,0,0,25,25,25,25,0,0,0,-25,0,0,-25,0,149.58533333333332,25,149.58533333333332,0,0
296,1,25,0,26,1,-24,1,625,0,25,24,25,0,-1,-25,13.033333333333333,1,13.033333333333333,25,0
297,4,50,0,27,2,-23,2,625,0,25,23,25,0,-2,-25,25.237333333333332,2,25.237333333333332,25,0
298,1,12,0,13,1,-11,1,144,0,12,11,12,0,-1,-12,6.008,1,6.008,12,0
299,49,133,0,26,7,-12,7,361,0,19,12,19,0,-7,-19,76.76533333333333,7,76.76533333333333,19,0
300,1,0,25,1,26,1,-24,0,0,25,-1,-25,625,24,25,12.8,1,12.8,0,25
301,625,0,625,25,50,25,0,0,0,25,-25,-25,625,0,25,459.9293333333333,25,459.9293333333333,0,25
302,625,0,0,25,25,25,25,0,0,0,-25,0,0,-25,0,149.89866666666666,25,149.89866666666666,0,0
303,625,250,625,35,50,15,0,100,250,35,-15,-15,625,0,15,837.3726666666666,25,587.3726666666666,10,25
304,1,25,25,26,26,-24,-24,625,625,50,24,0,625,24,0,650.0,1,25.0,25,25
305,4,50,50,27,27,-23,-23,625,625,50,23,0,625,23,0,675.4866666666667,2,50.48666666666668,25,25
306,625,250,0,35,25,15,25,100,0,10,-15,10,0,-25,-10,274.392,25,274.392,10,0
307,1,0,12,1,13,1,-11,0,0,12,-1,-12,144,11,12,5.832,1,5.832,0,12
308,49,0,175,7,32,7,-18,0,0,25,-7,-25,625,18,25,99.09733333333334,7,99.09733333333334,0,25
309,625,625,625,50,50,0,0,625,625,50,0,0,625,0,0,1400.0786666666668,25,775.0786666666668,25,25
310,625,250,625,35,50,15,0,100,250,35,-15,-15,625,0,15,837.5606666666666,25,587.5606666666666,10,25
311,256,256,400,32,41,0,-9,256,400,41,0,-9,625,9,9,787.8066666666666,16,387.8066666666666,16,25
312,625,0,0,25,25,25,25,0,0,0,-25,0,0,-25,0,150.268,25,150.268,0,0
313,625,625,0,50,25,0,25,625,0,25,0,25,0,-25,-25,460.244,25,460.244,25,0
314,121,275,0,36,11,-14,11,625,0,25,14,25,0,-11,-25,165.65666666666667,11,165.65666666666667,25,0
315,100,250,0,35,10,-15,10,625,0,25,15,25,0,-10,-25,145.656,10,145.656,25,0
316,625,0,0,25,25,25,25,0,0,0,-25,0,0,-25,0,149.888,25,149.888,0,0
317,625,0,0,25,25,25,25,0,0,0,-25,0,0,-25,0,149.66133333333335,25,149.66133333333335,0,0
318,169,0,0,13,13,13,13,0,0,0,-13,0,0,-13,0,39.022666666666666,13,39.022666666666666,0,0
319,1,25,25,26,26,-24,-24,625,625,50,24,0,625,24,0,650.0,1,25.0,25,25
320,1,25,0,26,1,-24,1,625,0,25,24,25,0,-1,-25,12.133333333333333,1,12.133333333333333,25,0
321,4,0,0,2,2,2,2,0,0,0,-2,0,0,-2,0,0.492,2,0.492,0,0
322,169,0,0,13,13,13,13,0,0,0,-13,0,0,-13,0,38.974666666666664,13,38.974666666666664,0,0
323,121,275,275,36,36,-14,-14,625,625,50,14,0,625,14,0,927.3786666666666,11,302.3786666666666,25,25
324,121,275,275,36,36,-14,-14,625,625,50,14,0,625,14,0,927.6186666666666,11,302.6186666666666,25,25
325,121,275,0,36,11,-14,11,625,0,25,14,25,0,-11,-25,164.602,11,164.602,25,0
326,100,250,0,35,10,-15,10,625,0,25,15,25,0,-10,-25,146.208,10,146.208,25,0
327,625,250,0,35,25,15,25,100,0,10,-15,10,0,-25,-10,275.292,25,275.292,10,0
328,625,250,625,35,50,15,0,100,250,35,-15,-15,625,0,15,836.3886666666667,25,586.3886666666667,10,25
329,625,225,0,34,25,16,25,81,0,9,-16,9,0,-25,-9,262.352,25,262.352,9,0
330,625,625,0,50,25,0,25,625,0,25,0,25,0,-25,-25,462.686,25,462.686,25,0
331,625,250,0,35,25,15,25,100,0,10,-15,10,0,-25,-10,274.79333333333335,25,274.79333333333335,10,0
332,625,0,0,25,25,25,25,0,0,0,-25,0,0,-25,0,149.58533333333332,25,149.58533333333332,0,0
333,1,25,0,26,1,-24,1,625,0,25,24,25,0,-1,-25,13.033333333333333,1,13.033333333333333,25,0
334,4,50,0,27,2,-23,2,625,0,25,23,25,0,-2,-25,25.237333333333332,2,25.237333333333332,25,0
335,1,12,0,13,1,-11,1,144,0,12,11,12,0,-1,-12,6.008,1,6.008,12,0
336,49,133,0,26,7,-12,7,361,0,19,12,19,0,-7,-19,76.76533333333333,7,76.76533333333333,19,0
337,1,0,25,1,26,1,-24,0,0,25,-1,-25,625,24,25,12.8,1,12.8,0,25
338,625,0,625,25,50,25,0,0,0,25,-25,-25,625,0,25,459.9293333333333,25,459.9293333333333,0,25
339,625,0,0,25,25,25,25,0,0,0,-25,0,0,-25,0,149.89866666666666,25,149.89866666666666,0,0
340,625,250,625,35,50,15,0,100,250,35,-15,-15,625,0,15,837.3726666666666,25,587.3726666666666,10,25
341,1,25,25,26,26,-24,-24,625,625,50,24,0,625,24,0,650.0,1,25.0,25,25
342,4,50,50,27,27,-23,-23,625,625,50,23,0,625,23,0,675.4866666666667,2,50.48666666666668,25,25
343,625,250,0,35,25,15,25,100,0,10,-15,10,0,-25,-10,274.392,25,274.392,10,0
344,1,0,12,1,13,1,-11,0,0,12,-1,-12,144,11,12,5.832,1,5.832,0,12
345,49,0,175,7,32,7,-18,0,0,25,-7,-25,625,18,25,99.09733333333334,7,99.09733333333334,0,25
346,625,625,625,50,50,0,0,625,625,50,0,0,625,0,0,1400.0786666666668,25,775.0786666666668,25,25
347,625,250,625,35,50,15,0,100,250,35,-15,-15,625,0,15,837.5606666666666,25,587.5606666666666,10,25
348,256,256,400,32,41,0,-9,256,400,41,0,-9,625,9,9,787.8066666666666,16,387.8066666666666,16,25
349,625,0,0,25,25,25,25,0,0,0,-25,0,0,-25,0,150.268,25,150.268,0,0
350,625,625,0,50,25,0,25,625,0,25,0,25,0,-25,-25,460.244,25,460.244,25,0
351,121,275,0,36,11,-14,11,625,0,25,14,25,0,-11,-25,165.65666666666667,11,165.65666666666667,25,0
352,100,250,0,35,10,-15,10,625,0,25,15,25,0,-10,-25,145.656,10,145.656,25,0
353,625,0,0,25,25,25,25,0,0,0,-25,0,0,-25,0,149.888,25,149.888,0,0
354,625,0,0,25,25,25,25,0,0,0,-25,0,0,-25,0,149.66133333333335,25,149.66133333333335,0,0
355,169,0,0,13,13,13,13,0,0,0,-13,0,0,-13,0,39.022666666666666,13,39.022666666666666,0,0
356,1,25,25,26,26,-24,-24,625,625,50,24,0,625,24,0,650.0,1,25.0,25,25
357,1,25,0,26,1,-24,1,625,0,25,24,25,0,-1,-25,12.133333333333333,1,12.133333333333333,25,0
358,4,0,0,2,2,2,2,0,0,0,-2,0,0,-2,0,0.492,2,0.492,0,0
359,169,0,0,13,13,13,13,0,0,0,-13,0,0,-13,0,38.974666666666664,13,38.974666666666664,0,0
360,121,275,275,36,36,-14,-14,625,625,50,14,0,625,14,0,927.3786666666666,11,302.3786666666666,25,25
361,121,275,275,36,36,-14,-14,625,625,50,14,0,625,14,0,927.6186666666666,11,302.6186666666666,25,25
362,121,275,0,36,11,-14,11,625,0,25,14,25,0,-11,-25,164.602,11,164.602,25,0
363,100,250,0,35,10,-15,10,625,0,25,15,25,0,-10,-25,146.208,10,146.208,25,0
364,625,250,0,35,25,15,25,100,0,10,-15,10,0,-25,-10,275.292,25,275.292,10,0
365,625,250,625,35,50,15,0,100,250,35,-15,-15,625,0,15,836.3886666666667,25,586.3886666666667,10,25
366,625,225,0,34,25,16,25,81,0,9,-16,9,0,-25,-9,262.352,25,262.352,9,0
367,625,625,0,50,25,0,25,625,0,25,0,25,0,-25,-25,462.686,25,462.686,25,0
368,625,250,0,35,25,15,25,100,0,10,-15,10,0,-25,-10,274.79333333333335,25,274.79333333333335,10,0
369,625,0,0,25,25,25,25,0,0,0,-25,0,0,-25,0,149.58533333333332,25,149.58533333333332,0,0
370,1,25,0,26,1,-24,1,625,0,25,24,25,0,-1,-25,13.033333333333333,1,13.033333333333333,25,0
371,4,50,0,27,2,-23,2,625,0,25,23,25,0,-2,-25,25.237333333333332,2,25.237333333333332,25,0
372,1,12,0,13,1,-11,1,144,0,12,11,12,0,-1,-12,6.008,1,6.008,12,0
373,49,133,0,26,7,-12,7,361,0,19,12,19,0,-7,-19,76.76533333333333,7,76.76533333333333,19,0
374,1,0,25,1,26,1,-24,0,0,25,-1,-25,625,24,25,12.8,1,12.8,0,25
375,625,0,625,25,50,25,0,0,0,25,-25,-25,625,0,25,459.9293333333333,25,459.9293333333333,0,25
376,625,0,0,25,25,25,25,0,0,0,-25,0,0,-25,0,149.89866666666666,25,149.89866666666666,0,0
377,625,250,625,35,50,15,0,100,250,35,-15,-15,625,0,15,837.3726666666666,25,587.3726666666666,10,25
378,1,25,25,26,26,-24,-24,625,625,50,24,0,625,24,0,650.0,1,25.0,25,25
379,4,50,50,27,27,-23,-23,625,625,50,23,0,625,23,0,675.4866666666667,2,50.48666666666668,25,25
380,625,250,0,35,25,15,25,100,0,10,-15,10,0,-25,-10,274.392,25,274.392,10,0
381,1,0,12,1,13,1,-11,0,0,12,-1,-12,144,11,12,5.832,1,5.832,0,12
382,49,0,175,7,32,7,-18,0,0,25,-7,-25,625,18,25,99.09733333333334,7,99.09733333333334,0,25
383,625,625,625,50,50,0,0,625,625,50,0,0,625,0,0,1400.0786666666668,25,775.0786666666668,25,25
384,625,250,625,35,50,15,0,100,250,35,-15,-15,625,0,15,837.5606666666666,25,587.5606666666666,10,25
385,256,256,400,32,41,0,-9,256,400,41,0,-9,625,9,9,787.8066666666666,16,387.8066666666666,16,25
386,625,0,0,25,25,25,25,0,0,0,-25,0,0,-25,0,150.268,25,150.268,0,0
387,625,625,0,50,25,0,25,625,0,25,0,25,0,-25,-25,460.244,25,460.244,25,0
388,121,275,0,36,11,-14,11,625,0,25,14,25,0,-11,-25,165.65666666666667,11,165.65666666666667,25,0
389,100,250,0,35,10,-15,10,625,0,25,15,25,0,-10,-25,145.656,10,145.656,25,0
390,625,0,0,25,25,25,25,0,0,0,-25,0,0,-25,0,149.888,25,149.888,0,0
391,625,0,0,25,25,25,25,0,0,0,-25,0,0,-25,0,149.66133333333335,25,149.66133333333335,0,0
392,169,0,0,13,13,13,13,0,0,0,-13,0,0,-13,0,39.022666666666666,13,39.022666666666666,0,0
393,1,25,25,26,26,-24,-24,625,625,50,24,0,625,24,0,650.0,1,25.0,25,25
394,1,25,0,26,1,-24,1,625,0,25,24,25,0,-1,-25,12.133333333333333,1,12.133333333333333,25,0
395,4,0,0,2,2,2,2,0,0,0,-2,0,0,-2,0,0.492,2,0.492,0,0
396,169,0,0,13,13,13,13,0,0,0,-13,0,0,-13,0,38.974666666666664,13,38.974666666666664,0,0
397,121,275,275,36,36,-14,-14,625,625,50,14,0,625,14,0,927.3786666666666,11,302.3786666666666,25,25
398,121,275,275,36,36,-14,-14,625,625,50,14,0,625,14,0,927.6186666666666,11,302.6186666666666,25,25
399,121,275,0,36,11,-14,11,625,0,25,14,25,0,-11,-25,164.602,11,164.602,25,0
400,100,250,0,35,10,-15,10,625,0,25,15,25,0,-10,-25,146.208,10,146.208,25,0
401,625,250,0,35,25,15,25,100,0,10,-15,10,0,-25,-10,275.292,25,275.292,10,0
402,625,250,625,35,50,15,0,100,250,35,-15,-15,625,0,15,836.3886666666667,25,586.3886666666667,10,25
403,625,225,0,34,25,16,25,81,0,9,-16,9,0,-25,-9,262.352,25,262.352,9,0
404,625,625,0,50,25,0,25,625,0,25,0,25,0,-25,-25,462.686,25,462.686,25,0
405,625,250,0,35,25,15,25,100,0,10,-15,10,0,-25,-10,274.79333333333335,25,274.79333333333335,10,0
406,625,0,0,25,25,25,25,0,0,0,-25,0,0,-25,0,149.58533333333332,25,149.58533333333332,0,0
407,1,25,0,26,1,-24,1,625,0,25,24,25,0,-1,-25,13.033333333333333,1,13.033333333333333,25,0
408,4,50,0,27,2,-23,2,625,0,25,23,25,0,-2,-25,25.237333333333332,2,25.237333333333332,25,0
409,1,12,0,13,1,-11,1,144,0,12,11,12,0,-1,-12,6.008,1,6.008,12,0
410,49,133,0,26,7,-12,7,361,0,19,12,19,0,-7,-19,76.76533333333333,7,76.76533333333333,19,0
411,1,0,25,1,26,1,-24,0,0,25,-1,-25,625,24,25,12.8,1,12.8,0,25
412,625,0,625,25,50,25,0,0,0,25,-25,-25,625,0,25,459.9293333333333,25,459.9293333333333,0,25
413,625,0,0,25,25,25,25,0,0,0,-25,0,0,-25,0,149.89866666666666,25,149.89866666666666,0,0
414,625,250,625,35,50,15,0,100,250,35,-15,-15,625,0,15,837.3726666666666,25,587.3726666666666,10,25
415,1,25,25,26,26,-24,-24,625,625,50,24,0,625,24,0,650.0,1,25.0,25,25
416,4,50,50,27,27,-23,-23,625,625,50,23,0,625,23,0,675.4866666666667,2,50.48666666666668,25,25
417,625,250,0,35,25,15,25,100,0,10,-15,10,0,-25,-10,274.392,25,274.392,10,0
418,1,0,12,1,13,1,-11,0,0,12,-1,-12,144,11,12,5.832,1,5.832,0,12
419,49,0,175,7,32,7,-18,0,0,25,-7,-25,625,18,25,99.09733333333334,7,99.09733333333334,0,25
420,625,625,625,50,50,0,0,625,625,50,0,0,625,0,0,1400.0786666666668,25,775.0786666666668,25,25
421,625,250,625,35,50,15,0,100,250,35,-15,-15,625,0,15,837.5606666666666,25,587.5606666666666,10,25
422,256,256,400,32,41,0,-9,256,400,41,0,-9,625,9,9,787.8066666666666,16,387.8066666666666,16,25
423,625,0,0,25,25,25,25,0,0,0,-25,0,0,-25,0,150.268,25,150.268,0,0
424,625,625,0,50,25,0,25,625,0,25,0,25,0,-25,-25,460.244,25,460.244,25,0
425,121,275,0,36,11,-14,11,625,0,25,14,25,0,-11,-25,165.65666666666667,11,165.65666666666667,25,0
426,100,250,0,35,10,-15,10,625,0,25,15,25,0,-10,-25,145.656,10,145.656,25,0
427,625,0,0,25,25,25,25,0,0,0,-25,0,0,-25,0,149.888,25,149.888,0,0
428,625,0,0,25,25,25,25,0,0,0,-25,0,0,-25,0,149.66133333333335,25,149.66133333333335,0,0
429,169,0,0,13,13,13,13,0,0,0,-13,0,0,-13,0,39.022666666666666,13,39.022666666666666,0,0
430,1,25,25,26,26,-24,-24,625,625,50,24,0,625,24,0,650.0,1,25.0,25,25
431,1,25,0,26,1,-24,1,625,0,25,24,25,0,-1,-25,12.133333333333333,1,12.133333333333333,25,0
432,4,0,0,2,2,2,2,0,0,0,-2,0,0,-2,0,0.492,2,0.492,0,0
433,169,0,0,13,13,13,13,0,0,0,-13,0,0,-13,0,38.974666666666664,13,38.974666666666664,0,0
434,121,275,275,36,36,-14,-14,625,625,50,14,0,625,14,0,927.3786666666666,11,302.3786666666666,25,25
435,121,275,275,36,36,-14,-14,625,625,50,14,0,625,14,0,927.6186666666666,11,302.6186666666666,25,25
436,121,275,0,36,11,-14,11,625,0,25,14,25,0,-11,-25,164.602,11,164.602,25,0
437,100,250,0,35,10,-15,10,625,0,25,15,25,0,-10,-25,146.208,10,146.208,25,0
438,625,250,0,35,25,15,25,100,0,10,-15,10,0,-25,-10,275.292,25,275.292,10,0
439,625,250,625,35,50,15,0,100,250,35,-15,-15,625,0,15,836.3886666666667,25,586.3886666666667,10,25
440,625,225,0,34,25,16,25,81,0,9,-16,9,0,-25,-9,262.352,25,262.352,9,0
441,625,625,0,50,25,0,25,625,0,25,0,25,0,-25,-25,462.686,25,462.686,25,0
442,625,250,0,35,25,15,25,100,0,10,-15,10,0,-25,-10,274.79333333333335,25,274.79333333333335,10,0
443,625,0,0,25,25,25,25,0,0,0,-25,0,0,-25,0,149.58533333333332,25,149.58533333333332,0,0
444,1,25,0,26,1,-24,1,625,0,25,24,25,0,-1,-25,13.033333333333333,1,13.033333333333333,25,0
445,4,50,0,27,2,-23,2,625,0,25,23,25,0,-2,-25,25.237333333333332,2,25.237333333333332,25,0
446,1,12,0,13,1,-11,1,144,0,12,11,12,0,-1,-12,6.008,1,6.008,12,0
447,49,133,0,26,7,-12,7,361,0,19,12,19,0,-7,-19,76.76533333333333,7,76.76533333333333,19,0
448,1,0,25,1,26,1,-24,0,0,25,-1,-25,625,24,25,12.8,1,12.8,0,25
449,625,0,625,25,50,25,0,0,0,25,-25,-25,625,0,25,459.9293333333333,25,459.9293333333333,0,25
450,625,0,0,25,25,25,25,0,0,0,-25,0,0,-25,0,149.89866666666666,25,149.89866666666666,0,0
451,625,250,625,35,50,15,0,100,250,35,-15,-15,625,0,15,837.3726666666666,25,587.3726666666666,10,25
452,1,25,25,26,26,-24,-24,625,625,50,24,0,625,24,0,650.0,1,25.0,25,25
453,4,50,50,27,27,-23,-23,625,625,50,23,0,625,23,0,675.4866666666667,2,50.48666666666668,25,25
454,625,250,0,35,25,15,25,100,0,10,-15,10,0,-25,-10,274.392,25,274.392,10,0
455,1,0,12,1,13,1,-11,0,0,12,-1,-12,144,11,12,5.832,1,5.832,0,12
456,49,0,175,7,32,7,-18,0,0,25,-7,-25,625,18,25,99.09733333333334,7,99.09733333333334,0,25
457,625,625,625,50,50,0,0,625,625,50,0,0,625,0,0,1400.0786666666668,25,775.0786666666668,25,25
458,625,250,625,35,50,15,0,100,250,35,-15,-15,625,0,15,837.5606666666666,25,587.5606666666666,10,25
459,256,256,400,32,41,0,-9,256,400,41,0,-9,625,9,9,787.8066666666666,16,387.8066666666666,16,25
460,625,0,0,25,25,25,25,0,0,0,-25,0,0,-25,0,150.268,25,150.268,0,0
461,625,625,0,50,25,0,25,625,0,25,0,25,0,-25,-25,460.244,25,460.244,25,0
462,121,275,0,36,11,-14,11,625,0,25,14,25,0,-11,-25,165.65666666666667,11,165.65666666666667,25,0
463,100,250,0,35,10,-15,10,625,0,25,15,25,0,-10,-25,145.656,10,145.656,25,0
464,625,0,0,25,25,25,25,0,0,0,-25,0,0,-25,0,149.888,25,149.888,0,0
465,625,0,0,25,25,25,25,0,0,0,-25,0,0,-25,0,149.66133333333335,25,149.66133333333335,0,0
466,169,0,0,13,13,13,13,0,0,0,-13,0,0,-13,0,39.022666666666666,13,39.022666666666666,0,0
467,1,25,25,26,26,-24,-24,625,625,50,24,0,625,24,0,650.0,1,25.0,25,25
468,1,25,0,26,1,-24,1,625,0,25,24,25,0,-1,-25,12.133333333333333,1,12.133333333333333,25,0
469,4,0,0,2,2,2,2,0,0,0,-2,0,0,-2,0,0.492,2,0.492,0,0
470,169,0,0,13,13,13,13,0,0,0,-13,0,0,-13,0,38.974666666666664,13,38.974666666666664,0,0
471,121,275,275,36,36,-14,-14,625,625,50,14,0,625,14,0,927.3786666666666,11,302.3786666666666,25,25
472,121,275,275,36,36,-14,-14,625,625,50,14,0,625,14,0,927.6186666666666,11,302.6186666666666,25,25
473,121,275,0,36,11,-14,11,625,0,25,14,25,0,-11,-25,164.602,11,164.602,25,0
474,100,250,0,35,10,-15,10,625,0,25,15,25,0,-10,-25,146.208,10,146.208,25,0
475,625,250,0,35,25,15,25,100,0,10,-15,10,0,-25,-10,275.292,25,275.292,10,0
476,625,250,625,35,50,15,0,100,250,35,-15,-15,625,0,15,836.3886666666667,25,586.3886666666667,10,25
477,625,225,0,34,25,16,25,81,0,9,-16,9,0,-25,-9,262.352,25,262.352,9,0
478,625,625,0,50,25,0,25,625,0,25,0,25,0,-25,-25,462.686,25,462.686,25,0
479,625,250,0,35,25,15,25,100,0,10,-15,10,0,-25,-10,274.79333333333335,25,274.79333333333335,10,0
480,625,0,0,25,25,25,25,0,0,0,-25,0,0,-25,0,149.58533333333332,25,149.58533333333332,0,0
481,1,25,0,26,1,-24,1,625,0,25,24,25,0,-1,-25,13.033333333333333,1,13.033333333333333,25,0
482,4,50,0,27,2,-23,2,625,0,25,23,25,0,-2,-25,25.237333333333332,2,25.237333333333332,25,0
483,1,12,0,13,1,-11,1,144,0,12,11,12,0,-1,-12,6.008,1,6.008,12,0
484,49,133,0,26,7,-12,7,361,0,19,12,19,0,-7,-19,76.76533333333333,7,76.76533333333333,19,0
485,1,0,25,1,26,1,-24,0,0,25,-1,-25,625,24,25,12.8,1,12.8,0,25
486,625,0,625,25,50,25,0,0,0,25,-25,-25,625,0,25,459.9293333333333,25,459.9293333333333,0,25
487,625,0,0,25,25,25,25,0,0,0,-25,0,0,-25,0,149.89866666666666,25,149.89866666666666,0,0
488,625,250,625,35,50,15,0,100,250,35,-15,-15,625,0,15,837.3726666666666,25,587.3726666666666,10,25
489,1,25,25,26,26,-24,-24,625,625,50,24,0,625,24,0,650.0,1,25.0,25,25
490,4,50,50,27,27,-23,-23,625,625,50,23,0,625,23,0,675.4866666666667,2,50.48666666666668,25,25
491,625,250,0,35,25,15,25,100,0,10,-15,10,0,-25,-10,274.392,25,274.392,10,0
492,1,0,12,1,13,1,-11,0,0,12,-1,-12,144,11,12,5.832,1,5.832,0,12
493,49,0,175,7,32,7,-18,0,0,25,-7,-25,625,18,25,99.09733333333334,7,99.09733333333334,0,25
494,625,625,625,50,50,0,0,625,625,50,0,0,625,0,0,1400.0786666666668,25,775.0786666666668,25,25
495,625,250,625,35,50,15,0,100,250,35,-15,-15,625,0,15,837.5606666666666,25,587.5606666666666,10,25
496,256,256,400,32,41,0,-9,256,400,41,0,-9,625,9,9,787.8066666666666,16,387.8066666666666,16,25
497,625,0,0,25,25,25,25,0,0,0,-25,0,0,-25,0,150.268,25,150.268,0,0
498,625,625,0,50,25,0,25,625,0,25,0,25,0,-25,-25,460.244,25,460.244,25,0
499,121,275,0,36,11,-14,11,625,0,25,14,25,0,-11,-25,165.65666666666667,11,165.65666666666667,25,0
500,100,250,0,35,10,-15,10,625,0,25,15,25,0,-10,-25,145.656,10,145.656,25,0
501,625,0,0,25,25,25,25,0,0,0,-25,0,0,-25,0,149.888,25,149.888,0,0
502,625,0,0,25,25,25,25,0,0,0,-25,0,0,-25,0,149.66133333333335,25,149.66133333333335,0,0
503,169,0,0,13,13,13,13,0,0,0,-13,0,0,-13,0,39.022666666666666,13,39.022666666666666,0,0
504,1,25,25,26,26,-24,-24,625,625,50,24,0,625,24,0,650.0,1,25.0,25,25
505,1,25,0,26,1,-24,1,625,0,25,24,25,0,-1,-25,12.133333333333333,1,12.133333333333333,25,0
506,4,0,0,2,2,2,2,0,0,0,-2,0,0,-2,0,0.492,2,0.492,0,0
507,169,0,0,13,13,13,13,0,0,0,-13,0,0,-13,0,38.974666666666664,13,38.974666666666664,0,0
508,121,275,275,36,36,-14,-14,625,625,50,14,0,625,14,0,927.3786666666666,11,302.3786666666666,25,25
509,121,275,275,36,36,-14,-14,625,625,50,14,0,625,14,0,927.6186666666666,11,302.6186666666666,25,25
510,121,275,0,36,11,-14,11,625,0,25,14,25,0,-11,-25,164.602,11,164.602,25,0
511,100,250,0,35,10,-15,10,625,0,25,15,25,0,-10,-25,146.208,10,146.208,25,0
512,625,250,0,35,25,15,25,100,0,10,-15,10,0,-25,-10,275.292,25,275.292,10,0
513,625,250,625,35,50,15,0,100,250,35,-15,-15,625,0,15,836.3886666666667,25,586.3886666666667,10,25
514,625,225,0,34,25,16,25,81,0,9,-16,9,0,-25,-9,262.352,25,262.352,9,0
515,625,625,0,50,25,0,25,625,0,25,0,25,0,-25,-25,462.686,25,462.686,25,0
516,625,250,0,35,25,15,25,100,0,10,-15,10,0,-25,-10,274.79333333333335,25,274.79333333333335,10,0
517,625,0,0,25,25,25,25,0,0,0,-25,0,0,-25,0,149.58533333333332,25,149.58533333333332,0,0
518,1,25,0,26,1,-24,1,625,0,25,24,25,0,-1,-25,13.033333333333333,1,13.033333333333333,25,0
519,4,50,0,27,2,-23,2,625,0,25,23,25,0,-2,-25,25.237333333333332,2,25.237333333333332,25,0
520,1,12,0,13,1,-11,1,144,0,12,11,12,0,-1,-12,6.008,1,6.008,12,0
521,49,133,0,26,7,-12,7,361,0,19,12,19,0,-7,-19,76.76533333333333,7,76.76533333333333,19,0
522,1,0,25,1,26,1,-24,0,0,25,-1,-25,625,24,25,12.8,1,12.8,0,25
523,625,0,625,25,50,25,0,0,0,25,-25,-25,625,0,25,459.9293333333333,25,459.9293333333333,0,25
524,625,0,0,25,25,25,25,0,0,0,-25,0,0,-25,0,149.89866666666666,25,149.89866666666666,0,0
525,625,250,625,35,50,15,0,100,250,35,-15,-15,625,0,15,837.3726666666666,25,587.3726666666666,10,25
526,1,25,25,26,26,-24,-24,625,625,50,24,0,625,24,0,650.0,1,25.0,25,25
527,4,50,50,27,27,-23,-23,625,625,50,23,0,625,23,0,675.4866666666667,2,50.48666666666668,25,25
528,625,250,0,35,25,15,25,100,0,10,-15,10,0,-25,-10,274.392,25,274.392,10,0
529,1,0,12,1,13,1,-11,0,0,12,-1,-12,144,11,12,5.832,1,5.832,0,12
530,49,0,175,7,32,7,-18,0,0,25,-7,-25,625,18,25,99.09733333333334,7,99.09733333333334,0,25
531,625,625,625,50,50,0,0,625,625,50,0,0,625,0,0,1400.0786666666668,25,775.0786666666668,25,25
532,625,250,625,35,50,15,0,100,250,35,-15,-15,625,0,15,837.5606666666666,25,587.5606666666666,10,25
533,256,256,400,32,41,0,-9,256,400,41,0,-9,625,9,9,787.8066666666666,16,387.8066666666666,16,25
534,625,0,0,25,25,25,25,0,0,0,-25,0,0,-25,0,150.268,25,150.268,0,0
535,625,625,0,50,25,0,25,625,0,25,0,25,0,-25,-25,460.244,25,460.244,25,0
536,121,275,0,36,11,-14,11,625,0,25,14,25,0,-11,-25,165.65666666666667,11,165.65666666666667,25,0
537,100,250,0,35,10,-15,10,625,0,25,15,25,0,-10,-25,145.656,10,145.656,25,0
538,625,0,0,25,25,25,25,0,0,0,-25,0,0,-25,0,149.888,25,149.888,0,0
539,625,0,0,25,25,25,25,0,0,0,-25,0,0,-25,0,149.66133333333335,25,149.66133333333335,0,0
540,169,0,0,13,13,13,13,0,0,0,-13,0,0,-13,0,39.022666666666666,13,39.022666666666666,0,0
541,1,25,25,26,26,-24,-24,625,625,50,24,0,625,24,0,650.0,1,25.0,25,25
542,1,25,0,26,1,-24,1,625,0,25,24,25,0,-1,-25,12.133333333333333,1,12.133333333333333,25,0
543,4,0,0,2,2,2,2,0,0,0,-2,0,0,-2,0,0.492,2,0.492,0,0
544,169,0,0,13,13,13,13,0,0,0,-13,0,0,-13,0,38.974666666666664,13,38.974666666666664,0,0
545,121,275,275,36,36,-14,-14,625,625,50,14,0,625,14,0,927.3786666666666,11,302.3786666666666,25,25
546,121,275,275,36,36,-14,-14,625,625,50,14,0,625,14,0,927.6186666666666,11,302.6186666666666,25,25
547,121,275,0,36,11,-14,11,625,0,25,14,25,0,-11,-25,164.602,11,164.602,25,0
548,100,250,0,35,10,-15,10,625,0,25,15,25,0,-10,-25,146.208,10,146.208,25,0
549,625,250,0,35,25,15,25,100,0,10,-15,10,0,-25,-10,275.292,25,275.292,10,0
550,625,250,625,35,50,15,0,100,250,35,-15,-15,625,0,15,836.3886666666667,25,586.3886666666667,10,25
551,625,225,0,34,25,16,25,81,0,9,-16,9,0,-25,-9,262.352,25,262.352,9,0
552,625,625,0,50,25,0,25,625,0,25,0,25,0,-25,-25,462.686,25,462.686,25,0
553,625,250,0,35,25,15,25,100,0,10,-15,10,0,-25,-10,274.79333333333335,25,274.79333333333335,10,0
554,625,0,0,25,25,25,25,0,0,0,-25,0,0,-25,0,149.58533333333332,25,149.58533333333332,0,0
555,1,25,0,26,1,-24,1,625,0,25,24,25,0,-1,-25,13.033333333333333,1,13.033333333333333,25,0
556,4,50,0,27,2,-23,2,625,0,25,23,25,0,-2,-25,25.237333333333332,2,25.237333333333332,25,0
557,1,12,0,13,1,-11,1,144,0,12,11,12,0,-1,-12,6.008,1,6.008,12,0
558,49,133,0,26,7,-12,7,361,0,19,12,19,0,-7,-19,76.76533333333333,7,76.76533333333333,19,0
559,1,0,25,1,26,1,-24,0,0,25,-1,-25,625,24,25,12.8,1,12.8,0,25
560,625,0,625,25,50,25,0,0,0,25,-25,-25,625,0,25,459.9293333333333,25,459.9293333333333,0,25
561,625,0,0,25,25,25,25,0,0,0,-25,0,0,-25,0,149.89866666666666,25,149.89866666666666,0,0
562,625,250,625,35,50,15,0,100,250,35,-15,-15,625,0,15,837.3726666666666,25,587.3726666666666,10,25
563,1,25,25,26,26,-24,-24,625,625,50,24,0,625,24,0,650.0,1,25.0,25,25
564,4,50,50,27,27,-23,-23,625,625,50,23,0,625,23,0,675.4866666666667,2,50.48666666666668,25,25
565,625,250,0,35,25,15,25,100,0,10,-15,10,0,-25,-10,274.392,25,274.392,10,0
566,1,0,12,1,13,1,-11,0,0,12,-1,-12,144,11,12,5.832,1,5.832,0,12
567,49,0,175,7,32,7,-18,0,0,25,-7,-25,625,18,25,99.09733333333334,7,99.09733333333334,0,25
568,625,625,625,50,50,0,0,625,625,50,0,0,625,0,0,1400.0786666666668,25,775.0786666666668,25,25
569,625,250,625,35,50,15,0,100,250,35,-15,-15,625,0,15,837.5606666666666,25,587.5606666666666,10,25
570,256,256,400,32,41,0,-9,256,400,41,0,-9,625,9,9,787.8066666666666,16,387.8066666666666,16,25
571,625,0,0,25,25,25,25,0,0,0,-25,0,0,-25,0,150.268,25,150.268,0,0
572,625,625,0,50,25,0,25,625,0,25,0,25,0,-25,-25,460.244,25,460.244,25,0
573,121,275,0,36,11,-14,11,625,0,25,14,25,0,-11,-25,165.65666666666667,11,165.65666666666667,25,0
574,100,250,0,35,10,-15,10,625,0,25,15,25,0,-10,-25,145.656,10,145.656,25,0
575,625,0,0,25,25,25,25,0,0,0,-25,0,0,-25,0,149.888,25,149.888,0,0
576,625,0,0,25,25,25,25,0,0,0,-25,0,0,-25,0,149.66133333333335,25,149.66133333333335,0,0
577,169,0,0,13,13,13,13,0,0,0,-13,0,0,-13,0,39.022666666666666,13,39.022666666666666,0,0
578,1,25,25,26,26,-24,-24,625,625,50,24,0,625,24,0,650.0,1,25.0,25,25
579,1,25,0,26,1,-24,1,625,0,25,24,25,0,-1,-25,12.133333333333333,1,12.133333333333333,25,0
580,4,0,0,2,2,2,2,0,0,0,-2,0,0,-2,0,0.492,2,0.492,0,0
581,169,0,0,13,13,13,13,0,0,0,-13,0,0,-13,0,38.974666666666664,13,38.974666666666664,0,0
582,121,275,275,36,36,-14,-14,625,625,50,14,0,625,14,0,927.3786666666666,11,302.3786666666666,25,25
583,121,275,275,36,36,-14,-14,625,625,50,14,0,625,14,0,927.6186666666666,11,302.6186666666666,25,25
584,121,275,0,36,11,-14,11,625,0,25,14,25,0,-11,-25,164.602,11,164.602,25,0
585,100,250,0,35,10,-15,10,625,0,25,15,25,0,-10,-25,146.208,10,146.208,25,0
586,625,250,0,35,25,15,25,100,0,10,-15,10,0,-25,-10,275.292,25,275.292,10,0
587,625,250,625,35,50,15,0,100,250,35,-15,-15,625,0,15,836.3886666666667,25,586.3886666666667,10,25
588,625,225,0,34,25,16,25,81,0,9,-16,9,0,-25,-9,262.352,25,262.352,9,0
589,625,625,0,50,25,0,25,625,0,25,0,25,0,-25,-25,462.686,25,462.686,25,0
590,625,250,0,35,25,15,25,100,0,10,-15,10,0,-25,-10,274.79333333333335,25,274.79333333333335,10,0
591,625,0,0,25,25,25,25,0,0,0,-25,0,0,-25,0,149.58533333333332,25,149.58533333333332,0,0
592,1,25,0,26,1,-24,1,625,0,25,24,25,0,-1,-25,13.033333333333333,1,13.033333333333333,25,0
593,4,50,0,27,2,-23,2,625,0,25,23,25,0,-2,-25,25.237333333333332,2,25.237333333333332,25,0
594,1,12,0,13,1,-11,1,144,0,12,11,12,0,-1,-12,6.008,1,6.008,12,0
595,49,133,0,26,7,-12,7,361,0,19,12,19,0,-7,-19,76.76533333333333,7,76.76533333333333,19,0
596,1,0,25,1,26,1,-24,0,0,25,-1,-25,625,24,25,12.8,1,12.8,0,25
597,625,0,625,25,50,25,0,0,0,25,-25,-25,625,0,25,459.9293333333333,25,459.9293333333333,0,25
598,625,0,0,25,25,25,25,0,0,0,-25,0,0,-25,0,149.89866666666666,25,149.89866666666666,0,0
599,625,250,625,35,50,15,0,100,250,35,-15,-15,625,0,15,837.3726666666666,25,587.3726666666666,10,25
600,1,25,25,26,26,-24,-24,625,625,50,24,0,625,24,0,650.0,1,25.0,25,25
601,4,50,50,27,27,-23,-23,625,625,50,23,0,625,23,0,675.4866666666667,2,50.48666666666668,25,25
602,625,250,0,35,25,15,25,100,0,10,-15,10,0,-25,-10,274.392,25,274.392,10,0
603,1,0,12,1,13,1,-11,0,0,12,-1,-12,144,11,12,5.832,1,5.832,0,12
604,49,0,175,7,32,7,-18,0,0,25,-7,-25,625,18,25,99.09733333333334,7,99.09733333333334,0,25
605,625,625,625,50,50,0,0,625,625,50,0,0,625,0,0,1400.0786666666668,25,775.0786666666668,25,25
606,625,250,625,35,50,15,0,100,250,35,-15,-15,625,0,15,837.5606666666666,25,587.5606666666666,10,25
607,256,256,400,32,41,0,-9,256,400,41,0,-9,625,9,9,787.8066666666666,16,387.8066666666666,16,25
608,625,0,0,25,25,25,25,0,0,0,-25,0,0,-25,0,150.268,25,150.268,0,0
609,625,625,0,50,25,0,25,625,0,25,0,25,0,-25,-25,460.244,25,460.244,25,0
610,121,275,0,36,11,-14,11,625,0,25,14,25,0,-11,-25,165.65666666666667,11,165.65666666666667,25,0
611,100,250,0,35,10,-15,10,625,0,25,15,25,0,-10,-25,145.656,10,145.656,25,0
612,625,0,0,25,25,25,25,0,0,0,-25,0,0,-25,0,149.888,25,149.888,0,0
613,625,0,0,25,25,25,25,0,0,0,-25,0,0,-25,0,149.66133333333335,25,149.66133333333335,0,0
614,169,0,0,13,13,13,13,0,0,0,-13,0,0,-13,0,39.022666666666666,13,39.022666666666666,0,0
615,1,25,25,26,26,-24,-24,625,625,50,24,0,625,24,0,650.0,1,25.0,25,25
616,1,25,0,26,1,-24,1,625,0,25,24,25,0,-1,-25,12.133333333333333,1,12.133333333333333,25,0
617,4,0,0,2,2,2,2,0,0,0,-2,0,0,-2,0,0.492,2,0.492,0,0
618,169,0,0,13,13,13,13,0,0,0,-13,0,0,-13,0,38.974666666666664,13,38.974666666666664,0,0
619,121,275,275,36,36,-14,-14,625,625,50,14,0,625,14,0,927.3786666666666,11,302.3786666666666,25,25
620,121,275,275,36,36,-14,-14,625,625,50,14,0,625,14,0,927.6186666666666,11,302.6186666666666,25,25
621,121,275,0,36,11,-14,11,625,0,25,14,25,0,-11,-25,164.602,11,164.602,25,0
622,100,250,0,35,10,-15,10,625,0,25,15,25,0,-10,-25,146.208,10,146.208,25,0
623,625,250,0,35,25,15,25,100,0,10,-15,10,0,-25,-10,275.292,25,275.292,10,0
624,625,250,625,35,50,15,0,100,250,35,-15,-15,625,0,15,836.3886666666667,25,586.3886666666667,10,25
625,625,225,0,34,25,16,25,81,0,9,-16,9,0,-25,-9,262.352,25,262.352,9,0
626,625,625,0,50,25,0,25,625,0,25,0,25,0,-25,-25,462.686,25,462.686,25,0
627,625,250,0,35,25,15,25,100,0,10,-15,10,0,-25,-10,274.79333333333335,25,274.79333333333335,10,0
628,625,0,0,25,25,25,25,0,0,0,-25,0,0,-25,0,149.58533333333332,25,149.58533333333332,0,0
629,1,25,0,26,1,-24,1,625,0,25,24,25,0,-1,-25,13.033333333333333,1,13.033333333333333,25,0
630,4,50,0,27,2,-23,2,625,0,25,23,25,0,-2,-25,25.237333333333332,2,25.237333333333332,25,0
631,1,12,0,13,1,-11,1,144,0,12,11,12,0,-1,-12,6.008,1,6.008,12,0
632,49,133,0,26,7,-12,7,361,0,19,12,19,0,-7,-19,76.76533333333333,7,76.76533333333333,19,0
633,1,0,25,1,26,1,-24,0,0,25,-1,-25,625,24,25,12.8,1,12.8,0,25
634,625,0,625,25,50,25,0,0,0,25,-25,-25,625,0,25,459.9293333333333,25,459.9293333333333,0,25
635,625,0,0,25,25,25,25,0,0,0,-25,0,0,-25,0,149.89866666666666,25,149.89866666666666,0,0
636,625,250,625,35,50,15,0,100,250,35,-15,-15,625,0,15,837.3726666666666,25,587.3726666666666,10,25
637,1,25,25,26,26,-24,-24,625,625,50,24,0,625,24,0,650.0,1,25.0,25,25
638,4,50,50,27,27,-23,-23,625,625,50,23,0,625,23,0,675.4866666666667,2,50.48666666666668,25,25
639,625,250,0,35,25,15,25,100,0,10,-15,10,0,-25,-10,274.392,25,274.392,10,0
640,1,0,12,1,13,1,-11,0,0,12,-1,-12,144,11,12,5.832,1,5.832,0,12
641,49,0,175,7,32,7,-18,0,0,25,-7,-25,625,18,25,99.09733333333334,7,99.09733333333334,0,25
642,625,625,625,50,50,0,0,625,625,50,0,0,625,0,0,1400.0786666666668,25,775.0786666666668,25,25
643,625,250,625,35,50,15,0,100,250,35,-15,-15,625,0,15,837.5606666666666,25,587.5606666666666,10,25
644,256,256,400,32,41,0,-9,256,400,41,0,-9,625,9,9,787.8066666666666,16,387.8066666666666,16,25
645,625,0,0,25,25,25,25,0,0,0,-25,0,0,-25,0,150.268,25,150.268,0,0
646,625,625,0,50,25,0,25,625,0,25,0,25,0,-25,-25,460.244,25,460.244,25,0
647,121,275,0,36,11,-14,11,625,0,25,14,25,0,-11,-25,165.65666666666667,11,165.65666666666667,25,0
648,100,250,0,35,10,-15,10,625,0,25,15,25,0,-10,-25,145.656,10,145.656,25,0
649,625,0,0,25,25,25,25,0,0,0,-25,0,0,-25,0,149.888,25,149.888,0,0
650,625,0,0,25,25,25,25,0,0,0,-25,0,0,-25,0,149.66133333333335,25,149.66133333333335,0,0
651,169,0,0,13,13,13,13,0,0,0,-13,0,0,-13,0,39.022666666666666,13,39.022666666666666,0,0
652,1,25,25,26,26,-24,-24,625,625,50,24,0,625,24,0,650.0,1,25.0,25,25
653,1,25,0,26,1,-24,1,625,0,25,24,25,0,-1,-25,12.133333333333333,1,12.133333333333333,25,0
654,4,0,0,2,2,2,2,0,0,0,-2,0,0,-2,0,0.492,2,0.492,0,0
655,169,0,0,13,13,13,13,0,0,0,-13,0,0,-13,0,38.974666666666664,13,38.974666666666664,0,0
656,121,275,275,36,36,-14,-14,625,625,50,14,0,625,14,0,927.3786666666666,11,302.3786666666666,25,25
657,121,275,275,36,36,-14,-14,625,625,50,14,0,625,14,0,927.6186666666666,11,302.6186666666666,25,25
658,121,275,0,36,11,-14,11,625,0,25,14,25,0,-11,-25,164.602,11,164.602,25,0
659,100,250,0,35,10,-15,10,625,0,25,15,25,0,-10,-25,146.208,10,146.208,25,0
660,625,250,0,35,25,15,25,100,0,10,-15,10,0,-25,-10,275.292,25,275.292,10,0
661,625,250,625,35,50,15,0,100,250,35,-15,-15,625,0,15,836.3886666666667,25,586.3886666666667,10,25
662,625,225,0,34,25,16,25,81,0,9,-16,9,0,-25,-9,262.352,25,262.352,9,0
663,625,625,0,50,25,0,25,625,0,25,0,25,0,-25,-25,462.686,25,462.686,25,0
664,625,250,0,35,25,15,25,100,0,10,-15,10,0,-25,-10,274.79333333333335,25,274.79333333333335,10,0
665,625,0,0,25,25,25,25,0,0,0,-25,0,0,-25,0,149.58533333333332,25,149.58533333333332,0,0
666,1,25,0,26,1,-24,1,625,0,25,24,25,0,-1,-25,13.033333333333333,1,13.033333333333333,25,0
667,4,50,0,27,2,-23,2,625,0,25,23,25,0,-2,-25,25.237333333333332,2,25.237333333333332,25,0
668,1,12,0,13,1,-11,1,144,0,12,11,12,0,-1,-12,6.008,1,6.008,12,0
669,49,133,0,26,7,-12,7,361,0,19,12,19,0,-7,-19,76.76533333333333,7,76.76533333333333,19,0
670,1,0,25,1,26,1,-24,0,0,25,-1,-25,625,24,25,12.8,1,12.8,0,25
671,625,0,625,25,50,25,0,0,0,25,-25,-25,625,0,25,459.9293333333333,25,459.9293333333333,0,25
672,625,0,0,25,25,25,25,0,0,0,-25,0,0,-25,0,149.89866666666666,25,149.89866666666666,0,0
673,625,250,625,35,50,15,0,100,250,35,-15,-15,625,0,15,837.3726666666666,25,587.3726666666666,10,25
674,1,25,25,26,26,-24,-24,625,625,50,24,0,625,24,0,650.0,1,25.0,25,25
675,4,50,50,27,27,-23,-23,625,625,50,23,0,625,23,0,675.4866666666667,2,50.48666666666668,25,25
676,625,250,0,35,25,15,25,100,0,10,-15,10,0,-25,-10,274.392,25,274.392,10,0
677,1,0,12,1,13,1,-11,0,0,12,-1,-12,144,11,12,5.832,1,5.832,0,12
678,49,0,175,7,32,7,-18,0,0,25,-7,-25,625,18,25,99.09733333333334,7,99.09733333333334,0,25
679,625,625,625,50,50,0,0,625,625,50,0,0,625,0,0,1400.0786666666668,25,775.0786666666668,25,25
680,625,250,625,35,50,15,0,100,250,35,-15,-15,625,0,15,837.5606666666666,25,587.5606666666666,10,25
681,256,256,400,32,41,0,-9,256,400,41,0,-9,625,9,9,787.8066666666666,16,387.8066666666666,16,25
682,625,0,0,25,25,25,25,0,0,0,-25,0,0,-25,0,150.268,25,150.268,0,0
683,625,625,0,50,25,0,25,625,0,25,0,25,0,-25,-25,460.244,25,460.244,25,0
684,121,275,0,36,11,-14,11,625,0,25,14,25,0,-11,-25,165.65666666666667,11,165.65666666666667,25,0
685,100,250,0,35,10,-15,10,625,0,25,15,25,0,-10,-25,145.656,10,145.656,25,0
686,625,0,0,25,25,25,25,0,0,0,-25,0,0,-25,0,149.888,25,149.888,0,0
687,625,0,0,25,25,25,25,0,0,0,-25,0,0,-25,0,149.66133333333335,25,149.66133333333335,0,0
688,169,0,0,13,13,13,13,0,0,0,-13,0,0,-13,0,39.022666666666666,13,39.022666666666666,0,0
689,1,25,25,26,26,-24,-24,625,625,50,24,0,625,24,0,650.0,1,25.0,25,25
690,1,25,0,26,1,-24,1,625,0,25,24,25,0,-1,-25,12.133333333333333,1,12.133333333333333,25,0
691,4,0,0,2,2,2,2,0,0,0,-2,0,0,-2,0,0.492,2,0.492,0,0
692,169,0,0,13,13,13,13,0,0,0,-13,0,0,-13,0,38.974666666666664,13,38.974666666666664,0,0
693,121,275,275,36,36,-14,-14,625,625,50,14,0,625,14,0,927.3786666666666,11,302.3786666666666,25,25
694,121,275,275,36,36,-14,-14,625,625,50,14,0,625,14,0,927.6186666666666,11,302.6186666666666,25,25
695,121,275,0,36,11,-14,11,625,0,25,14,25,0,-11,-25,164.602,11,164.602,25,0
696,100,250,0,35,10,-15,10,625,0,25,15,25,0,-10,-25,146.208,10,146.208,25,0
697,625,250,0,35,25,15,25,100,0,10,-15,10,0,-25,-10,275.292,25,275.292,10,0
698,625,250,625,35,50,15,0,100,250,35,-15,-15,625,0,15,836.3886666666667,25,586.3886666666667,10,25
699,625,225,0,34,25,16,25,81,0,9,-16,9,0,-25,-9,262.352,25,262.352,9,0
700,625,625,0,50,25,0,25,625,0,25,0,25,0,-25,-25,462.686,25,462.686,25,0
701,625,250,0,35,25,15,25,100,0,10,-15,10,0,-25,-10,274.79333333333335,25,274.79333333333335,10,0
702,625,0,0,25,25,25,25,0,0,0,-25,0,0,-25,0,149.58533333333332,25,149.58533333333332,0,0
703,1,25,0,26,1,-24,1,625,0,25,24,25,0,-1,-25,13.033333333333333,1,13.033333333333333,25,0
704,4,50,0,27,2,-23,2,625,0,25,23,25,0,-2,-25,25.237333333333332,2,25.237333333333332,25,0
705,1,12,0,13,1,-11,1,144,0,12,11,12,0,-1,-12,6.008,1,6.008,12,0
706,49,133,0,26,7,-12,7,361,0,19,12,19,0,-7,-19,76.76533333333333,7,76.76533333333333,19,0
707,1,0,25,1,26,1,-24,0,0,25,-1,-25,625,24,25,12.8,1,12.8,0,25
708,625,0,625,25,50,25,0,0,0,25,-25,-25,625,0,25,459.9293333333333,25,459.9293333333333,0,25
709,625,0,0,25,25,25,25,0,0,0,-25,0,0,-25,0,149.89866666666666,25,149.89866666666666,0,0
710,625,250,625,35,50,15,0,100,250,35,-15,-15,625,0,15,837.3726666666666,25,587.3726666666666,10,25
711,1,25,25,26,26,-24,-24,625,625,50,24,0,625,24,0,650.0,1,25.0,25,25
712,4,50,50,27,27,-23,-23,625,625,50,23,0,625,23,0,675.4866666666667,2,50.48666666666668,25,25
713,625,250,0,35,25,15,25,100,0,10,-15,10,0,-25,-10,274.392,25,274.392,10,0
714,1,0,12,1,13,1,-11,0,0,12,-1,-12,144,11,12,5.832,1,5.832,0,12
715,49,0,175,7,32,7,-18,0,0,25,-7,-25,625,18,25,99.09733333333334,7,99.09733333333334,0,25
716,625,625,625,50,50,0,0,625,625,50,0,0,625,0,0,1400.0786666666668,25,775.0786666666668,25,25
717,625,250,625,35,50,15,0,100,250,35,-15,-15,625,0,15,837.5606666666666,25,587.5606666666666,10,25
718,256,256,400,32,41,0,-9,256,400,41,0,-9,625,9,9,787.8066666666666,16,387.8066666666666,16,25
719,625,0,0,25,25,25,25,0,0,0,-25,0,0,-25,0,150.268,25,150.268,0,0
720,625,625,0,50,25,0,25,625,0,25,0,25,0,-25,-25,460.244,25,460.244,25,0
721,121,275,0,36,11,-14,11,625,0,25,14,25,0,-11,-25,165.65666666666667,11,165.65666666666667,25,0
722,100,250,0,35,10,-15,10,625,0,25,15,25,0,-10,-25,145.656,10,145.656,25,0
723,625,0,0,25,25,25,25,0,0,0,-25,0,0,-25,0,149.888,25,149.888,0,0
724,625,0,0,25,25,25,25,0,0,0,-25,0,0,-25,0,149.66133333333335,25,149.66133333333335,0,0
725,169,0,0,13,13,13,13,0,0,0,-13,0,0,-13,0,39.022666666666666,13,39.022666666666666,0,0
726,1,25,25,26,26,-24,-24,625,625,50,24,0,625,24,0,650.0,1,25.0,25,25
727,1,25,0,26,1,-24,1,625,0,25,24,25,0,-1,-25,12.133333333333333,1,12.133333333333333,25,0
728,4,0,0,2,2,2,2,0,0,0,-2,0,0,-2,0,0.492,2,0.492,0,0
729,169,0,0,13,13,13,13,0,0,0,-13,0,0,-13,0,38.974666666666664,13,38.974666666666664,0,0
730,121,275,275,36,36,-14,-14,625,625,50,14,0,625,14,0,927.3786666666666,11,302.3786666666666,25,25
731,121,275,275,36,36,-14,-14,625,625,50,14,0,625,14,0,927.6186666666666,11,302.6186666666666,25,25
732,121,275,0,36,11,-14,11,625,0,25,14,25,0,-11,-25,164.602,11,164.602,25,0
733,100,250,0,35,10,-15,10,625,0,25,15,25,0,-10,-25,146.208,10,146.208,25,0
734,625,250,0,35,25,15,25,100,0,10,-15,10,0,-25,-10,275.292,25,275.292,10,0
735,625,250,625,35,50,15,0,100,250,35,-15,-15,625,0,15,836.3886666666667,25,586.3886666666667,10,25
736,625,225,0,34,25,16,25,81,0,9,-16,9,0,-25,-9,262.352,25,262.352,9,0
737,625,625,0,50,25,0,25,625,0,25,0,25,0,-25,-25,462.686,25,462.686,25,0
738,625,250,0,35,25,15,25,100,0,10,-15,10,0,-25,-10,274.79333333333335,25,274.79333333333335,10,0
739,625,0,0,25,25,25,25,0,0,0,-25,0,0,-25,0,149.58533333333332,25,149.58533333333332,0,0
740,1,25,0,26,1,-24,1,625,0,25,24,25,0,-1,-25,13.033333333333333,1,13.033333333333333,25,0
741,4,50,0,27,2,-23,2,625,0,25,23,25,0,-2,-25,25.237333333333332,2,25.237333333333332,25,0
742,1,12,0,13,1,-11,1,144,0,12,11,12,0,-1,-12,6.008,1,6.008,12,0
743,49,133,0,26,7,-12,7,361,0,19,12,19,0,-7,-19,76.76533333333333,7,76.76533333333333,19,0
744,1,0,25,1,26,1,-24,0,0,25,-1,-25,625,24,25,12.8,1,12.8,0,25
745,625,0,625,25,50,25,0,0,0,25,-25,-25,625,0,25,459.9293333333333,25,459.9293333333333,0,25
746,625,0,0,25,25,25,25,0,0,0,-25,0,0,-25,0,149.89866666666666,25,149.89866666666666,0,0
747,625,250,625,35,50,15,0,100,250,35,-15,-15,625,0,15,837.3726666666666,25,587.3726666666666,10,25
748,1,25,25,26,26,-24,-24,625,625,50,24,0,625,24,0,650.0,1,25.0,25,25
749,4,50,50,27,27,-23,-23,625,625,50,23,0,625,23,0,675.4866666666667,2,50.48666666666668,25,25
750,625,250,0,35,25,15,25,100,0,10,-15,10,0,-25,-10,274.392,25,274.392,10,0
751,1,0,12,1,13,1,-11,0,0,12,-1,-12,144,11,12,5.832,1,5.832,0,12
752,49,0,175,7,32,7,-18,0,0,25,-7,-25,625,18,25,99.09733333333334,7,99.09733333333334,0,25
753,625,625,625,50,50,0,0,625,625,50,0,0,625,0,0,1400.0786666666668,25,775.0786666666668,25,25
754,625,250,625,35,50,15,0,100,250,35,-15,-15,625,0,15,837.5606666666666,25,587.5606666666666,10,25
755,256,256,400,32,41,0,-9,256,400,41,0,-9,625,9,9,787.8066666666666,16,387.8066666666666,16,25
756,625,0,0,25,25,25,25,0,0,0,-25,0,0,-25,0,150.268,25,150.268,0,0
757,625,625,0,50,25,0,25,625,0,25,0,25,0,-25,-25,460.244,25,460.244,25,0
758,121,275,0,36,11,-14,11,625,0,25,14,25,0,-11,-25,165.65666666666667,11,165.65666666666667,25,0
759,100,250,0,35,10,-15,10,625,0,25,15,25,0,-10,-25,145.656,10,145.656,25,0
760,625,0,0,25,25,25,25,0,0,0,-25,0,0,-25,0,149.888,25,149.888,0,0
761,625,0,0,25,25,25,25,0,0,0,-25,0,0,-25,0,149.66133333333335,25,149.66133333333335,0,0
762,169,0,0,13,13,13,13,0,0,0,-13,0,0,-13,0,39.022666666666666,13,39.022666666666666,0,0
763,1,25,25,26,26,-24,-24,625,625,50,24,0,625,24,0,650.0,1,25.0,25,25
764,1,25,0,26,1,-24,1,625,0,25,24,25,0,-1,-25,12.133333333333333,1,12.133333333333333,25,0
765,4,0,0,2,2,2,2,0,0,0,-2,0,0,-2,0,0.492,2,0.492,0,0
766,169,0,0,13,13,13,13,0,0,0,-13,0,0,-13,0,38.974666666666664,13,38.974666666666664,0,0
767,121,275,275,36,36,-14,-14,625,625,50,14,0,625,14,0,927.3786666666666,11,302.3786666666666,25,25
768,121,275,275,36,36,-14,-14,625,625,50,14,0,625,14,0,927.6186666666666,11,302.6186666666666,25,25
769,121,275,0,36,11,-14,11,625,0,25,14,25,0,-11,-25,164.602,11,164.602,25,0
770,100,250,0,35,10,-15,10,625,0,25,15,25,0,-10,-25,146.208,10,146.208,25,0
771,625,250,0,35,25,15,25,100,0,10,-15,10,0,-25,-10,275.292,25,275.292,10,0
772,625,250,625,35,50,15,0,100,250,35,-15,-15,625,0,15,836.3886666666667,25,586.3886666666667,10,25
773,625,225,0,34,25,16,25,81,0,9,-16,9,0,-25,-9,262.352,25,262.352,9,0
774,625,625,0,50,25,0,25,625,0,25,0,25,0,-25,-25,462.686,25,462.686,25,0
775,625,250,0,35,25,15,25,100,0,10,-15,10,0,-25,-10,274.79333333333335,25,274.79333333333335,10,0
776,625,0,0,25,25,25,25,0,0,0,-25,0,0,-25,0,149.58533333333332,25,149.58533333333332,0,0
777,1,25,0,26,1,-24,1,625,0,25,24,25,0,-1,-25,13.033333333333333,1,13.033333333333333,25,0
778,4,50,0,27,2,-23,2,625,0,25,23,25,0,-2,-25,25.237333333333332,2,25.237333333333332,25,0
779,1,12,0,13,1,-11,1,144,0,12,11,12,0,-1,-12,6.008,1,6.008,12,0
780,49,133,0,26,7,-12,7,361,0,19,12,19,0,-7,-19,76.76533333333333,7,76.76533333333333,19,0
781,1,0,25,1,26,1,-24,0,0,25,-1,-25,625,24,25,12.8,1,12.8,0,25
782,625,0,625,25,50,25,0,0,0,25,-25,-25,625,0,25,459.9293333333333,25,459.9293333333333,0,25
783,625,0,0,25,25,25,25,0,0,0,-25,0,0,-25,0,149.89866666666666,25,149.89866666666666,0,0
784,625,250,625,35,50,15,0,100,250,35,-15,-15,625,0,15,837.3726666666666,25,587.3726666666666,10,25
785,1,25,25,26,26,-24,-24,625,625,50,24,0,625,24,0,650.0,1,25.0,25,25
786,4,50,50,27,27,-23,-23,625,625,50,23,0,625,23,0,675.4866666666667,2,50.48666666666668,25,25
787,625,250,0,35,25,15,25,100,0,10,-15,10,0,-25,-10,274.392,25,274.392,10,0
788,1,0,12,1,13,1,-11,0,0,12,-1,-12,144,11,12,5.832,1,5.832,0,12
789,49,0,175,7,32,7,-18,0,0,25,-7,-25,625,18,25,99.09733333333334,7,99.09733333333334,0,25
790,625,625,625,50,50,0,0,625,625,50,0,0,625,0,0,1400.0786666666668,25,775.0786666666668,25,25
791,625,250,625,35,50,15,0,100,250,35,-15,-15,625,0,15,837.5606666666666,25,587.5606666666666,10,25
792,256,256,400,32,41,0,-9,256,400,41,0,-9,625,9,9,787.8066666666666,16,387.8066666666666,16,25
793,625,0,0,25,25,25,25,0,0,0,-25,0,0,-25,0,150.268,25,150.268,0,0
794,625,625,0,50,25,0,25,625,0,25,0,25,0,-25,-25,460.244,25,460.244,25,0
795,121,275,0,36,11,-14,11,625,0,25,14,25,0,-11,-25,165.65666666666667,11,165.65666666666667,25,0
796,100,250,0,35,10,-15,10,625,0,25,15,25,0,-10,-25,145.656,10,145.656,25,0
797,625,0,0,25,25,25,25,0,0,0,-25,0,0,-25,0,149.888,25,149.888,0,0
798,625,0,0,25,25,25,25,0,0,0,-25,0,0,-25,0,149.66133333333335,25,149.66133333333335,0,0
799,169,0,0,13,13,13,13,0,0,0,-13,0,0,-13,0,39.022666666666666,13,39.022666666666666,0,0
800,1,25,25,26,26,-24,-24,625,625,50,24,0,625,24,0,650.0,1,25.0,25,25
801,1,25,0,26,1,-24,1,625,0,25,24,25,0,-1,-25,12.133333333333333,1,12.133333333333333,25,0
802,4,0,0,2,2,2,2,0,0,0,-2,0,0,-2,0,0.492,2,0.492,0,0
803,169,0,0,13,13,13,13,0,0,0,-13,0,0,-13,0,38.974666666666664,13,38.974666666666664,0,0
804,121,275,275,36,36,-14,-14,625,625,50,14,0,625,14,0,927.3786666666666,11,302.3786666666666,25,25
805,121,275,275,36,36,-14,-14,625,625,50,14,0,625,14,0,927.6186666666666,11,302.6186666666666,25,25
806,121,275,0,36,11,-14,11,625,0,25,14,25,0,-11,-25,164.602,11,164.602,25,0
807,100,250,0,35,10,-15,10,625,0,25,15,25,0,-10,-25,146.208,10,146.208,25,0
808,625,250,0,35,25,15,25,100,0,10,-15,10,0,-25,-10,275.292,25,275.292,10,0
809,625,250,625,35,50,15,0,100,250,35,-15,-15,625,0,15,836.3886666666667,25,586.3886666666667,10,25
810,625,225,0,34,25,16,25,81,0,9,-16,9,0,-25,-9,262.352,25,262.352,9,0
811,625,625,0,50,25,0,25,625,0,25,0,25,0,-25,-25,462.686,25,462.686,25,0
812,625,250,0,35,25,15,25,100,0,10,-15,10,0,-25,-10,274.79333333333335,25,274.79333333333335,10,0
813,625,0,0,25,25,25,25,0,0,0,-25,0,0,-25,0,149.58533333333332,25,149.58533333333332,0,0
814,1,25,0,26,1,-24,1,625,0,25,24,25,0,-1,-25,13.033333333333333,1,13.033333333333333,25,0
815,4,50,0,27,2,-23,2,625,0,25,23,25,0,-2,-25,25.237333333333332,2,25.237333333333332,25,0
816,1,12,0,13,1,-11,1,144,0,12,11,12,0,-1,-12,6.008,1,6.008,12,0
817,49,133,0,26,7,-12,7,361,0,19,12,19,0,-7,-19,76.76533333333333,7,76.76533333333333,19,0
818,1,0,25,1,26,1,-24,0,0,25,-1,-25,625,24,25,12.8,1,12.8,0,25
819,625,0,625,25,50,25,0,0,0,25,-25,-25,625,0,25,459.9293333333333,25,459.9293333333333,0,25
820,625,0,0,25,25,25,25,0,0,0,-25,0,0,-25,0,149.89866666666666,25,149.89866666666666,0,0
821,625,250,625,35,50,15,0,100,250,35,-15,-15,625,0,15,837.3726666666666,25,587.3726666666666,10,25
822,1,25,25,26,26,-24,-24,625,625,50,24,0,625,24,0,650.0,1,25.0,25,25
823,4,50,50,27,27,-23,-23,625,625,50,23,0,625,23,0,675.4866666666667,2,50.48666666666668,25,25
824,625,250,0,35,25,15,25,100,0,10,-15,10,0,-25,-10,274.392,25,274.392,10,0
825,1,0,12,1,13,1,-11,0,0,12,-1,-12,144,11,12,5.832,1,5.832,0,12
826,49,0,175,7,32,7,-18,0,0,25,-7,-25,625,18,25,99.09733333333334,7,99.09733333333334,0,25
827,625,625,625,50,50,0,0,625,625,50,0,0,625,0,0,1400.0786666666668,25,775.0786666666668,25,25
828,625,250,625,35,50,15,0,100,250,35,-15,-15,625,0,15,837.5606666666666,25,587.5606666666666,10,25
829,256,256,400,32,41,0,-9,256,400,41,0,-9,625,9,9,787.8066666666666,16,387.8066666666666,16,25
830,625,0,0,25,25,25,25,0,0,0,-25,0,0,-25,0,150.268,25,150.268,0,0
831,625,625,0,50,25,0,25,625,0,25,0,25,0,-25,-25,460.244,25,460.244,25,0
832,121,275,0,36,11,-14,11,625,0,25,14,25,0,-11,-25,165.65666666666667,11,165.65666666666667,25,0
833,100,250,0,35,10,-15,10,625,0,25,15,25,0,-10,-25,145.656,10,145.656,25,0
834,625,0,0,25,25,25,25,0,0,0,-25,0,0,-25,0,149.888,25,149.888,0,0
835,625,0,0,25,25,25,25,0,0,0,-25,0,0,-25,0,149.66133333333335,25,149.66133333333335,0,0
836,169,0,0,13,13,13,13,0,0,0,-13,0,0,-13,0,39.022666666666666,13,39.022666666666666,0,0
837,1,25,25,26,26,-24,-24,625,625,50,24,0,625,24,0,650.0,1,25.0,25,25
838,1,25,0,26,1,-24,1,625,0,25,24,25,0,-1,-25,12.133333333333333,1,12.133333333333333,25,0
839,4,0,0,2,2,2,2,0,0,0,-2,0,0,-2,0,0.492,2,0.492,0,0
840,169,0,0,13,13,13,13,0,0,0,-13,0,0,-13,0,38.974666666666664,13,38.974666666666664,0,0
841,121,275,275,36,36,-14,-14,625,625,50,14,0,625,14,0,927.3786666666666,11,302.3786666666666,25,25
842,121,275,275,36,36,-14,-14,625,625,50,14,0,625,14,0,927.6186666666666,11,302.6186666666666,25,25
843,121,275,0,36,11,-14,11,625,0,25,14,25,0,-11,-25,164.602,11,164.602,25,0
844,100,250,0,35,10,-15,10,625,0,25,15,25,0,-10,-25,146.208,10,146.208,25,0
845,625,250,0,35,25,15,25,100,0,10,-15,10,0,-25,-10,275.292,25,275.292,10,0
846,625,250,625,35,50,15,0,100,250,35,-15,-15,625,0,15,836.3886666666667,25,586.3886666666667,10,25
847,625,225,0,34,25,16,25,81,0,9,-16,9,0,-25,-9,262.352,25,262.352,9,0
848,625,625,0,50,25,0,25,625,0,25,0,25,0,-25,-25,462.686,25,462.686,25,0
849,625,250,0,35,25,15,25,100,0,10,-15,10,0,-25,-10,274.79333333333335,25,274.79333333333335,10,0
850,625,0,0,25,25,25,25,0,0,0,-25,0,0,-25,0,149.58533333333332,25,149.58533333333332,0,0
851,1,25,0,26,1,-24,1,625,0,25,24,25,0,-1,-25,13.033333333333333,1,13.033333333333333,25,0
852,4,50,0,27,2,-23,2,625,0,25,23,25,0,-2,-25,25.237333333333332,2,25.237333333333332,25,0
853,1,12,0,13,1,-11,1,144,0,12,11,12,0,-1,-12,6.008,1,6.008,12,0
854,49,133,0,26,7,-12,7,361,0,19,12,19,0,-7,-19,76.76533333333333,7,76.76533333333333,19,0
855,1,0,25,1,26,1,-24,0,0,25,-1,-25,625,24,25,12.8,1,12.8,0,25
856,625,0,625,25,50,25,0,0,0,25,-25,-25,625,0,25,459.9293333333333,25,459.9293333333333,0,25
857,625,0,0,25,25,25,25,0,0,0,-25,0,0,-25,0,149.89866666666666,25,149.89866666666666,0,0
858,625,250,625,35,50,15,0,100,250,35,-15,-15,625,0,15,837.3726666666666,25,587.3726666666666,10,25
859,1,25,25,26,26,-24,-24,625,625,50,24,0,625,24,0,650.0,1,25.0,25,25
860,4,50,50,27,27,-23,-23,625,625,50,23,0,625,23,0,675.4866666666667,2,50.48666666666668,25,25
861,625,250,0,35,25,15,25,100,0,10,-15,10,0,-25,-10,274.392,25,274.392,10,0
862,1,0,12,1,13,1,-11,0,0,12,-1,-12,144,11,12,5.832,1,5.832,0,12
863,49,0,175,7,32,7,-18,0,0,25,-7,-25,625,18,25,99.09733333333334,7,99.09733333333334,0,25
864,625,625,625,50,50,0,0,625,625,50,0,0,625,0,0,1400.0786666666668,25,775.0786666666668,25,25
865,625,250,625,35,50,15,0,100,250,35,-15,-15,625,0,15,837.5606666666666,25,587.5606666666666,10,25
866,256,256,400,32,41,0,-9,256,400,41,0,-9,625,9,9,787.8066666666666,16,387.8066666666666,16,25
867,625,0,0,25,25,25,25,0,0,0,-25,0,0,-25,0,150.268,25,150.268,0,0
868,625,625,0,50,25,0,25,625,0,25,0,25,0,-25,-25,460.244,25,460.244,25,0
869,121,275,0,36,11,-14,11,625,0,25,14,25,0,-11,-25,165.65666666666667,11,165.65666666666667,25,0
870,100,250,0,35,10,-15,10,625,0,25,15,25,0,-10,-25,145.656,10,145.656,25,0
871,625,0,0,25,25,25,25,0,0,0,-25,0,0,-25,0,149.888,25,149.888,0,0
872,625,0,0,25,25,25,25,0,0,0,-25,0,0,-25,0,149.66133333333335,25,149.66133333333335,0,0
873,169,0,0,13,13,13,13,0,0,0,-13,0,0,-13,0,39.022666666666666,13,39.022666666666666,0,0
874,1,25,25,26,26,-24,-24,625,625,50,24,0,625,24,0,650.0,1,25.0,25,25
875,1,25,0,26,1,-24,1,625,0,25,24,25,0,-1,-25,12.133333333333333,1,12.133333333333333,25,0
876,4,0,0,2,2,2,2,0,0,0,-2,0,0,-2,0,0.492,2,0.492,0,0
877,169,0,0,13,13,13,13,0,0,0,-13,0,0,-13,0,38.974666666666664,13,38.974666666666664,0,0
878,121,275,275,36,36,-14,-14,625,625,50,14,0,625,14,0,927.3786666666666,11,302.3786666666666,25,25
879,121,275,275,36,36,-14,-14,625,625,50,14,0,625,14,0,927.6186666666666,11,302.6186666666666,25,25
880,121,275,0,36,11,-14,11,625,0,25,14,25,0,-11,-25,164.602,11,164.602,25,0
881,100,250,0,35,10,-15,10,625,0,25,15,25,0,-10,-25,146.208,10,146.208,25,0
882,625,250,0,35,25,15,25,100,0,10,-15,10,0,-25,-10,275.292,25,275.292,10,0
883,625,250,625,35,50,15,0,100,250,35,-15,-15,625,0,15,836.3886666666667,25,586.3886666666667,10,25
884,625,225,0,34,25,16,25,81,0,9,-16,9,0,-25,-9,262.352,25,262.352,9,0
885,625,625,0,50,25,0,25,625,0,25,0,25,0,-25,-25,462.686,25,462.686,25,0
886,625,250,0,35,25,15,25,100,0,10,-15,10,0,-25,-10,274.79333333333335,25,274.79333333333335,10,0
887,625,0,0,25,25,25,25,0,0,0,-25,0,0,-25,0,149.58533333333332,25,149.58533333333332,0,0
888,1,25,0,26,1,-24,1,625,0,25,24,25,0,-1,-25,13.033333333333333,1,13.033333333333333,25,0
889,4,50,0,27,2,-23,2,625,0,25,23,25,0,-2,-25,25.237333333333332,2,25.237333333333332,25,0
890,1,12,0,13,1,-11,1,144,0,12,11,12,0,-1,-12,6.008,1,6.008,12,0
891,49,133,0,26,7,-12,7,361,0,19,12,19,0,-7,-19,76.76533333333333,7,76.76533333333333,19,0
892,1,0,25,1,26,1,-24,0,0,25,-1,-25,625,24,25,12.8,1,12.8,0,25
893,625,0,625,25,50,25,0,0,0,25,-25,-25,625,0,25,459.9293333333333,25,459.9293333333333,0,25
894,625,0,0,25,25,25,25,0,0,0,-25,0,0,-25,0,149.89866666666666,25,149.89866666666666,0,0
895,625,250,625,35,50,15,0,100,250,35,-15,-15,625,0,15,837.3726666666666,25,587.3726666666666,10,25
896,1,25,25,26,26,-24,-24,625,625,50,24,0,625,24,0,650.0,1,25.0,25,25
897,4,50,50,27,27,-23,-23,625,625,50,23,0,625,23,0,675.4866666666667,2,50.48666666666668,25,25
898,625,250,0,35,25,15,25,100,0,10,-15,10,0,-25,-10,274.392,25,274.392,10,0
899,1,0,12,1,13,1,-11,0,0,12,-1,-12,144,11,12,5.832,1,5.832,0,12
900,49,0,175,7,32,7,-18,0,0,25,-7,-25,625,18,25,99.09733333333334,7,99.09733333333334,0,25
901,625,625,625,50,50,0,0,625,625,50,0,0,625,0,0,1400.0786666666668,25,775.0786666666668,25,25
902,625,250,625,35,50,15,0,100,250,35,-15,-15,625,0,15,837.5606666666666,25,587.5606666666666,10,25
903,256,256,400,32,41,0,-9,256,400,41,0,-9,625,9,9,787.8066666666666,16,387.8066666666666,16,25
904,625,0,0,25,25,25,25,0,0,0,-25,0,0,-25,0,150.268,25,150.268,0,0
905,625,625,0,50,25,0,25,625,0,25,0,25,0,-25,-25,460.244,25,460.244,25,0
906,121,275,0,36,11,-14,11,625,0,25,14,25,0,-11,-25,165.65666666666667,11,165.65666666666667,25,0
907,100,250,0,35,10,-15,10,625,0,25,15,25,0,-10,-25,145.656,10,145.656,25,0
908,625,0,0,25,25,25,25,0,0,0,-25,0,0,-25,0,149.888,25,149.888,0,0
909,625,0,0,25,25,25,25,0,0,0,-25,0,0,-25,0,149.66133333333335,25,149.66133333333335,0,0
910,169,0,0,13,13,13,13,0,0,0,-13,0,0,-13,0,39.022666666666666,13,39.022666666666666,0,0
911,1,25,25,26,26,-24,-24,625,625,50,24,0,625,24,0,650.0,1,25.0,25,25
912,1,25,0,26,1,-24,1,625,0,25,24,25,0,-1,-25,12.133333333333333,1,12.133333333333333,25,0
913,4,0,0,2,2,2,2,0,0,0,-2,0,0,-2,0,0.492,2,0.492,0,0
914,169,0,0,13,13,13,13,0,0,0,-13,0,0,-13,0,38.974666666666664,13,38.974666666666664,0,0
915,121,275,275,36,36,-14,-14,625,625,50,14,0,625,14,0,927.3786666666666,11,302.3786666666666,25,25
916,121,275,275,36,36,-14,-14,625,625,50,14,0,625,14,0,927.6186666666666,11,302.6186666666666,25,25
917,121,275,0,36,11,-14,11,625,0,25,14,25,0,-11,-25,164.602,11,164.602,25,0
918,100,250,0,35,10,-15,10,625,0,25,15,25,0,-10,-25,146.208,10,146.208,25,0
919,625,250,0,35,25,15,25,100,0,10,-15,10,0,-25,-10,275.292,25,275.292,10,0
920,625,250,625,35,50,15,0,100,250,35,-15,-15,625,0,15,836.3886666666667,25,586.3886666666667,10,25
921,625,225,0,34,25,16,25,81,0,9,-16,9,0,-25,-9,262.352,25,262.352,9,0
922,625,625,0,50,25,0,25,625,0,25,0,25,0,-25,-25,462.686,25,462.686,25,0
923,625,250,0,35,25,15,25,100,0,10,-15,10,0,-25,-10,274.79333333333335,25,274.79333333333335,10,0
924,625,0,0,25,25,25,25,0,0,0,-25,0,0,-25,0,149.58533333333332,25,149.58533333333332,0,0
925,1,25,0,26,1,-24,1,625,0,25,24,25,0,-1,-25,13.033333333333333,1,13.033333333333333,25,0
926,4,50,0,27,2,-23,2,625,0,25,23,25,0,-2,-25,25.237333333333332,2,25.237333333333332,25,0
927,1,12,0,13,1,-11,1,144,0,12,11,12,0,-1,-12,6.008,1,6.008,12,0
928,49,133,0,26,7,-12,7,361,0,19,12,19,0,-7,-19,76.76533333333333,7,76.76533333333333,19,0
929,1,0,25,1,26,1,-24,0,0,25,-1,-25,625,24,25,12.8,1,12.8,0,25
930,625,0,625,25,50,25,0,0,0,25,-25,-25,625,0,25,459.9293333333333,25,459.9293333333333,0,25
931,625,0,0,25,25,25,25,0,0,0,-25,0,0,-25,0,149.89866666666666,25,149.89866666666666,0,0
932,625,250,625,35,50,15,0,100,250,35,-15,-15,625,0,15,837.3726666666666,25,587.3726666666666,10,25
933,1,25,25,26,26,-24,-24,625,625,50,24,0,625,24,0,650.0,1,25.0,25,25
934,4,50,50,27,27,-23,-23,625,625,50,23,0,625,23,0,675.4866666666667,2,50.48666666666668,25,25
935,625,250,0,35,25,15,25,100,0,10,-15,10,0,-25,-10,274.392,25,274.392,10,0
936,1,0,12,1,13,1,-11,0,0,12,-1,-12,144,11,12,5.832,1,5.832,0,12
937,49,0,175,7,32,7,-18,0,0,25,-7,-25,625,18,25,99.09733333333334,7,99.09733333333334,0,25
938,625,625,625,50,50,0,0,625,625,50,0,0,625,0,0,1400.0786666666668,25,775.0786666666668,25,25
939,625,250,625,35,50,15,0,100,250,35,-15,-15,625,0,15,837.5606666666666,25,587.5606666666666,10,25
940,256,256,400,32,41,0,-9,256,400,41,0,-9,625,9,9,787.8066666666666,16,387.8066666666666,16,25
941,625,0,0,25,25,25,25,0,0,0,-25,0,0,-25,0,150.268,25,150.268,0,0
942,625,625,0,50,25,0,25,625,0,25,0,25,0,-25,-25,460.244,25,460.244,25,0
943,121,275,0,36,11,-14,11,625,0,25,14,25,0,-11,-25,165.65666666666667,11,165.65666666666667,25,0
944,100,250,0,35,10,-15,10,625,0,25,15,25,0,-10,-25,145.656,10,145.656,25,0
945,625,0,0,25,25,25,25,0,0,0,-25,0,0,-25,0,149.888,25,149.888,0,0
946,625,0,0,25,25,25,25,0,0,0,-25,0,0,-25,0,149.66133333333335,25,149.66133333333335,0,0
947,169,0,0,13,13,13,13,0,0,0,-13,0,0,-13,0,39.022666666666666,13,39.022666666666666,0,0
948,1,25,25,26,26,-24,-24,625,625,50,24,0,625,24,0,650.0,1,25.0,25,25
949,1,25,0,26,1,-24,1,625,0,25,24,25,0,-1,-25,12.133333333333333,1,12.133333333333333,25,0
950,4,0,0,2,2,2,2,0,0,0,-2,0,0,-2,0,0.492,2,0.492,0,0
951,169,0,0,13,13,13,13,0,0,0,-13,0,0,-13,0,38.974666666666664,13,38.974666666666664,0,0
952,121,275,275,36,36,-14,-14,625,625,50,14,0,625,14,0,927.3786666666666,11,302.3786666666666,25,25
953,121,275,275,36,36,-14,-14,625,625,50,14,0,625,14,0,927.6186666666666,11,302.6186666666666,25,25
954,121,275,0,36,11,-14,11,625,0,25,14,25,0,-11,-25,164.602,11,164.602,25,0
955,100,250,0,35,10,-15,10,625,0,25,15,25,0,-10,-25,146.208,10,146.208,25,0
956,625,250,0,35,25,15,25,100,0,10,-15,10,0,-25,-10,275.292,25,275.292,10,0
957,625,250,625,35,50,15,0,100,250,35,-15,-15,625,0,15,836.3886666666667,25,586.3886666666667,10,25
958,625,225,0,34,25,16,25,81,0,9,-16,9,0,-25,-9,262.352,25,262.352,9,0
959,625,625,0,50,25,0,25,625,0,25,0,25,0,-25,-25,462.686,25,462.686,25,0
960,625,250,0,35,25,15,25,100,0,10,-15,10,0,-25,-10,274.79333333333335,25,274.79333333333335,10,0
961,625,0,0,25,25,25,25,0,0,0,-25,0,0,-25,0,149.58533333333332,25,149.58533333333332,0,0
962,1,25,0,26,1,-24,1,625,0,25,24,25,0,-1,-25,13.033333333333333,1,13.033333333333333,25,0
963,4,50,0,27,2,-23,2,625,0,25,23,25,0,-2,-25,25.237333333333332,2,25.237333333333332,25,0
964,1,12,0,13,1,-11,1,144,0,12,11,12,0,-1,-12,6.008,1,6.008,12,0
965,49,133,0,26,7,-12,7,361,0,19,12,19,0,-7,-19,76.76533333333333,7,76.76533333333333,19,0
966,1,0,25,1,26,1,-24,0,0,25,-1,-25,625,24,25,12.8,1,12.8,0,25
967,625,0,625,25,50,25,0,0,0,25,-25,-25,625,0,25,459.9293333333333,25,459.9293333333333,0,25
968,625,0,0,25,25,25,25,0,0,0,-25,0,0,-25,0,149.89866666666666,25,149.89866666666666,0,0
969,625,250,625,35,50,15,0,100,250,35,-15,-15,625,0,15,837.3726666666666,25,587.3726666666666,10,25
970,1,25,25,26,26,-24,-24,625,625,50,24,0,625,24,0,650.0,1,25.0,25,25
971,4,50,50,27,27,-23,-23,625,625,50,23,0,625,23,0,675.4866666666667,2,50.48666666666668,25,25
972,625,250,0,35,25,15,25,100,0,10,-15,10,0,-25,-10,274.392,25,274.392,10,0
973,1,0,12,1,13,1,-11,0,0,12,-1,-12,144,11,12,5.832,1,5.832,0,12
974,49,0,175,7,32,7,-18,0,0,25,-7,-25,625,18,25,99.09733333333334,7,99.09733333333334,0,25
975,625,625,625,50,50,0,0,625,625,50,0,0,625,0,0,1400.0786666666668,25,775.0786666666668,25,25
976,625,250,625,35,50,15,0,100,250,35,-15,-15,625,0,15,837.5606666666666,25,587.5606666666666,10,25
977,256,256,400,32,41,0,-9,256,400,41,0,-9,625,9,9,787.8066666666666,16,387.8066666666666,16,25
978,625,0,0,25,25,25,25,0,0,0,-25,0,0,-25,0,150.268,25,150.268,0,0
979,625,625,0,50,25,0,25,625,0,25,0,25,0,-25,-25,460.244,25,460.244,25,0
980,121,275,0,36,11,-14,11,625,0,25,14,25,0,-11,-25,165.65666666666667,11,165.65666666666667,25,0
981,100,250,0,35,10,-15,10,625,0,25,15,25,0,-10,-25,145.656,10,145.656,25,0
982,625,0,0,25,25,25,25,0,0,0,-25,0,0,-25,0,149.888,25,149.888,0,0
983,625,0,0,25,25,25,25,0,0,0,-25,0,0,-25,0,149.66133333333335,25,149.66133333333335,0,0
984,169,0,0,13,13,13,13,0,0,0,-13,0,0,-13,0,39.022666666666666,13,39.022666666666666,0,0
985,1,25,25,26,26,-24,-24,625,625,50,24,0,625,24,0,650.0,1,25.0,25,25
986,1,25,0,26,1,-24,1,625,0,25,24,25,0,-1,-25,12.133333333333333,1,12.133333333333333,25,0
987,4,0,0,2,2,2,2,0,0,0,-2,0,0,-2,0,0.492,2,0.492,0,0
988,169,0,0,13,13,13,13,0,0,0,-13,0,0,-13,0,38.974666666666664,13,38.974666666666664,0,0
989,121,275,275,36,36,-14,-14,625,625,50,14,0,625,14,0,927.3786666666666,11,302.3786666666666,25,25
990,121,275,275,36,36,-14,-14,625,625,50,14,0,625,14,0,927.6186666666666,11,302.6186666666666,25,25
991,121,275,0,36,11,-14,11,625,0,25,14,25,0,-11,-25,164.602,11,164.602,25,0
992,100,250,0,35,10,-15,10,625,0,25,15,25,0,-10,-25,146.208,10,146.208,25,0
993,625,250,0,35,25,15,25,100,0,10,-15,10,0,-25,-10,275.292,25,275.292,10,0
994,625,250,625,35,50,15,0,100,250,35,-15,-15,625,0,15,836.3886666666667,25,586.3886666666667,10,25
995,625,225,0,34,25,16,25,81,0,9,-16,9,0,-25,-9,262.352,25,262.352,9,0
996,625,625,0,50,25,0,25,625,0,25,0,25,0,-25,-25,462.686,25,462.686,25,0
997,625,250,0,35,25,15,25,100,0,10,-15,10,0,-25,-10,274.79333333333335,25,274.79333333333335,10,0
998,625,0,0,25,25,25,25,0,0,0,-25,0,0,-25,0,149.58533333333332,25,149.58533333333332,0,0
999,1,25,0,26,1,-24,1,625,0,25,24,25,0,-1,-25,13.033333333333333,1,13.033333333333333,25,0
1000,4,50,0,27,2,-23,2,625,0,25,23,25,0,-2,-25,25.237333333333332,2,25.237333333333332,25,0
1001,1,12,0,13,1,-11,1,144,0,12,11,12,0,-1,-12,6.008,1,6.008,12,0
1002,49,133,0,26,7,-12,7,361,0,19,12,19,0,-7,-19,76.76533333333333,7,76.76533333333333,19,0
1003,1,0,25,1,26,1,-24,0,0,25,-1,-25,625,24,25,12.8,1,12.8,0,25
1004,625,0,625,25,50,25,0,0,0,25,-25,-25,625,0,25,459.9293333333333,25,459.9293333333333,0,25
1005,625,0,0,25,25,25,25,0,0,0,-25,0,0,-25,0,149.89866666666666,25,149.89866666666666,0,0
1006,625,250,625,35,50,15,0,100,250,35,-15,-15,625,0,15,837.3726666666666,25,587.3726666666666,10,25
1007,1,25,25,26,26,-24,-24,625,625,50,24,0,625,24,0,650.0,1,25.0,25,25
1008,4,50,50,27,27,-23,-23,625,625,50,23,0,625,23,0,675.4866666666667,2,50.48666666666668,25,25
1009,625,250,0,35,25,15,25,100,0,10,-15,10,0,-25,-10,274.392,25,274.392,10,0
1010,1,0,12,1,13,1,-11,0,0,12,-1,-12,144,11,12,5.832,1,5.832,0,12
1011,49,0,175,7,32,7,-18,0,0,25,-7,-25,625,18,25,99.09733333333334,7,99.09733333333334,0,25
1012,625,625,625,50,50,0,0,625,625,50,0,0,625,0,0,1400.0786666666668,25,775.0786666666668,25,25
1013,625,250,625,35,50,15,0,100,250,35,-15,-15,625,0,15,837.5606666666666,25,587.5606666666666,10,25
1014,256,256,400,32,41,0,-9,256,400,41,0,-9,625,9,9,787.8066666666666,16,387.8066666666666,16,25
1015,625,0,0,25,25,25,25,0,0,0,-25,0,0,-25,0,150.268,25,150.268,0,0
1016,625,625,0,50,25,0,25,625,0,25,0,25,0,-25,-25,460.244,25,460.244,25,0
1017,121,275,0,36,11,-14,11,625,0,25,14,25,0,-11,-25,165.65666666666667,11,165.65666666666667,25,0
1018,100,250,0,35,10,-15,10,625,0,25,15,25,0,-10,-25,145.656,10,145.656,25,0
1019,625,0,0,25,25,25,25,0,0,0,-25,0,0,-25,0,149.888,25,149.888,0,0
1020,625,0,0,25,25,25,25,0,0,0,-25,0,0,-25,0,149.66133333333335,25,149.66133333333335,0,0
1021,169,0,0,13,13,13,13,0,0,0,-13,0,0,-13,0,39.022666666666666,13,39.022666666666666,0,0
1022,1,25,25,26,26,-24,-24,625,625,50,24,0,625,24,0,650.0,1,25.0,25,25
1023,1,25,0,26,1,-24,1,625,0,25,24,25,0,-1,-25,12.133333333333333,1,12.133333333333333,25,0
1024,4,0,0,2,2,2,2,0,0,0,-2,0,0,-2,0,0.492,2,0.492,0,0
1025,169,0,0,13,13,13,13,0,0,0,-13,0,0,-13,0,38.974666666666664,13,38.974666666666664,0,0
1026,121,275,275,36,36,-14,-14,625,625,50,14,0,625,14,0,927.3786666666666,11,302.3786666666666,25,25
1027,121,275,275,36,36,-14,-14,625,625,50,14,0,625,14,0,927.6186666666666,11,302.6186666666666,25,25
1028,121,275,0,36,11,-14,11,625,0,25,14,25,0,-11,-25,164.602,11,164.602,25,0
1029,100,250,0,35,10,-15,10,625,0,25,15,25,0,-10,-25,146.208,10,146.208,25,0
1030,625,250,0,35,25,15,25,100,0,10,-15,10,0,-25,-10,275.292,25,275.292,10,0
1031,625,250,625,35,50,15,0,100,250,35,-15,-15,625,0,15,836.3886666666667,25,586.3886666666667,10,25
1032,625,225,0,34,25,16,25,81,0,9,-16,9,0,-25,-9,262.352,25,262.352,9,0
1033,625,625,0,50,25,0,25,625,0,25,0,25,0,-25,-25,462.686,25,462.686,25,0
1034,625,250,0,35,25,15,25,100,0,10,-15,10,0,-25,-10,274.79333333333335,25,274.79333333333335,10,0
1035,625,0,0,25,25,25,25,0,0,0,-25,0,0,-25,0,149.58533333333332,25,149.58533333333332,0,0
1036,1,25,0,26,1,-24,1,625,0,25,24,25,0,-1,-25,13.033333333333333,1,13.033333333333333,25,0
1037,4,50,0,27,2,-23,2,625,0,25,23,25,0,-2,-25,25.237333333333332,2,25.237333333333332,25,0
1038,1,12,0,13,1,-11,1,144,0,12,11,12,0,-1,-12,6.008,1,6.008,12,0
1039,49,133,0,26,7,-12,7,361,0,19,12,19,0,-7,-19,76.76533333333333,7,76.76533333333333,19,0
1040,1,0,25,1,26,1,-24,0,0,25,-1,-25,625,24,25,12.8,1,12.8,0,25
1041,625,0,625,25,50,25,0,0,0,25,-25,-25,625,0,25,459.9293333333333,25,459.9293333333333,0,25
1042,625,0,0,25,25,25,25,0,0,0,-25,0,0,-25,0,149.89866666666666,25,149.89866666666666,0,0
1043,625,250,625,35,50,15,0,100,250,35,-15,-15,625,0,15,837.3726666666666,25,587.3726666666666,10,25
1044,1,25,25,26,26,-24,-24,625,625,50,24,0,625,24,0,650.0,1,25.0,25,25
1045,4,50,50,27,27,-23,-23,625,625,50,23,0,625,23,0,675.4866666666667,2,50.48666666666668,25,25
1046,625,250,0,35,25,15,25,100,0,10,-15,10,0,-25,-10,274.392,25,274.392,10,0
1047,1,0,12,1,13,1,-11,0,0,12,-1,-12,144,11,12,5.832,1,5.832,0,12
1048,49,0,175,7,32,7,-18,0,0,25,-7,-25,625,18,25,99.09733333333334,7,99.09733333333334,0,25
1049,625,625,625,50,50,0,0,625,625,50,0,0,625,0,0,1400.0786666666668,25,775.0786666666668,25,25
1050,625,250,625,35,50,15,0,100,250,35,-15,-15,625,0,15,837.5606666666666,25,587.5606666666666,10,25
1051,256,256,400,32,41,0,-9,256,400,41,0,-9,625,9,9,787.8066666666666,16,387.8066666666666,16,25
1052,625,0,0,25,25,25,25,0,0,0,-25,0,0,-25,0,150.268,25,150.268,0,0
1053,625,625,0,50,25,0,25,625,0,25,0,25,0,-25,-25,460.244,25,460.244,25,0
1054,121,275,0,36,11,-14,11,625,0,25,14,25,0,-11,-25,165.65666666666667,11,165.65666666666667,25,0
1055,100,250,0,35,10,-15,10,625,0,25,15,25,0,-10,-25,145.656,10,145.656,25,0
1056,625,0,0,25,25,25,25,0,0,0,-25,0,0,-25,0,149.888,25,149.888,0,0
1057,625,0,0,25,25,25,25,0,0,0,-25,0,0,-25,0,149.66133333333335,25,149.66133333333335,0,0
1058,169,0,0,13,13,13,13,0,0,0,-13,0,0,-13,0,39.022666666666666,13,39.022666666666666,0,0
1059,1,25,25,26,26,-24,-24,625,625,50,24,0,625,24,0,650.0,1,25.0,25,25
1060,1,25,0,26,1,-24,1,625,0,25,24,25,0,-1,-25,12.133333333333333,1,12.133333333333333,25,0
1061,4,0,0,2,2,2,2,0,0,0,-2,0,0,-2,0,0.492,2,0.492,0,0
1062,169,0,0,13,13,13,13,0,0,0,-13,0,0,-13,0,38.974666666666664,13,38.974666666666664,0,0
1063,121,275,275,36,36,-14,-14,625,625,50,14,0,625,14,0,927.3786666666666,11,302.3786666666666,25,25
1064,121,275,275,36,36,-14,-14,625,625,50,14,0,625,14,0,927.6186666666666,11,302.6186666666666,25,25
1065,121,275,0,36,11,-14,11,625,0,25,14,25,0,-11,-25,164.602,11,164.602,25,0
1066,100,250,0,35,10,-15,10,625,0,25,15,25,0,-10,-25,146.208,10,146.208,25,0
1067,625,250,0,35,25,15,25,100,0,10,-15,10,0,-25,-10,275.292,25,275.292,10,0
1068,625,250,625,35,50,15,0,100,250,35,-15,-15,625,0,15,836.3886666666667,25,586.3886666666667,10,25
1069,625,225,0,34,25,16,25,81,0,9,-16,9,0,-25,-9,262.352,25,262.352,9,0
1070,625,625,0,50,25,0,25,625,0,25,0,25,0,-25,-25,462.686,25,462.686,25,0
1071,625,250,0,35,25,15,25,100,0,10,-15,10,0,-25,-10,274.79333333333335,25,274.79333333333335,10,0
1072,625,0,0,25,25,25,25,0,0,0,-25,0,0,-25,0,149.58533333333332,25,149.58533333333332,0,0
1073,1,25,0,26,1,-24,1,625,0,25,24,25,0,-1,-25,13.033333333333333,1,13.033333333333333,25,0
1074,4,50,0,27,2,-23,2,625,0,25,23,25,0,-2,-25,25.237333333333332,2,25.237333333333332,25,0
1075,1,12,0,13,1,-11,1,144,0,12,11,12,0,-1,-12,6.008,1,6.008,12,0
1076,49,133,0,26,7,-12,7,361,0,19,12,19,0,-7,-19,76.76533333333333,7,76.76533333333333,19,0
1077,1,0,25,1,26,1,-24,0,0,25,-1,-25,625,24,25,12.8,1,12.8,0,25
1078,625,0,625,25,50,25,0,0,0,25,-25,-25,625,0,25,459.9293333333333,25,459.9293333333333,0,25
1079,625,0,0,25,25,25,25,0,0,0,-25,0,0,-25,0,149.89866666666666,25,149.89866666666666,0,0
1080,625,250,625,35,50,15,0,100,250,35,-15,-15,625,0,15,837.3726666666666,25,587.3726666666666,10,25
1081,1,25,25,26,26,-24,-24,625,625,50,24,0,625,24,0,650.0,1,25.0,25,25
1082,4,50,50,27,27,-23,-23,625,625,50,23,0,625,23,0,675.4866666666667,2,50.48666666666668,25,25
1083,625,250,0,35,25,15,25,100,0,10,-15,10,0,-25,-10,274.392,25,274.392,10,0
1084,1,0,12,1,13,1,-11,0,0,12,-1,-12,144,11,12,5.832,1,5.832,0,12
1085,49,0,175,7,32,7,-18,0,0,25,-7,-25,625,18,25,99.09733333333334,7,99.09733333333334,0,25
1086,625,625,625,50,50,0,0,625,625,50,0,0,625,0,0,1400.0786666666668,25,775.0786666666668,25,25
1087,625,250,625,35,50,15,0,100,250,35,-15,-15,625,0,15,837.5606666666666,25,587.5606666666666,10,25
1088,256,256,400,32,41,0,-9,256,400,41,0,-9,625,9,9,787.8066666666666,16,387.8066666666666,16,25
1089,625,0,0,25,25,25,25,0,0,0,-25,0,0,-25,0,150.268,25,150.268,0,0
1090,625,625,0,50,25,0,25,625,0,25,0,25,0,-25,-25,460.244,25,460.244,25,0
1091,121,275,0,36,11,-14,11,625,0,25,14,25,0,-11,-25,165.65666666666667,11,165.65666666666667,25,0
1092,100,250,0,35,10,-15,10,625,0,25,15,25,0,-10,-25,145.656,10,145.656,25,0
1093,625,0,0,25,25,25,25,0,0,0,-25,0,0,-25,0,149.888,25,149.888,0,0
1094,625,0,0,25,25,25,25,0,0,0,-25,0,0,-25,0,149.66133333333335,25,149.66133333333335,0,0
1095,169,0,0,13,13,13,13,0,0,0,-13,0,0,-13,0,39.022666666666666,13,39.022666666666666,0,0
1096,1,25,25,26,26,-24,-24,625,625,50,24,0,625,24,0,650.0,1,25.0,25,25
1097,1,25,0,26,1,-24,1,625,0,25,24,25,0,-1,-25,12.133333333333333,1,12.133333333333333,25,0
1098,4,0,0,2,2,2,2,0,0,0,-2,0,0,-2,0,0.492,2,0.492,0,0
1099,169,0,0,13,13,13,13,0,0,0,-13,0,0,-13,0,38.974666666666664,13,38.974666666666664,0,0
1100,121,275,275,36,36,-14,-14,625,625,50,14,0,625,14,0,927.3786666666666,11,302.3786666666666,25,25
1101,121,275,275,36,36,-14,-14,625,625,50,14,0,625,14,0,927.6186666666666,11,302.6186666666666,25,25
1102,121,275,0,36,11,-14,11,625,0,25,14,25,0,-11,-25,164.602,11,164.602,25,0
1103,100,250,0,35,10,-15,10,625,0,25,15,25,0,-10,-25,146.208,10,146.208,25,0
1104,625,250,0,35,25,15,25,100,0,10,-15,10,0,-25,-10,275.292,25,275.292,10,0
1105,625,250,625,35,50,15,0,100,250,35,-15,-15,625,0,15,836.3886666666667,25,586.3886666666667,10,25
1106,625,225,0,34,25,16,25,81,0,9,-16,9,0,-25,-9,262.352,25,262.352,9,0
1107,625,625,0,50,25,0,25,625,0,25,0,25,0,-25,-25,462.686,25,462.686,25,0
1108,625,250,0,35,25,15,25,100,0,10,-15,10,0,-25,-10,274.79333333333335,25,274.79333333333335,10,0
1109,625,0,0,25,25,25,25,0,0,0,-25,0,0,-25,0,149.58533333333332,25,149.58533333333332,0,0
0,64,160,160,28,28,-12,-12,400,400,40,12,0,400,12,0,574.032,8,174.03200000000004,20,20
1,49,35,77,12,18,2,-4,25,55,16,-2,-6,121,4,6,121.36,7,66.36,5,11
2,144,204,12,29,13,-5,11,289,17,18,5,16,1,-11,-16,158.888,12,141.888,17,1
3,361,114,152,25,27,13,11,36,48,14,-13,-2,64,-11,2,266.46,19,218.45999999999998,6,8
4,361,190,133,29,26,9,12,100,70,17,-9,3,49,-12,-3,316.176,19,246.176,10,7
5,400,400,0,40,20,0,20,400,0,20,0,20,0,-20,-20,292.696,20,292.696,20,0
6,64,136,144,25,26,-9,-10,289,306,35,9,-1,324,10,1,459.896,8,153.89600000000002,17,18
7,121,110,66,21,17,1,5,100,60,16,-1,4,36,-5,-4,175.248,11,115.24799999999999,10,6
8,9,33,30,14,13,-8,-7,121,110,21,8,1,100,7,-1,142.994,3,32.994,11,10
9,225,285,285,34,34,-4,-4,361,361,38,4,0,361,4,0,698.324,15,337.32399999999996,19,19
10,100,170,140,27,24,-7,-4,289,238,31,7,3,196,4,-3,415.652,10,177.652,17,14
11,16,60,64,19,20,-11,-12,225,240,31,11,-1,256,12,1,305.092,4,65.09199999999998,15,16
12,16,80,80,24,24,-16,-16,400,400,40,16,0,400,16,0,482.904,4,82.904,20,20
13,25,0,35,5,12,5,-2,0,0,7,-5,-7,49,2,7,22.44,5,22.44,0,7
14,49,112,21,23,10,-9,4,256,48,19,9,13,9,-4,-13,124.326,7,76.326,16,3
15,225,150,225,25,30,5,0,100,150,25,-5,-5,225,0,5,390.166,15,240.166,10,15
16,64,128,160,24,28,-8,-12,256,320,36,8,-4,400,12,4,477.75,8,157.75,16,20
17,16,8,36,6,13,2,-5,4,18,11,-2,-7,81,5,7,42.78,4,24.78,2,9
18,25,40,65,13,18,-3,-8,64,104,21,3,-5,169,8,5,161.764,5,57.76400000000001,8,13
19,225,0,45,15,18,15,12,0,0,3,-15,-3,9,-12,3,74.992,15,74.992,0,3
20,64,136,112,25,22,-9,-6,289,238,31,9,3,196,6,-3,375.884,8,137.88400000000001,17,14
21,289,68,34,21,19,13,15,16,8,6,-13,2,4,-15,-2,127.192,17,119.192,4,2
22,1,9,17,10,18,-8,-16,81,153,26,8,-8,289,16,8,166.096,1,13.096000000000004,9,17
23,25,0,0,5,5,5,5,0,0,0,-5,0,0,-5,0,5.012,5,5.012,0,0
24,81,0,9,9,10,9,8,0,0,1,-9,-1,1,-8,1,22.344,9,22.344,0,1
25,1,13,12,14,13,-12,-11,169,156,25,12,1,144,11,-1,168.488,1,12.488,13,12
26,400,280,300,34,35,6,5,196,210,29,-6,-1,225,-5,1,595.06,20,385.05999999999995,14,15
27,144,36,192,15,28,9,-4,9,48,19,-9,-13,256,4,13,193.888,12,145.888,3,16
28,4,20,30,12,17,-8,-13,100,150,25,8,-5,225,13,5,175.548,2,25.548000000000002,10,15
29,169,234,104,31,21,-5,5,324,144,26,5,10,64,-5,-10,350.536,13,206.536,18,8
30,4,24,26,14,15,-10,-11,144,156,25,10,-1,169,11,1,181.48,2,25.47999999999999,12,13
31,64,16,96,10,20,6,-4,4,24,14,-6,-10,144,4,10,94.886,8,70.886,2,12
32,4,22,30,13,17,-9,-13,121,165,26,9,-4,225,13,4,191.55,2,26.55000000000001,11,15
33,1,16,10,17,11,-15,-9,256,160,26,15,6,100,9,-6,173.192,1,13.192000000000007,16,10
34,361,380,228,39,31,-1,7,400,240,32,1,8,144,-7,-8,628.796,19,388.79600000000005,20,12
35,121,77,176,18,27,4,-5,49,112,23,-4,-9,256,5,9,266.18,11,154.18,7,16
36,9,57,51,22,20,-16,-14,361,323,36,16,2,289,14,-2,378.428,3,55.428,19,17
37,289,289,119,34,24,0,10,289,119,24,0,10,49,-10,-10,389.84,17,270.84,17,7
38,289,51,204,20,29,14,5,9,36,15,-14,-9,144,-5,9,231.258,17,195.258,3,12
39,81,162,36,27,13,-9,5,324,72,22,9,14,16,-5,-14,189.412,9,117.412,18,4
40,25,100,45,25,14,-15,-4,400,180,29,15,11,81,4,-11,257.224,5,77.22399999999999,20,9
41,81,0,54,9,15,9,3,0,0,6,-9,-6,36,-3,6,44.928,9,44.928,0,6
42,36,84,12,20,8,-8,4,196,28,16,8,12,4,-4,-12,83.288,6,55.288,14,2
0,1,25,0,26,1,-24,1,625,0,25,24,25,0,-1,-25,12.633333333333333,1,12.633333333333333,25,0
1,4,50,0,27,2,-23,2,625,0,25,23,25,0,-2,-25,25.886666666666667,2,25.886666666666667,25,0
2,1,12,0,13,1,-11,1,144,0,12,11,12,0,-1,-12,5.72,1,5.72,12,0
3,49,133,0,26,7,-12,7,361,0,19,12,19,0,-7,-19,77.50333333333333,7,77.50333333333333,19,0
4,1,0,25,1,26,1,-24,0,0,25,-1,-25,625,24,25,13.366666666666667,1,13.366666666666667,0,25
5,625,0,625,25,50,25,0,0,0,25,-25,-25,625,0,25,464.00933333333336,25,464.00933333333336,0,25
6,625,0,0,25,25,25,25,0,0,0,-25,0,0,-25,0,150.068,25,150.068,0,0
7,1,0,25,1,26,1,-24,0,0,25,-1,-25,625,24,25,12.8,1,12.8,0,25
8,121,275,0,36,11,-14,11,625,0,25,14,25,0,-11,-25,166.512,11,166.512,25,0
9,4,0,50,2,27,2,-23,0,0,25,-2,-25,625,23,25,24.361333333333334,2,24.361333333333334,0,25
10,121,275,0,36,11,-14,11,625,0,25,14,25,0,-11,-25,165.012,11,165.012,25,0
11,1,0,12,1,13,1,-11,0,0,12,-1,-12,144,11,12,6.016,1,6.016,0,12
12,121,275,0,36,11,-14,11,625,0,25,14,25,0,-11,-25,163.882,11,163.882,25,0
13,100,0,250,10,35,10,-15,0,0,25,-10,-25,625,15,25,146.104,10,146.104,0,25
14,625,625,0,50,25,0,25,625,0,25,0,25,0,-25,-25,459.48333333333335,25,459.48333333333335,25,0
15,625,0,625,25,50,25,0,0,0,25,-25,-25,625,0,25,464.2993333333333,25,464.2993333333333,0,25
16,1,25,0,26,1,-24,1,625,0,25,24,25,0,-1,-25,12.7,1,12.7,25,0
17,121,0,275,11,36,11,-14,0,0,25,-11,-25,625,14,25,166.75866666666667,11,166.75866666666667,0,25
18,100,250,0,35,10,-15,10,625,0,25,15,25,0,-10,-25,146.49066666666667,10,146.49066666666667,25,0
19,625,0,0,25,25,25,25,0,0,0,-25,0,0,-25,0,149.39733333333334,25,149.39733333333334,0,0
20,121,0,0,11,11,11,11,0,0,0,-11,0,0,-11,0,27.577333333333332,11,27.577333333333332,0,0
21,100,0,0,10,10,10,10,0,0,0,-10,0,0,-10,0,22.522,10,22.522,0,0
22,1,25,12,26,13,-24,-11,625,300,37,24,13,144,11,-13,318.58666666666664,1,18.586666666666645,25,12
23,625,0,0,25,25,25,25,0,0,0,-25,0,0,-25,0,149.96533333333332,25,149.96533333333332,0,0
24,1,0,0,1,1,1,1,0,0,0,-1,0,0,-1,0,0.0,1,0.0,0,0
25,169,0,0,13,13,13,13,0,0,0,-13,0,0,-13,0,39.16133333333333,13,39.16133333333333,0,0
26,1,25,25,26,26,-24,-24,625,625,50,24,0,625,24,0,650.0,1,25.0,25,25
27,1,0,0,1,1,1,1,0,0,0,-1,0,0,-1,0,0.0,1,0.0,0,0
28,4,0,0,2,2,2,2,0,0,0,-2,0,0,-2,0,0.512,2,0.512,0,0
29,1,12,0,13,1,-11,1,144,0,12,11,12,0,-1,-12,5.792,1,5.792,12,0
30,169,0,0,13,13,13,13,0,0,0,-13,0,0,-13,0,38.82933333333333,13,38.82933333333333,0,0
31,121,0,11,11,12,11,10,0,0,1,-11,-1,1,-10,1,32.943333333333335,11,32.943333333333335,0,1
32,4,0,0,2,2,2,2,0,0,0,-2,0,0,-2,0,0.4866666666666667,2,0.4866666666666667,0,0
33,625,0,0,25,25,25,25,0,0,0,-25,0,0,-25,0,150.35466666666667,25,150.35466666666667,0,0
34,121,0,0,11,11,11,11,0,0,0,-11,0,0,-11,0,27.554666666666666,11,27.554666666666666,0,0
35,4,0,0,2,2,2,2,0,0,0,-2,0,0,-2,0,0.5213333333333333,2,0.5213333333333333,0,0
36,625,0,0,25,25,25,25,0,0,0,-25,0,0,-25,0,150.12533333333334,25,150.12533333333334,0,0
37,1,25,25,26,26,-24,-24,625,625,50,24,0,625,24,0,650.0,1,25.0,25,25
38,100,0,0,10,10,10,10,0,0,0,-10,0,0,-10,0,22.432666666666666,10,22.432666666666666,0,0
39,100,0,0,10,10,10,10,0,0,0,-10,0,0,-10,0,22.35333333333333,10,22.35333333333333,0,0
40,1,25,0,26,1,-24,1,625,0,25,24,25,0,-1,-25,12.633333333333333,1,12.633333333333333,25,0
41,4,50,0,27,2,-23,2,625,0,25,23,25,0,-2,-25,25.886666666666667,2,25.886666666666667,25,0
42,1,12,0,13,1,-11,1,144,0,12,11,12,0,-1,-12,5.72,1,5.72,12,0
43,49,133,0,26,7,-12,7,361,0,19,12,19,0,-7,-19,77.50333333333333,7,77.50333333333333,19,0
44,1,0,25,1,26,1,-24,0,0,25,-1,-25,625,24,25,13.366666666666667,1,13.366666666666667,0,25
45,625,0,625,25,50,25,0,0,0,25,-25,-25,625,0,25,464.00933333333336,25,464.00933333333336,0,25
46,625,0,0,25,25,25,25,0,0,0,-25,0,0,-25,0,150.068,25,150.068,0,0
47,1,0,25,1,26,1,-24,0,0,25,-1,-25,625,24,25,12.8,1,12.8,0,25
48,121,275,0,36,11,-14,11,625,0,25,14,25,0,-11,-25,166.512,11,166.512,25,0
49,4,0,50,2,27,2,-23,0,0,25,-2,-25,625,23,25,24.361333333333334,2,24.361333333333334,0,25
50,121,275,0,36,11,-14,11,625,0,25,14,25,0,-11,-25,165.012,11,165.012,25,0
51,1,0,12,1,13,1,-11,0,0,12,-1,-12,144,11,12,6.016,1,6.016,0,12
52,121,275,0,36,11,-14,11,625,0,25,14,25,0,-11,-25,163.882,11,163.882,25,0
53,100,0,250,10,35,10,-15,0,0,25,-10,-25,625,15,25,146.104,10,146.104,0,25
54,625,625,0,50,25,0,25,625,0,25,0,25,0,-25,-25,459.48333333333335,25,459.48333333333335,25,0
55,625,0,625,25,50,25,0,0,0,25,-25,-25,625,0,25,464.2993333333333,25,464.2993333333333,0,25
56,1,25,0,26,1,-24,1,625,0,25,24,25,0,-1,-25,12.7,1,12.7,25,0
57,121,0,275,11,36,11,-14,0,0,25,-11,-25,625,14,25,166.75866666666667,11,166.75866666666667,0,25
58,100,250,0,35,10,-15,10,625,0,25,15,25,0,-10,-25,146.49066666666667,10,146.49066666666667,25,0
59,625,0,0,25,25,25,25,0,0,0,-25,0,0,-25,0,149.39733333333334,25,149.39733333333334,0,0
60,121,0,0,11,11,11,11,0,0,0,-11,0,0,-11,0,27.577333333333332,11,27.577333333333332,0,0
61,100,0,0,10,10,10,10,0,0,0,-10,0,0,-10,0,22.522,10,22.522,0,0
62,1,25,12,26,13,-24,-11,625,300,37,24,13,144,11,-13,318.58666666666664,1,18.586666666666645,25,12
63,625,0,0,25,25,25,25,0,0,0,-25,0,0,-25,0,149.96533333333332,25,149.96533333333332,0,0
64,1,0,0,1,1,1,1,0,0,0,-1,0,0,-1,0,0.0,1,0.0,0,0
65,169,0,0,13,13,13,13,0,0,0,-13,0,0,-13,0,39.16133333333333,13,39.16133333333333,0,0
66,1,25,25,26,26,-24,-24,625,625,50,24,0,625,24,0,650.0,1,25.0,25,25
67,1,0,0,1,1,1,1,0,0,0,-1,0,0,-1,0,0.0,1,0.0,0,0
68,4,0,0,2,2,2,2,0,0,0,-2,0,0,-2,0,0.512,2,0.512,0,0
69,1,12,0,13,1,-11,1,144,0,12,11,12,0,-1,-12,5.792,1,5.792,12,0
70,169,0,0,13,13,13,13,0,0,0,-13,0,0,-13,0,38.82933333333333,13,38.82933333333333,0,0
71,121,0,11,11,12,11,10,0,0,1,-11,-1,1,-10,1,32.943333333333335,11,32.943333333333335,0,1
72,4,0,0,2,2,2,2,0,0,0,-2,0,0,-2,0,0.4866666666666667,2,0.4866666666666667,0,0
73,625,0,0,25,25,25,25,0,0,0,-25,0,0,-25,0,150.35466666666667,25,150.35466666666667,0,0
74,121,0,0,11,11,11,11,0,0,0,-11,0,0,-11,0,27.554666666666666,11,27.554666666666666,0,0
75,4,0,0,2,2,2,2,0,0,0,-2,0,0,-2,0,0.5213333333333333,2,0.5213333333333333,0,0
76,625,0,0,25,25,25,25,0,0,0,-25,0,0,-25,0,150.12533333333334,25,150.12533333333334,0,0
77,1,25,25,26,26,-24,-24,625,625,50,24,0,625,24,0,650.0,1,25.0,25,25
78,100,0,0,10,10,10,10,0,0,0,-10,0,0,-10,0,22.432666666666666,10,22.432666666666666,0,0
79,100,0,0,10,10,10,10,0,0,0,-10,0,0,-10,0,22.35333333333333,10,22.35333333333333,0,0
80,1,25,0,26,1,-24,1,625,0,25,24,25,0,-1,-25,12.633333333333333,1,12.633333333333333,25,0
81,4,50,0,27,2,-23,2,625,0,25,23,25,0,-2,-25,25.886666666666667,2,25.886666666666667,25,0
82,1,12,0,13,1,-11,1,144,0,12,11,12,0,-1,-12,5.72,1,5.72,12,0
83,49,133,0,26,7,-12,7,361,0,19,12,19,0,-7,-19,77.50333333333333,7,77.50333333333333,19,0
84,1,0,25,1,26,1,-24,0,0,25,-1,-25,625,24,25,13.366666666666667,1,13.366666666666667,0,25
85,625,0,625,25,50,25,0,0,0,25,-25,-25,625,0,25,464.00933333333336,25,464.00933333333336,0,25
86,625,0,0,25,25,25,25,0,0,0,-25,0,0,-25,0,150.068,25,150.068,0,0
87,1,0,25,1,26,1,-24,0,0,25,-1,-25,625,24,25,12.8,1,12.8,0,25
88,121,275,0,36,11,-14,11,625,0,25,14,25,0,-11,-25,166.512,11,166.512,25,0
89,4,0,50,2,27,2,-23,0,0,25,-2,-25,625,23,25,24.361333333333334,2,24.361333333333334,0,25
90,121,275,0,36,11,-14,11,625,0,25,14,25,0,-11,-25,165.012,11,165.012,25,0
91,1,0,12,1,13,1,-11,0,0,12,-1,-12,144,11,12,6.016,1,6.016,0,12
92,121,275,0,36,11,-14,11,625,0,25,14,25,0,-11,-25,163.882,11,163.882,25,0
93,100,0,250,10,35,10,-15,0,0,25,-10,-25,625,15,25,146.104,10,146.104,0,25
94,625,625,0,50,25,0,25,625,0,25,0,25,0,-25,-25,459.48333333333335,25,459.48333333333335,25,0
95,625,0,625,25,50,25,0,0,0,25,-25,-25,625,0,25,464.2993333333333,25,464.2993333333333,0,25
96,1,25,0,26,1,-24,1,625,0,25,24,25,0,-1,-25,12.7,1,12.7,25,0
97,121,0,275,11,36,11,-14,0,0,25,-11,-25,625,14,25,166.75866666666667,11,166.75866666666667,0,25
98,100,250,0,35,10,-15,10,625,0,25,15,25,0,-10,-25,146.49066666666667,10,146.49066666666667,25,0
99,625,0,0,25,25,25,25,0,0,0,-25,0,0,-25,0,149.39733333333334,25,149.39733333333334,0,0
100,121,0,0,11,11,11,11,0,0,0,-11,0,0,-11,0,27.577333333333332,11,27.577333333333332,0,0
101,100,0,0,10,10,10,10,0,0,0,-10,0,0,-10,0,22.522,10,22.522,0,0
102,1,25,12,26,13,-24,-11,625,300,37,24,13,144,11,-13,318.58666666666664,1,18.586666666666645,25,12
103,625,0,0,25,25,25,25,0,0,0,-25,0,0,-25,0,149.96533333333332,25,149.96533333333332,0,0
104,1,0,0,1,1,1,1,0,0,0,-1,0,0,-1,0,0.0,1,0.0,0,0
105,169,0,0,13,13,13,13,0,0,0,-13,0,0,-13,0,39.16133333333333,13,39.16133333333333,0,0
106,1,25,25,26,26,-24,-24,625,625,50,24,0,625,24,0,650.0,1,25.0,25,25
107,1,0,0,1,1,1,1,0,0,0,-1,0,0,-1,0,0.0,1,0.0,0,0
108,4,0,0,2,2,2,2,0,0,0,-2,0,0,-2,0,0.512,2,0.512,0,0
109,1,12,0,13,1,-11,1,144,0,12,11,12,0,-1,-12,5.792,1,5.792,12,0
110,169,0,0,13,13,13,13,0,0,0,-13,0,0,-13,0,38.82933333333333,13,38.82933333333333,0,0
111,121,0,11,11,12,11,10,0,0,1,-11,-1,1,-10,1,32.943333333333335,11,32.943333333333335,0,1
112,4,0,0,2,2,2,2,0,0,0,-2,0,0,-2,0,0.4866666666666667,2,0.4866666666666667,0,0
113,625,0,0,25,25,25,25,0,0,0,-25,0,0,-25,0,150.35466666666667,25,150.35466666666667,0,0
114,121,0,0,11,11,11,11,0,0,0,-11,0,0,-11,0,27.554666666666666,11,27.554666666666666,0,0
115,4,0,0,2,2,2,2,0,0,0,-2,0,0,-2,0,0.5213333333333333,2,0.5213333333333333,0,0
116,625,0,0,25,25,25,25,0,0,0,-25,0,0,-25,0,150.12533333333334,25,150.12533333333334,0,0
117,1,25,25,26,26,-24,-24,625,625,50,24,0,625,24,0,650.0,1,25.0,25,25
118,100,0,0,10,10,10,10,0,0,0,-10,0,0,-10,0,22.432666666666666,10,22.432666666666666,0,0
119,100,0,0,10,10,10,10,0,0,0,-10,0,0,-10,0,22.35333333333333,10,22.35333333333333,0,0
120,1,25,0,26,1,-24,1,625,0,25,24,25,0,-1,-25,12.633333333333333,1,12.633333333333333,25,0
121,4,50,0,27,2,-23,2,625,0,25,23,25,0,-2,-25,25.886666666666667,2,25.886666666666667,25,0
122,1,12,0,13,1,-11,1,144,0,12,11,12,0,-1,-12,5.72,1,5.72,12,0
123,49,133,0,26,7,-12,7,361,0,19,12,19,0,-7,-19,77.50333333333333,7,77.50333333333333,19,0
124,1,0,25,1,26,1,-24,0,0,25,-1,-25,625,24,25,13.366666666666667,1,13.366666666666667,0,25
125,625,0,625,25,50,25,0,0,0,25,-25,-25,625,0,25,464.00933333333336,25,464.00933333333336,0,25
126,625,0,0,25,25,25,25,0,0,0,-25,0,0,-25,0,150.068,25,150.068,0,0
127,1,0,25,1,26,1,-24,0,0,25,-1,-25,625,24,25,12.8,1,12.8,0,25
128,121,275,0,36,11,-14,11,625,0,25,14,25,0,-11,-25,166.512,11,166.512,25,0
129,4,0,50,2,27,2,-23,0,0,25,-2,-25,625,23,25,24.361333333333334,2,24.361333333333334,0,25
130,121,275,0,36,11,-14,11,625,0,25,14,25,0,-11,-25,165.012,11,165.012,25,0
131,1,0,12,1,13,1,-11,0,0,12,-1,-12,144,11,12,6.016,1,6.016,0,12
132,121,275,0,36,11,-14,11,625,0,25,14,25,0,-11,-25,163.882,11,163.882,25,0
133,100,0,250,10,35,10,-15,0,0,25,-10,-25,625,15,25,146.104,10,146.104,0,25
134,625,625,0,50,25,0,25,625,0,25,0,25,0,-25,-25,459.48333333333335,25,459.48333333333335,25,0
135,625,0,625,25,50,25,0,0,0,25,-25,-25,625,0,25,464.2993333333333,25,464.2993333333333,0,25
136,1,25,0,26,1,-24,1,625,0,25,24,25,0,-1,-25,12.7,1,12.7,25,0
137,121,0,275,11,36,11,-14,0,0,25,-11,-25,625,14,25,166.75866666666667,11,166.75866666666667,0,25
138,100,250,0,35,10,-15,10,625,0,25,15,25,0,-10,-25,146.49066666666667,10,146.49066666666667,25,0
139,625,0,0,25,25,25,25,0,0,0,-25,0,0,-25,0,149.39733333333334,25,149.39733333333334,0,0
140,121,0,0,11,11,11,11,0,0,0,-11,0,0,-11,0,27.577333333333332,11,27.577333333333332,0,0
141,100,0,0,10,10,10,10,0,0,0,-10,0,0,-10,0,22.522,10,22.522,0,0
142,1,25,12,26,13,-24,-11,625,300,37,24,13,144,11,-13,318.58666666666664,1,18.586666666666645,25,12
143,625,0,0,25,25,25,25,0,0,0,-25,0,0,-25,0,149.96533333333332,25,149.96533333333332,0,0
144,1,0,0,1,1,1,1,0,0,0,-1,0,0,-1,0,0.0,1,0.0,0,0
145,169,0,0,13,13,13,13,0,0,0,-13,0,0,-13,0,39.16133333333333,13,39.16133333333333,0,0
146,1,25,25,26,26,-24,-24,625,625,50,24,0,625,24,0,650.0,1,25.0,25,25
147,1,0,0,1,1,1,1,0,0,0,-1,0,0,-1,0,0.0,1,0.0,0,0
148,4,0,0,2,2,2,2,0,0,0,-2,0,0,-2,0,0.512,2,0.512,0,0
149,1,12,0,13,1,-11,1,144,0,12,11,12,0,-1,-12,5.792,1,5.792,12,0
150,169,0,0,13,13,13,13,0,0,0,-13,0,0,-13,0,38.82933333333333,13,38.82933333333333,0,0
151,121,0,11,11,12,11,10,0,0,1,-11,-1,1,-10,1,32.943333333333335,11,32.943333333333335,0,1
152,4,0,0,2,2,2,2,0,0,0,-2,0,0,-2,0,0.4866666666666667,2,0.4866666666666667,0,0
153,625,0,0,25,25,25,25,0,0,0,-25,0,0,-25,0,150.35466666666667,25,150.35466666666667,0,0
154,121,0,0,11,11,11,11,0,0,0,-11,0,0,-11,0,27.554666666666666,11,27.554666666666666,0,0
155,4,0,0,2,2,2,2,0,0,0,-2,0,0,-2,0,0.5213333333333333,2,0.5213333333333333,0,0
156,625,0,0,25,25,25,25,0,0,0,-25,0,0,-25,0,150.12533333333334,25,150.12533333333334,0,0
157,1,25,25,26,26,-24,-24,625,625,50,24,0,625,24,0,650.0,1,25.0,25,25
158,100,0,0,10,10,10,10,0,0,0,-10,0,0,-10,0,22.432666666666666,10,22.432666666666666,0,0
159,100,0,0,10,10,10,10,0,0,0,-10,0,0,-10,0,22.35333333333333,10,22.35333333333333,0,0
160,1,25,0,26,1,-24,1,625,0,25,24,25,0,-1,-25,12.633333333333333,1,12.633333333333333,25,0
161,4,50,0,27,2,-23,2,625,0,25,23,25,0,-2,-25,25.886666666666667,2,25.886666666666667,25,0
162,1,12,0,13,1,-11,1,144,0,12,11,12,0,-1,-12,5.72,1,5.72,12,0
163,49,133,0,26,7,-12,7,361,0,19,12,19,0,-7,-19,77.50333333333333,7,77.50333333333333,19,0
164,1,0,25,1,26,1,-24,0,0,25,-1,-25,625,24,25,13.366666666666667,1,13.366666666666667,0,25
165,625,0,625,25,50,25,0,0,0,25,-25,-25,625,0,25,464.00933333333336,25,464.00933333333336,0,25
166,625,0,0,25,25,25,25,0,0,0,-25,0,0,-25,0,150.068,25,150.068,0,0
167,1,0,25,1,26,1,-24,0,0,25,-1,-25,625,24,25,12.8,1,12.8,0,25
168,121,275,0,36,11,-14,11,625,0,25,14,25,0,-11,-25,166.512,11,166.512,25,0
169,4,0,50,2,27,2,-23,0,0,25,-2,-25,625,23,25,24.361333333333334,2,24.361333333333334,0,25
170,121,275,0,36,11,-14,11,625,0,25,14,25,0,-11,-25,165.012,11,165.012,25,0
171,1,0,12,1,13,1,-11,0,0,12,-1,-12,144,11,12,6.016,1,6.016,0,12
172,121,275,0,36,11,-14,11,625,0,25,14,25,0,-11,-25,163.882,11,163.882,25,0
173,100,0,250,10,35,10,-15,0,0,25,-10,-25,625,15,25,146.104,10,146.104,0,25
174,625,625,0,50,25,0,25,625,0,25,0,25,0,-25,-25,459.48333333333335,25,459.48333333333335,25,0
175,625,0,625,25,50,25,0,0,0,25,-25,-25,625,0,25,464.2993333333333,25,464.2993333333333,0,25
176,1,25,0,26,1,-24,1,625,0,25,24,25,0,-1,-25,12.7,1,12.7,25,0
177,121,0,275,11,36,11,-14,0,0,25,-11,-25,625,14,25,166.75866666666667,11,166.75866666666667,0,25
178,100,250,0,35,10,-15,10,625,0,25,15,25,0,-10,-25,146.49066666666667,10,146.49066666666667,25,0
179,625,0,0,25,25,25,25,0,0,0,-25,0,0,-25,0,149.39733333333334,25,149.39733333333334,0,0
180,121,0,0,11,11,11,11,0,0,0,-11,0,0,-11,0,27.577333333333332,11,27.577333333333332,0,0
181,100,0,0,10,10,10,10,0,0,0,-10,0,0,-10,0,22.522,10,22.522,0,0
182,1,25,12,26,13,-24,-11,625,300,37,24,13,144,11,-13,318.58666666666664,1,18.586666666666645,25,12
183,625,0,0,25,25,25,25,0,0,0,-25,0,0,-25,0,149.96533333333332,25,149.96533333333332,0,0
184,1,0,0,1,1,1,1,0,0,0,-1,0,0,-1,0,0.0,1,0.0,0,0
185,169,0,0,13,13,13,13,0,0,0,-13,0,0,-13,0,39.16133333333333,13,39.16133333333333,0,0
186,1,25,25,26,26,-24,-24,625,625,50,24,0,625,24,0,650.0,1,25.0,25,25
187,1,0,0,1,1,1,1,0,0,0,-1,0,0,-1,0,0.0,1,0.0,0,0
188,4,0,0,2,2,2,2,0,0,0,-2,0,0,-2,0,0.512,2,0.512,0,0
189,1,12,0,13,1,-11,1,144,0,12,11,12,0,-1,-12,5.792,1,5.792,12,0
190,169,0,0,13,13,13,13,0,0,0,-13,0,0,-13,0,38.82933333333333,13,38.82933333333333,0,0
191,121,0,11,11,12,11,10,0,0,1,-11,-1,1,-10,1,32.943333333333335,11,32.943333333333335,0,1
192,4,0,0,2,2,2,2,0,0,0,-2,0,0,-2,0,0.4866666666666667,2,0.4866666666666667,0,0
193,625,0,0,25,25,25,25,0,0,0,-25,0,0,-25,0,150.35466666666667,25,150.35466666666667,0,0
194,121,0,0,11,11,11,11,0,0,0,-11,0,0,-11,0,27.554666666666666,11,27.554666666666666,0,0
195,4,0,0,2,2,2,2,0,0,0,-2,0,0,-2,0,0.5213333333333333,2,0.5213333333333333,0,0
196,625,0,0,25,25,25,25,0,0,0,-25,0,0,-25,0,150.12533333333334,25,150.12533333333334,0,0
197,1,25,25,26,26,-24,-24,625,625,50,24,0,625,24,0,650.0,1,25.0,25,25
198,100,0,0,10,10,10,10,0,0,0,-10,0,0,-10,0,22.432666666666666,10,22.432666666666666,0,0
199,100,0,0,10,10,10,10,0,0,0,-10,0,0,-10,0,22.35333333333333,10,22.35333333333333,0,0
200,1,25,0,26,1,-24,1,625,0,25,24,25,0,-1,-25,12.633333333333333,1,12.633333333333333,25,0
201,4,50,0,27,2,-23,2,625,0,25,23,25,0,-2,-25,25.886666666666667,2,25.886666666666667,25,0
202,1,12,0,13,1,-11,1,144,0,12,11,12,0,-1,-12,5.72,1,5.72,12,0
203,49,133,0,26,7,-12,7,361,0,19,12,19,0,-7,-19,77.50333333333333,7,77.50333333333333,19,0
204,1,0,25,1,26,1,-24,0,0,25,-1,-25,625,24,25,13.366666666666667,1,13.366666666666667,0,25
205,625,0,625,25,50,25,0,0,0,25,-25,-25,625,0,25,464.00933333333336,25,464.00933333333336,0,25
206,625,0,0,25,25,25,25,0,0,0,-25,0,0,-25,0,150.068,25,150.068,0,0
207,1,0,25,1,26,1,-24,0,0,25,-1,-25,625,24,25,12.8,1,12.8,0,25
208,121,275,0,36,11,-14,11,625,0,25,14,25,0,-11,-25,166.512,11,166.512,25,0
209,4,0,50,2,27,2,-23,0,0,25,-2,-25,625,23,25,24.361333333333334,2,24.361333333333334,0,25
210,121,275,0,36,11,-14,11,625,0,25,14,25,0,-11,-25,165.012,11,165.012,25,0
211,1,0,12,1,13,1,-11,0,0,12,-1,-12,144,11,12,6.016,1,6.016,0,12
212,121,275,0,36,11,-14,11,625,0,25,14,25,0,-11,-25,163.882,11,163.882,25,0
213,100,0,250,10,35,10,-15,0,0,25,-10,-25,625,15,25,146.104,10,146.104,0,25
214,625,625,0,50,25,0,25,625,0,25,0,25,0,-25,-25,459.48333333333335,25,459.48333333333335,25,0
215,625,0,625,25,50,25,0,0,0,25,-25,-25,625,0,25,464.2993333333333,25,464.2993333333333,0,25
216,1,25,0,26,1,-24,1,625,0,25,24,25,0,-1,-25,12.7,1,12.7,25,0
217,121,0,275,11,36,11,-14,0,0,25,-11,-25,625,14,25,166.75866666666667,11,166.75866666666667,0,25
218,100,250,0,35,10,-15,10,625,0,25,15,25,0,-10,-25,146.49066666666667,10,146.49066666666667,25,0
219,625,0,0,25,25,25,25,0,0,0,-25,0,0,-25,0,149.39733333333334,25,149.39733333333334,0,0
220,121,0,0,11,11,11,11,0,0,0,-11,0,0,-11,0,27.577333333333332,11,27.577333333333332,0,0
221,100,0,0,10,10,10,10,0,0,0,-10,0,0,-10,0,22.522,10,22.522,0,0
222,1,25,12,26,13,-24,-11,625,300,37,24,13,144,11,-13,318.58666666666664,1,18.586666666666645,25,12
223,625,0,0,25,25,25,25,0,0,0,-25,0,0,-25,0,149.96533333333332,25,149.96533333333332,0,0
224,1,0,0,1,1,1,1,0,0,0,-1,0,0,-1,0,0.0,1,0.0,0,0
225,169,0,0,13,13,13,13,0,0,0,-13,0,0,-13,0,39.16133333333333,13,39.16133333333333,0,0
226,1,25,25,26,26,-24,-24,625,625,50,24,0,625,24,0,650.0,1,25.0,25,25
227,1,0,0,1,1,1,1,0,0,0,-1,0,0,-1,0,0.0,1,0.0,0,0
228,4,0,0,2,2,2,2,0,0,0,-2,0,0,-2,0,0.512,2,0.512,0,0
229,1,12,0,13,1,-11,1,144,0,12,11,12,0,-1,-12,5.792,1,5.792,12,0
230,169,0,0,13,13,13,13,0,0,0,-13,0,0,-13,0,38.82933333333333,13,38.82933333333333,0,0
231,121,0,11,11,12,11,10,0,0,1,-11,-1,1,-10,1,32.943333333333335,11,32.943333333333335,0,1
232,4,0,0,2,2,2,2,0,0,0,-2,0,0,-2,0,0.4866666666666667,2,0.4866666666666667,0,0
233,625,0,0,25,25,25,25,0,0,0,-25,0,0,-25,0,150.35466666666667,25,150.35466666666667,0,0
234,121,0,0,11,11,11,11,0,0,0,-11,0,0,-11,0,27.554666666666666,11,27.554666666666666,0,0
235,4,0,0,2,2,2,2,0,0,0,-2,0,0,-2,0,0.5213333333333333,2,0.5213333333333333,0,0
236,625,0,0,25,25,25,25,0,0,0,-25,0,0,-25,0,150.12533333333334,25,150.12533333333334,0,0
237,1,25,25,26,26,-24,-24,625,625,50,24,0,625,24,0,650.0,1,25.0,25,25
238,100,0,0,10,10,10,10,0,0,0,-10,0,0,-10,0,22.432666666666666,10,22.432666666666666,0,0
239,100,0,0,10,10,10,10,0,0,0,-10,0,0,-10,0,22.35333333333333,10,22.35333333333333,0,0
240,1,25,0,26,1,-24,1,625,0,25,24,25,0,-1,-25,12.633333333333333,1,12.633333333333333,25,0
241,4,50,0,27,2,-23,2,625,0,25,23,25,0,-2,-25,25.886666666666667,2,25.886666666666667,25,0
242,1,12,0,13,1,-11,1,144,0,12,11,12,0,-1,-12,5.72,1,5.72,12,0
243,49,133,0,26,7,-12,7,361,0,19,12,19,0,-7,-19,77.50333333333333,7,77.50333333333333,19,0
244,1,0,25,1,26,1,-24,0,0,25,-1,-25,625,24,25,13.366666666666667,1,13.366666666666667,0,25
245,625,0,625,25,50,25,0,0,0,25,-25,-25,625,0,25,464.00933333333336,25,464.00933333333336,0,25
246,625,0,0,25,25,25,25,0,0,0,-25,0,0,-25,0,150.068,25,150.068,0,0
247,1,0,25,1,26,1,-24,0,0,25,-1,-25,625,24,25,12.8,1,12.8,0,25
248,121,275,0,36,11,-14,11,625,0,25,14,25,0,-11,-25,166.512,11,166.512,25,0
249,4,0,50,2,27,2,-23,0,0,25,-2,-25,625,23,25,24.361333333333334,2,24.361333333333334,0,25
250,121,275,0,36,11,-14,11,625,0,25,14,25,0,-11,-25,165.012,11,165.012,25,0
251,1,0,12,1,13,1,-11,0,0,12,-1,-12,144,11,12,6.016,1,6.016,0,12
252,121,275,0,36,11,-14,11,625,0,25,14,25,0,-11,-25,163.882,11,163.882,25,0
253,100,0,250,10,35,10,-15,0,0,25,-10,-25,625,15,25,146.104,10,146.104,0,25
254,625,625,0,50,25,0,25,625,0,25,0,25,0,-25,-25,459.48333333333335,25,459.48333333333335,25,0
255,625,0,625,25,50,25,0,0,0,25,-25,-25,625,0,25,464.2993333333333,25,464.2993333333333,0,25
256,1,25,0,26,1,-24,1,625,0,25,24,25,0,-1,-25,12.7,1,12.7,25,0
257,121,0,275,11,36,11,-14,0,0,25,-11,-25,625,14,25,166.75866666666667,11,166.75866666666667,0,25
258,100,250,0,35,10,-15,10,625,0,25,15,25,0,-10,-25,146.49066666666667,10,146.49066666666667,25,0
259,625,0,0,25,25,25,25,0,0,0,-25,0,0,-25,0,149.39733333333334,25,149.39733333333334,0,0
260,121,0,0,11,11,11,11,0,0,0,-11,0,0,-11,0,27.577333333333332,11,27.577333333333332,0,0
261,100,0,0,10,10,10,10,0,0,0,-10,0,0,-10,0,22.522,10,22.522,0,0
262,1,25,12,26,13,-24,-11,625,300,37,24,13,144,11,-13,318.58666666666664,1,18.586666666666645,25,12
263,625,0,0,25,25,25,25,0,0,0,-25,0,0,-25,0,149.96533333333332,25,149.96533333333332,0,0
264,1,0,0,1,1,1,1,0,0,0,-1,0,0,-1,0,0.0,1,0.0,0,0
265,169,0,0,13,13,13,13,0,0,0,-13,0,0,-13,0,39.16133333333333,13,39.16133333333333,0,0
266,1,25,25,26,26,-24,-24,625,625,50,24,0,625,24,0,650.0,1,25.0,25,25
267,1,0,0,1,1,1,1,0,0,0,-1,0,0,-1,0,0.0,1,0.0,0,0
268,4,0,0,2,2,2,2,0,0,0,-2,0,0,-2,0,0.512,2,0.512,0,0
269,1,12,0,13,1,-11,1,144,0,12,11,12,0,-1,-12,5.792,1,5.792,12,0
270,169,0,0,13,13,13,13,0,0,0,-13,0,0,-13,0,38.82933333333333,13,38.82933333333333,0,0
271,121,0,11,11,12,11,10,0,0,1,-11,-1,1,-10,1,32.943333333333335,11,32.943333333333335,0,1
272,4,0,0,2,2,2,2,0,0,0,-2,0,0,-2,0,0.4866666666666667,2,0.4866666666666667,0,0
273,625,0,0,25,25,25,25,0,0,0,-25,0,0,-25,0,150.35466666666667,25,150.35466666666667,0,0
274,121,0,0,11,11,11,11,0,0,0,-11,0,0,-11,0,27.554666666666666,11,27.554666666666666,0,0
275,4,0,0,2,2,2,2,0,0,0,-2,0,0,-2,0,0.5213333333333333,2,0.5213333333333333,0,0
276,625,0,0,25,25,25,25,0,0,0,-25,0,0,-25,0,150.12533333333334,25,150.12533333333334,0,0
277,1,25,25,26,26,-24,-24,625,625,50,24,0,625,24,0,650.0,1,25.0,25,25
278,100,0,0,10,10,10,10,0,0,0,-10,0,0,-10,0,22.432666666666666,10,22.432666666666666,0,0
279,100,0,0,10,10,10,10,0,0,0,-10,0,0,-10,0,22.35333333333333,10,22.35333333333333,0,0
280,1,25,0,26,1,-24,1,625,0,25,24,25,0,-1,-25,12.633333333333333,1,12.633333333333333,25,0
281,4,50,0,27,2,-23,2,625,0,25,23,25,0,-2,-25,25.886666666666667,2,25.886666666666667,25,0
282,1,12,0,13,1,-11,1,144,0,12,11,12,0,-1,-12,5.72,1,5.72,12,0
283,49,133,0,26,7,-12,7,361,0,19,12,19,0,-7,-19,77.50333333333333,7,77.50333333333333,19,0
284,1,0,25,1,26,1,-24,0,0,25,-1,-25,625,24,25,13.366666666666667,1,13.366666666666667,0,25
285,625,0,625,25,50,25,0,0,0,25,-25,-25,625,0,25,464.00933333333336,25,464.00933333333336,0,25
286,625,0,0,25,25,25,25,0,0,0,-25,0,0,-25,0,150.068,25,150.068,0,0
287,1,0,25,1,26,1,-24,0,0,25,-1,-25,625,24,25,12.8,1,12.8,0,25
288,121,275,0,36,11,-14,11,625,0,25,14,25,0,-11,-25,166.512,11,166.512,25,0
289,4,0,50,2,27,2,-23,0,0,25,-2,-25,625,23,25,24.361333333333334,2,24.361333333333334,0,25
290,121,275,0,36,11,-14,11,625,0,25,14,25,0,-11,-25,165.012,11,165.012,25,0
291,1,0,12,1,13,1,-11,0,0,12,-1,-12,144,11,12,6.016,1,6.016,0,12
292,121,275,0,36,11,-14,11,625,0,25,14,25,0,-11,-25,163.882,11,163.882,25,0
293,100,0,250,10,35,10,-15,0,0,25,-10,-25,625,15,25,146.104,10,146.104,0,25
294,625,625,0,50,25,0,25,625,0,25,0,25,0,-25,-25,459.48333333333335,25,459.48333333333335,25,0
295,625,0,625,25,50,25,0,0,0,25,-25,-25,625,0,25,464.2993333333333,25,464.2993333333333,0,25
296,1,25,0,26,1,-24,1,625,0,25,24,25,0,-1,-25,12.7,1,12.7,25,0
297,121,0,275,11,36,11,-14,0,0,25,-11,-25,625,14,25,166.75866666666667,11,166.75866666666667,0,25
298,100,250,0,35,10,-15,10,625,0,25,15,25,0,-10,-25,146.49066666666667,10,146.49066666666667,25,0
299,625,0,0,25,25,25,25,0,0,0,-25,0,0,-25,0,149.39733333333334,25,149.39733333333334,0,0
300,121,0,0,11,11,11,11,0,0,0,-11,0,0,-11,0,27.577333333333332,11,27.577333333333332,0,0
301,100,0,0,10,10,10,10,0,0,0,-10,0,0,-10,0,22.522,10,22.522,0,0
302,1,25,12,26,13,-24,-11,625,300,37,24,13,144,11,-13,318.58666666666664,1,18.586666666666645,25,12
303,625,0,0,25,25,25,25,0,0,0,-25,0,0,-25,0,149.96533333333332,25,149.96533333333332,0,0
304,1,0,0,1,1,1,1,0,0,0,-1,0,0,-1,0,0.0,1,0.0,0,0
305,169,0,0,13,13,13,13,0,0,0,-13,0,0,-13,0,39.16133333333333,13,39.16133333333333,0,0
306,1,25,25,26,26,-24,-24,625,625,50,24,0,625,24,0,650.0,1,25.0,25,25
307,1,0,0,1,1,1,1,0,0,0,-1,0,0,-1,0,0.0,1,0.0,0,0
308,4,0,0,2,2,2,2,0,0,0,-2,0,0,-2,0,0.512,2,0.512,0,0
309,1,12,0,13,1,-11,1,144,0,12,11,12,0,-1,-12,5.792,1,5.792,12,0
310,169,0,0,13,13,13,13,0,0,0,-13,0,0,-13,0,38.82933333333333,13,38.82933333333333,0,0
311,121,0,11,11,12,11,10,0,0,1,-11,-1,1,-10,1,32.943333333333335,11,32.943333333333335,0,1
312,4,0,0,2,2,2,2,0,0,0,-2,0,0,-2,0,0.4866666666666667,2,0.4866666666666667,0,0
313,625,0,0,25,25,25,25,0,0,0,-25,0,0,-25,0,150.35466666666667,25,150.35466666666667,0,0
314,121,0,0,11,11,11,11,0,0,0,-11,0,0,-11,0,27.554666666666666,11,27.554666666666666,0,0
315,4,0,0,2,2,2,2,0,0,0,-2,0,0,-2,0,0.5213333333333333,2,0.5213333333333333,0,0
316,625,0,0,25,25,25,25,0,0,0,-25,0,0,-25,0,150.12533333333334,25,150.12533333333334,0,0
317,1,25,25,26,26,-24,-24,625,625,50,24,0,625,24,0,650.0,1,25.0,25,25
318,100,0,0,10,10,10,10,0,0,0,-10,0,0,-10,0,22.432666666666666,10,22.432666666666666,0,0
319,100,0,0,10,10,10,10,0,0,0,-10,0,0,-10,0,22.35333333333333,10,22.35333333333333,0,0
320,1,25,0,26,1,-24,1,625,0,25,24,25,0,-1,-25,12.633333333333333,1,12.633333333333333,25,0
321,4,50,0,27,2,-23,2,625,0,25,23,25,0,-2,-25,25.886666666666667,2,25.886666666666667,25,0
322,1,12,0,13,1,-11,1,144,0,12,11,12,0,-1,-12,5.72,1,5.72,12,0
323,49,133,0,26,7,-12,7,361,0,19,12,19,0,-7,-19,77.50333333333333,7,77.50333333333333,19,0
324,1,0,25,1,26,1,-24,0,0,25,-1,-25,625,24,25,13.366666666666667,1,13.366666666666667,0,25
325,625,0,625,25,50,25,0,0,0,25,-25,-25,625,0,25,464.00933333333336,25,464.00933333333336,0,25
326,625,0,0,25,25,25,25,0,0,0,-25,0,0,-25,0,150.068,25,150.068,0,0
327,1,0,25,1,26,1,-24,0,0,25,-1,-25,625,24,25,12.8,1,12.8,0,25
328,121,275,0,36,11,-14,11,625,0,25,14,25,0,-11,-25,166.512,11,166.512,25,0
329,4,0,50,2,27,2,-23,0,0,25,-2,-25,625,23,25,24.361333333333334,2,24.361333333333334,0,25
330,121,275,0,36,11,-14,11,625,0,25,14,25,0,-11,-25,165.012,11,165.012,25,0
331,1,0,12,1,13,1,-11,0,0,12,-1,-12,144,11,12,6.016,1,6.016,0,12
332,121,275,0,36,11,-14,11,625,0,25,14,25,0,-11,-25,163.882,11,163.882,25,0
333,100,0,250,10,35,10,-15,0,0,25,-10,-25,625,15,25,146.104,10,146.104,0,25
334,625,625,0,50,25,0,25,625,0,25,0,25,0,-25,-25,459.48333333333335,25,459.48333333333335,25,0
335,625,0,625,25,50,25,0,0,0,25,-25,-25,625,0,25,464.2993333333333,25,464.2993333333333,0,25
336,1,25,0,26,1,-24,1,625,0,25,24,25,0,-1,-25,12.7,1,12.7,25,0
337,121,0,275,11,36,11,-14,0,0,25,-11,-25,625,14,25,166.75866666666667,11,166.75866666666667,0,25
338,100,250,0,35,10,-15,10,625,0,25,15,25,0,-10,-25,146.49066666666667,10,146.49066666666667,25,0
339,625,0,0,25,25,25,25,0,0,0,-25,0,0,-25,0,149.39733333333334,25,149.39733333333334,0,0
340,121,0,0,11,11,11,11,0,0,0,-11,0,0,-11,0,27.577333333333332,11,27.577333333333332,0,0
341,100,0,0,10,10,10,10,0,0,0,-10,0,0,-10,0,22.522,10,22.522,0,0
342,1,25,12,26,13,-24,-11,625,300,37,24,13,144,11,-13,318.58666666666664,1,18.586666666666645,25,12
343,625,0,0,25,25,25,25,0,0,0,-25,0,0,-25,0,149.96533333333332,25,149.96533333333332,0,0
344,1,0,0,1,1,1,1,0,0,0,-1,0,0,-1,0,0.0,1,0.0,0,0
345,169,0,0,13,13,13,13,0,0,0,-13,0,0,-13,0,39.16133333333333,13,39.16133333333333,0,0
346,1,25,25,26,26,-24,-24,625,625,50,24,0,625,24,0,650.0,1,25.0,25,25
347,1,0,0,1,1,1,1,0,0,0,-1,0,0,-1,0,0.0,1,0.0,0,0
348,4,0,0,2,2,2,2,0,0,0,-2,0,0,-2,0,0.512,2,0.512,0,0
349,1,12,0,13,1,-11,1,144,0,12,11,12,0,-1,-12,5.792,1,5.792,12,0
350,169,0,0,13,13,13,13,0,0,0,-13,0,0,-13,0,38.82933333333333,13,38.82933333333333,0,0
351,121,0,11,11,12,11,10,0,0,1,-11,-1,1,-10,1,32.943333333333335,11,32.943333333333335,0,1
352,4,0,0,2,2,2,2,0,0,0,-2,0,0,-2,0,0.4866666666666667,2,0.4866666666666667,0,0
353,625,0,0,25,25,25,25,0,0,0,-25,0,0,-25,0,150.35466666666667,25,150.35466666666667,0,0
354,121,0,0,11,11,11,11,0,0,0,-11,0,0,-11,0,27.554666666666666,11,27.554666666666666,0,0
355,4,0,0,2,2,2,2,0,0,0,-2,0,0,-2,0,0.5213333333333333,2,0.5213333333333333,0,0
356,625,0,0,25,25,25,25,0,0,0,-25,0,0,-25,0,150.12533333333334,25,150.12533333333334,0,0
357,1,25,25,26,26,-24,-24,625,625,50,24,0,625,24,0,650.0,1,25.0,25,25
358,100,0,0,10,10,10,10,0,0,0,-10,0,0,-10,0,22.432666666666666,10,22.432666666666666,0,0
359,100,0,0,10,10,10,10,0,0,0,-10,0,0,-10,0,22.35333333333333,10,22.35333333333333,0,0
360,1,25,0,26,1,-24,1,625,0,25,24,25,0,-1,-25,12.633333333333333,1,12.633333333333333,25,0
361,4,50,0,27,2,-23,2,625,0,25,23,25,0,-2,-25,25.886666666666667,2,25.886666666666667,25,0
362,1,12,0,13,1,-11,1,144,0,12,11,12,0,-1,-12,5.72,1,5.72,12,0
363,49,133,0,26,7,-12,7,361,0,19,12,19,0,-7,-19,77.50333333333333,7,77.50333333333333,19,0
364,1,0,25,1,26,1,-24,0,0,25,-1,-25,625,24,25,13.366666666666667,1,13.366666666666667,0,25
365,625,0,625,25,50,25,0,0,0,25,-25,-25,625,0,25,464.00933333333336,25,464.00933333333336,0,25
366,625,0,0,25,25,25,25,0,0,0,-25,0,0,-25,0,150.068,25,150.068,0,0
367,1,0,25,1,26,1,-24,0,0,25,-1,-25,625,24,25,12.8,1,12.8,0,25
368,121,275,0,36,11,-14,11,625,0,25,14,25,0,-11,-25,166.512,11,166.512,25,0
369,4,0,50,2,27,2,-23,0,0,25,-2,-25,625,23,25,24.361333333333334,2,24.361333333333334,0,25
370,121,275,0,36,11,-14,11,625,0,25,14,25,0,-11,-25,165.012,11,165.012,25,0
371,1,0,12,1,13,1,-11,0,0,12,-1,-12,144,11,12,6.016,1,6.016,0,12
372,121,275,0,36,11,-14,11,625,0,25,14,25,0,-11,-25,163.882,11,163.882,25,0
373,100,0,250,10,35,10,-15,0,0,25,-10,-25,625,15,25,146.104,10,146.104,0,25
374,625,625,0,50,25,0,25,625,0,25,0,25,0,-25,-25,459.48333333333335,25,459.48333333333335,25,0
375,625,0,625,25,50,25,0,0,0,25,-25,-25,625,0,25,464.2993333333333,25,464.2993333333333,0,25
376,1,25,0,26,1,-24,1,625,0,25,24,25,0,-1,-25,12.7,1,12.7,25,0
377,121,0,275,11,36,11,-14,0,0,25,-11,-25,625,14,25,166.75866666666667,11,166.75866666666667,0,25
378,100,250,0,35,10,-15,10,625,0,25,15,25,0,-10,-25,146.49066666666667,10,146.49066666666667,25,0
379,625,0,0,25,25,25,25,0,0,0,-25,0,0,-25,0,149.39733333333334,25,149.39733333333334,0,0
380,121,0,0,11,11,11,11,0,0,0,-11,0,0,-11,0,27.577333333333332,11,27.577333333333332,0,0
381,100,0,0,10,10,10,10,0,0,0,-10,0,0,-10,0,22.522,10,22.522,0,0
382,1,25,12,26,13,-24,-11,625,300,37,24,13,144,11,-13,318.58666666666664,1,18.586666666666645,25,12
383,625,0,0,25,25,25,25,0,0,0,-25,0,0,-25,0,149.96533333333332,25,149.96533333333332,0,0
384,1,0,0,1,1,1,1,0,0,0,-1,0,0,-1,0,0.0,1,0.0,0,0
385,169,0,0,13,13,13,13,0,0,0,-13,0,0,-13,0,39.16133333333333,13,39.16133333333333,0,0
386,1,25,25,26,26,-24,-24,625,625,50,24,0,625,24,0,650.0,1,25.0,25,25
387,1,0,0,1,1,1,1,0,0,0,-1,0,0,-1,0,0.0,1,0.0,0,0
388,4,0,0,2,2,2,2,0,0,0,-2,0,0,-2,0,0.512,2,0.512,0,0
389,1,12,0,13,1,-11,1,144,0,12,11,12,0,-1,-12,5.792,1,5.792,12,0
390,169,0,0,13,13,13,13,0,0,0,-13,0,0,-13,0,38.82933333333333,13,38.82933333333333,0,0
391,121,0,11,11,12,11,10,0,0,1,-11,-1,1,-10,1,32.943333333333335,11,32.943333333333335,0,1
392,4,0,0,2,2,2,2,0,0,0,-2,0,0,-2,0,0.4866666666666667,2,0.4866666666666667,0,0
393,625,0,0,25,25,25,25,0,0,0,-25,0,0,-25,0,150.35466666666667,25,150.35466666666667,0,0
394,121,0,0,11,11,11,11,0,0,0,-11,0,0,-11,0,27.554666666666666,11,27.554666666666666,0,0
395,4,0,0,2,2,2,2,0,0,0,-2,0,0,-2,0,0.5213333333333333,2,0.5213333333333333,0,0
396,625,0,0,25,25,25,25,0,0,0,-25,0,0,-25,0,150.12533333333334,25,150.12533333333334,0,0
397,1,25,25,26,26,-24,-24,625,625,50,24,0,625,24,0,650.0,1,25.0,25,25
398,100,0,0,10,10,10,10,0,0,0,-10,0,0,-10,0,22.432666666666666,10,22.432666666666666,0,0
399,100,0,0,10,10,10,10,0,0,0,-10,0,0,-10,0,22.35333333333333,10,22.35333333333333,0,0
400,1,25,0,26,1,-24,1,625,0,25,24,25,0,-1,-25,12.633333333333333,1,12.633333333333333,25,0
401,4,50,0,27,2,-23,2,625,0,25,23,25,0,-2,-25,25.886666666666667,2,25.886666666666667,25,0
402,1,12,0,13,1,-11,1,144,0,12,11,12,0,-1,-12,5.72,1,5.72,12,0
403,49,133,0,26,7,-12,7,361,0,19,12,19,0,-7,-19,77.50333333333333,7,77.50333333333333,19,0
404,1,0,25,1,26,1,-24,0,0,25,-1,-25,625,24,25,13.366666666666667,1,13.366666666666667,0,25
405,625,0,625,25,50,25,0,0,0,25,-25,-25,625,0,25,464.00933333333336,25,464.00933333333336,0,25
406,625,0,0,25,25,25,25,0,0,0,-25,0,0,-25,0,150.068,25,150.068,0,0
407,1,0,25,1,26,1,-24,0,0,25,-1,-25,625,24,25,12.8,1,12.8,0,25
408,121,275,0,36,11,-14,11,625,0,25,14,25,0,-11,-25,166.512,11,166.512,25,0
409,4,0,50,2,27,2,-23,0,0,25,-2,-25,625,23,25,24.361333333333334,2,24.361333333333334,0,25
410,121,275,0,36,11,-14,11,625,0,25,14,25,0,-11,-25,165.012,11,165.012,25,0
411,1,0,12,1,13,1,-11,0,0,12,-1,-12,144,11,12,6.016,1,6.016,0,12
412,121,275,0,36,11,-14,11,625,0,25,14,25,0,-11,-25,163.882,11,163.882,25,0
413,100,0,250,10,35,10,-15,0,0,25,-10,-25,625,15,25,146.104,10,146.104,0,25
414,625,625,0,50,25,0,25,625,0,25,0,25,0,-25,-25,459.48333333333335,25,459.48333333333335,25,0
415,625,0,625,25,50,25,0,0,0,25,-25,-25,625,0,25,464.2993333333333,25,464.2993333333333,0,25
416,1,25,0,26,1,-24,1,625,0,25,24,25,0,-1,-25,12.7,1,12.7,25,0
417,121,0,275,11,36,11,-14,0,0,25,-11,-25,625,14,25,166.75866666666667,11,166.75866666666667,0,25
418,100,250,0,35,10,-15,10,625,0,25,15,25,0,-10,-25,146.49066666666667,10,146.49066666666667,25,0
419,625,0,0,25,25,25,25,0,0,0,-25,0,0,-25,0,149.39733333333334,25,149.39733333333334,0,0
420,121,0,0,11,11,11,11,0,0,0,-11,0,0,-11,0,27.577333333333332,11,27.577333333333332,0,0
421,100,0,0,10,10,10,10,0,0,0,-10,0,0,-10,0,22.522,10,22.522,0,0
422,1,25,12,26,13,-24,-11,625,300,37,24,13,144,11,-13,318.58666666666664,1,18.586666666666645,25,12
423,625,0,0,25,25,25,25,0,0,0,-25,0,0,-25,0,149.96533333333332,25,149.96533333333332,0,0
424,1,0,0,1,1,1,1,0,0,0,-1,0,0,-1,0,0.0,1,0.0,0,0
425,169,0,0,13,13,13,13,0,0,0,-13,0,0,-13,0,39.16133333333333,13,39.16133333333333,0,0
426,1,25,25,26,26,-24,-24,625,625,50,24,0,625,24,0,650.0,1,25.0,25,25
427,1,0,0,1,1,1,1,0,0,0,-1,0,0,-1,0,0.0,1,0.0,0,0
428,4,0,0,2,2,2,2,0,0,0,-2,0,0,-2,0,0.512,2,0.512,0,0
429,1,12,0,13,1,-11,1,144,0,12,11,12,0,-1,-12,5.792,1,5.792,12,0
430,169,0,0,13,13,13,13,0,0,0,-13,0,0,-13,0,38.82933333333333,13,38.82933333333333,0,0
431,121,0,11,11,12,11,10,0,0,1,-11,-1,1,-10,1,32.943333333333335,11,32.943333333333335,0,1
432,4,0,0,2,2,2,2,0,0,0,-2,0,0,-2,0,0.4866666666666667,2,0.4866666666666667,0,0
433,625,0,0,25,25,25,25,0,0,0,-25,0,0,-25,0,150.35466666666667,25,150.35466666666667,0,0
434,121,0,0,11,11,11,11,0,0,0,-11,0,0,-11,0,27.554666666666666,11,27.554666666666666,0,0
435,4,0,0,2,2,2,2,0,0,0,-2,0,0,-2,0,0.5213333333333333,2,0.5213333333333333,0,0
436,625,0,0,25,25,25,25,0,0,0,-25,0,0,-25,0,150.12533333333334,25,150.12533333333334,0,0
437,1,25,25,26,26,-24,-24,625,625,50,24,0,625,24,0,650.0,1,25.0,25,25
438,100,0,0,10,10,10,10,0,0,0,-10,0,0,-10,0,22.432666666666666,10,22.432666666666666,0,0
439,100,0,0,10,10,10,10,0,0,0,-10,0,0,-10,0,22.35333333333333,10,22.35333333333333,0,0
440,1,25,0,26,1,-24,1,625,0,25,24,25,0,-1,-25,12.633333333333333,1,12.633333333333333,25,0
441,4,50,0,27,2,-23,2,625,0,25,23,25,0,-2,-25,25.886666666666667,2,25.886666666666667,25,0
442,1,12,0,13,1,-11,1,144,0,12,11,12,0,-1,-12,5.72,1,5.72,12,0
443,49,133,0,26,7,-12,7,361,0,19,12,19,0,-7,-19,77.50333333333333,7,77.50333333333333,19,0
444,1,0,25,1,26,1,-24,0,0,25,-1,-25,625,24,25,13.366666666666667,1,13.366666666666667,0,25
445,625,0,625,25,50,25,0,0,0,25,-25,-25,625,0,25,464.00933333333336,25,464.00933333333336,0,25
446,625,0,0,25,25,25,25,0,0,0,-25,0,0,-25,0,150.068,25,150.068,0,0
447,1,0,25,1,26,1,-24,0,0,25,-1,-25,625,24,25,12.8,1,12.8,0,25
448,121,275,0,36,11,-14,11,625,0,25,14,25,0,-11,-25,166.512,11,166.512,25,0
449,4,0,50,2,27,2,-23,0,0,25,-2,-25,625,23,25,24.361333333333334,2,24.361333333333334,0,25
450,121,275,0,36,11,-14,11,625,0,25,14,25,0,-11,-25,165.012,11,165.012,25,0
451,1,0,12,1,13,1,-11,0,0,12,-1,-12,144,11,12,6.016,1,6.016,0,12
452,121,275,0,36,11,-14,11,625,0,25,14,25,0,-11,-25,163.882,11,163.882,25,0
453,100,0,250,10,35,10,-15,0,0,25,-10,-25,625,15,25,146.104,10,146.104,0,25
454,625,625,0,50,25,0,25,625,0,25,0,25,0,-25,-25,459.48333333333335,25,459.48333333333335,25,0
455,625,0,625,25,50,25,0,0,0,25,-25,-25,625,0,25,464.2993333333333,25,464.2993333333333,0,25
456,1,25,0,26,1,-24,1,625,0,25,24,25,0,-1,-25,12.7,1,12.7,25,0
457,121,0,275,11,36,11,-14,0,0,25,-11,-25,625,14,25,166.75866666666667,11,166.75866666666667,0,25
458,100,250,0,35,10,-15,10,625,0,25,15,25,0,-10,-25,146.49066666666667,10,146.49066666666667,25,0
459,625,0,0,25,25,25,25,0,0,0,-25,0,0,-25,0,149.39733333333334,25,149.39733333333334,0,0
460,121,0,0,11,11,11,11,0,0,0,-11,0,0,-11,0,27.577333333333332,11,27.577333333333332,0,0
461,100,0,0,10,10,10,10,0,0,0,-10,0,0,-10,0,22.522,10,22.522,0,0
462,1,25,12,26,13,-24,-11,625,300,37,24,13,144,11,-13,318.58666666666664,1,18.586666666666645,25,12
463,625,0,0,25,25,25,25,0,0,0,-25,0,0,-25,0,149.96533333333332,25,149.96533333333332,0,0
464,1,0,0,1,1,1,1,0,0,0,-1,0,0,-1,0,0.0,1,0.0,0,0
465,169,0,0,13,13,13,13,0,0,0,-13,0,0,-13,0,39.16133333333333,13,39.16133333333333,0,0
466,1,25,25,26,26,-24,-24,625,625,50,24,0,625,24,0,650.0,1,25.0,25,25
467,1,0,0,1,1,1,1,0,0,0,-1,0,0,-1,0,0.0,1,0.0,0,0
468,4,0,0,2,2,2,2,0,0,0,-2,0,0,-2,0,0.512,2,0.512,0,0
469,1,12,0,13,1,-11,1,144,0,12,11,12,0,-1,-12,5.792,1,5.792,12,0
470,169,0,0,13,13,13,13,0,0,0,-13,0,0,-13,0,38.82933333333333,13,38.82933333333333,0,0
471,121,0,11,11,12,11,10,0,0,1,-11,-1,1,-10,1,32.943333333333335,11,32.943333333333335,0,1
472,4,0,0,2,2,2,2,0,0,0,-2,0,0,-2,0,0.4866666666666667,2,0.4866666666666667,0,0
473,625,0,0,25,25,25,25,0,0,0,-25,0,0,-25,0,150.35466666666667,25,150.35466666666667,0,0
474,121,0,0,11,11,11,11,0,0,0,-11,0,0,-11,0,27.554666666666666,11,27.554666666666666,0,0
475,4,0,0,2,2,2,2,0,0,0,-2,0,0,-2,0,0.5213333333333333,2,0.5213333333333333,0,0
476,625,0,0,25,25,25,25,0,0,0,-25,0,0,-25,0,150.12533333333334,25,150.12533333333334,0,0
477,1,25,25,26,26,-24,-24,625,625,50,24,0,625,24,0,650.0,1,25.0,25,25
478,100,0,0,10,10,10,10,0,0,0,-10,0,0,-10,0,22.432666666666666,10,22.432666666666666,0,0
479,100,0,0,10,10,10,10,0,0,0,-10,0,0,-10,0,22.35333333333333,10,22.35333333333333,0,0
480,1,25,0,26,1,-24,1,625,0,25,24,25,0,-1,-25,12.633333333333333,1,12.633333333333333,25,0
481,4,50,0,27,2,-23,2,625,0,25,23,25,0,-2,-25,25.886666666666667,2,25.886666666666667,25,0
482,1,12,0,13,1,-11,1,144,0,12,11,12,0,-1,-12,5.72,1,5.72,12,0
483,49,133,0,26,7,-12,7,361,0,19,12,19,0,-7,-19,77.50333333333333,7,77.50333333333333,19,0
484,1,0,25,1,26,1,-24,0,0,25,-1,-25,625,24,25,13.366666666666667,1,13.366666666666667,0,25
485,625,0,625,25,50,25,0,0,0,25,-25,-25,625,0,25,464.00933333333336,25,464.00933333333336,0,25
486,625,0,0,25,25,25,25,0,0,0,-25,0,0,-25,0,150.068,25,150.068,0,0
487,1,0,25,1,26,1,-24,0,0,25,-1,-25,625,24,25,12.8,1,12.8,0,25
488,121,275,0,36,11,-14,11,625,0,25,14,25,0,-11,-25,166.512,11,166.512,25,0
489,4,0,50,2,27,2,-23,0,0,25,-2,-25,625,23,25,24.361333333333334,2,24.361333333333334,0,25
490,121,275,0,36,11,-14,11,625,0,25,14,25,0,-11,-25,165.012,11,165.012,25,0
491,1,0,12,1,13,1,-11,0,0,12,-1,-12,144,11,12,6.016,1,6.016,0,12
492,121,275,0,36,11,-14,11,625,0,25,14,25,0,-11,-25,163.882,11,163.882,25,0
493,100,0,250,10,35,10,-15,0,0,25,-10,-25,625,15,25,146.104,10,146.104,0,25
494,625,625,0,50,25,0,25,625,0,25,0,25,0,-25,-25,459.48333333333335,25,459.48333333333335,25,0
495,625,0,625,25,50,25,0,0,0,25,-25,-25,625,0,25,464.2993333333333,25,464.2993333333333,0,25
496,1,25,0,26,1,-24,1,625,0,25,24,25,0,-1,-25,12.7,1,12.7,25,0
497,121,0,275,11,36,11,-14,0,0,25,-11,-25,625,14,25,166.75866666666667,11,166.75866666666667,0,25
498,100,250,0,35,10,-15,10,625,0,25,15,25,0,-10,-25,146.49066666666667,10,146.49066666666667,25,0
499,625,0,0,25,25,25,25,0,0,0,-25,0,0,-25,0,149.39733333333334,25,149.39733333333334,0,0
500,121,0,0,11,11,11,11,0,0,0,-11,0,0,-11,0,27.577333333333332,11,27.577333333333332,0,0
501,100,0,0,10,10,10,10,0,0,0,-10,0,0,-10,0,22.522,10,22.522,0,0
502,1,25,12,26,13,-24,-11,625,300,37,24,13,144,11,-13,318.58666666666664,1,18.586666666666645,25,12
503,625,0,0,25,25,25,25,0,0,0,-25,0,0,-25,0,149.96533333333332,25,149.96533333333332,0,0
504,1,0,0,1,1,1,1,0,0,0,-1,0,0,-1,0,0.0,1,0.0,0,0
505,169,0,0,13,13,13,13,0,0,0,-13,0,0,-13,0,39.16133333333333,13,39.16133333333333,0,0
506,1,25,25,26,26,-24,-24,625,625,50,24,0,625,24,0,650.0,1,25.0,25,25
507,1,0,0,1,1,1,1,0,0,0,-1,0,0,-1,0,0.0,1,0.0,0,0
508,4,0,0,2,2,2,2,0,0,0,-2,0,0,-2,0,0.512,2,0.512,0,0
509,1,12,0,13,1,-11,1,144,0,12,11,12,0,-1,-12,5.792,1,5.792,12,0
510,169,0,0,13,13,13,13,0,0,0,-13,0,0,-13,0,38.82933333333333,13,38.82933333333333,0,0
511,121,0,11,11,12,11,10,0,0,1,-11,-1,1,-10,1,32.943333333333335,11,32.943333333333335,0,1
512,4,0,0,2,2,2,2,0,0,0,-2,0,0,-2,0,0.4866666666666667,2,0.4866666666666667,0,0
513,625,0,0,25,25,25,25,0,0,0,-25,0,0,-25,0,150.35466666666667,25,150.35466666666667,0,0
514,121,0,0,11,11,11,11,0,0,0,-11,0,0,-11,0,27.554666666666666,11,27.554666666666666,0,0
515,4,0,0,2,2,2,2,0,0,0,-2,0,0,-2,0,0.5213333333333333,2,0.5213333333333333,0,0
516,625,0,0,25,25,25,25,0,0,0,-25,0,0,-25,0,150.12533333333334,25,150.12533333333334,0,0
517,1,25,25,26,26,-24,-24,625,625,50,24,0,625,24,0,650.0,1,25.0,25,25
518,100,0,0,10,10,10,10,0,0,0,-10,0,0,-10,0,22.432666666666666,10,22.432666666666666,0,0
519,100,0,0,10,10,10,10,0,0,0,-10,0,0,-10,0,22.35333333333333,10,22.35333333333333,0,0
520,1,25,0,26,1,-24,1,625,0,25,24,25,0,-1,-25,12.633333333333333,1,12.633333333333333,25,0
521,4,50,0,27,2,-23,2,625,0,25,23,25,0,-2,-25,25.886666666666667,2,25.886666666666667,25,0
522,1,12,0,13,1,-11,1,144,0,12,11,12,0,-1,-12,5.72,1,5.72,12,0
523,49,133,0,26,7,-12,7,361,0,19,12,19,0,-7,-19,77.50333333333333,7,77.50333333333333,19,0
524,1,0,25,1,26,1,-24,0,0,25,-1,-25,625,24,25,13.366666666666667,1,13.366666666666667,0,25
525,625,0,625,25,50,25,0,0,0,25,-25,-25,625,0,25,464.00933333333336,25,464.00933333333336,0,25
526,625,0,0,25,25,25,25,0,0,0,-25,0,0,-25,0,150.068,25,150.068,0,0
527,1,0,25,1,26,1,-24,0,0,25,-1,-25,625,24,25,12.8,1,12.8,0,25
528,121,275,0,36,11,-14,11,625,0,25,14,25,0,-11,-25,166.512,11,166.512,25,0
529,4,0,50,2,27,2,-23,0,0,25,-2,-25,625,23,25,24.361333333333334,2,24.361333333333334,0,25
530,121,275,0,36,11,-14,11,625,0,25,14,25,0,-11,-25,165.012,11,165.012,25,0
531,1,0,12,1,13,1,-11,0,0,12,-1,-12,144,11,12,6.016,1,6.016,0,12
532,121,275,0,36,11,-14,11,625,0,25,14,25,0,-11,-25,163.882,11,163.882,25,0
533,100,0,250,10,35,10,-15,0,0,25,-10,-25,625,15,25,146.104,10,146.104,0,25
534,625,625,0,50,25,0,25,625,0,25,0,25,0,-25,-25,459.48333333333335,25,459.48333333333335,25,0
535,625,0,625,25,50,25,0,0,0,25,-25,-25,625,0,25,464.2993333333333,25,464.2993333333333,0,25
536,1,25,0,26,1,-24,1,625,0,25,24,25,0,-1,-25,12.7,1,12.7,25,0
537,121,0,275,11,36,11,-14,0,0,25,-11,-25,625,14,25,166.75866666666667,11,166.75866666666667,0,25
538,100,250,0,35,10,-15,10,625,0,25,15,25,0,-10,-25,146.49066666666667,10,146.49066666666667,25,0
539,625,0,0,25,25,25,25,0,0,0,-25,0,0,-25,0,149.39733333333334,25,149.39733333333334,0,0
540,121,0,0,11,11,11,11,0,0,0,-11,0,0,-11,0,27.577333333333332,11,27.577333333333332,0,0
541,100,0,0,10,10,10,10,0,0,0,-10,0,0,-10,0,22.522,10,22.522,0,0
542,1,25,12,26,13,-24,-11,625,300,37,24,13,144,11,-13,318.58666666666664,1,18.586666666666645,25,12
543,625,0,0,25,25,25,25,0,0,0,-25,0,0,-25,0,149.96533333333332,25,149.96533333333332,0,0
544,1,0,0,1,1,1,1,0,0,0,-1,0,0,-1,0,0.0,1,0.0,0,0
545,169,0,0,13,13,13,13,0,0,0,-13,0,0,-13,0,39.16133333333333,13,39.16133333333333,0,0
546,1,25,25,26,26,-24,-24,625,625,50,24,0,625,24,0,650.0,1,25.0,25,25
547,1,0,0,1,1,1,1,0,0,0,-1,0,0,-1,0,0.0,1,0.0,0,0
548,4,0,0,2,2,2,2,0,0,0,-2,0,0,-2,0,0.512,2,0.512,0,0
549,1,12,0,13,1,-11,1,144,0,12,11,12,0,-1,-12,5.792,1,5.792,12,0
550,169,0,0,13,13,13,13,0,0,0,-13,0,0,-13,0,38.82933333333333,13,38.82933333333333,0,0
551,121,0,11,11,12,11,10,0,0,1,-11,-1,1,-10,1,32.943333333333335,11,32.943333333333335,0,1
552,4,0,0,2,2,2,2,0,0,0,-2,0,0,-2,0,0.4866666666666667,2,0.4866666666666667,0,0
553,625,0,0,25,25,25,25,0,0,0,-25,0,0,-25,0,150.35466666666667,25,150.35466666666667,0,0
554,121,0,0,11,11,11,11,0,0,0,-11,0,0,-11,0,27.554666666666666,11,27.554666666666666,0,0
555,4,0,0,2,2,2,2,0,0,0,-2,0,0,-2,0,0.5213333333333333,2,0.5213333333333333,0,0
556,625,0,0,25,25,25,25,0,0,0,-25,0,0,-25,0,150.12533333333334,25,150.12533333333334,0,0
557,1,25,25,26,26,-24,-24,625,625,50,24,0,625,24,0,650.0,1,25.0,25,25
558,100,0,0,10,10,10,10,0,0,0,-10,0,0,-10,0,22.432666666666666,10,22.432666666666666,0,0
559,100,0,0,10,10,10,10,0,0,0,-10,0,0,-10,0,22.35333333333333,10,22.35333333333333,0,0
560,1,25,0,26,1,-24,1,625,0,25,24,25,0,-1,-25,12.633333333333333,1,12.633333333333333,25,0
561,4,50,0,27,2,-23,2,625,0,25,23,25,0,-2,-25,25.886666666666667,2,25.886666666666667,25,0
562,1,12,0,13,1,-11,1,144,0,12,11,12,0,-1,-12,5.72,1,5.72,12,0
563,49,133,0,26,7,-12,7,361,0,19,12,19,0,-7,-19,77.50333333333333,7,77.50333333333333,19,0
564,1,0,25,1,26,1,-24,0,0,25,-1,-25,625,24,25,13.366666666666667,1,13.366666666666667,0,25
565,625,0,625,25,50,25,0,0,0,25,-25,-25,625,0,25,464.00933333333336,25,464.00933333333336,0,25
566,625,0,0,25,25,25,25,0,0,0,-25,0,0,-25,0,150.068,25,150.068,0,0
567,1,0,25,1,26,1,-24,0,0,25,-1,-25,625,24,25,12.8,1,12.8,0,25
568,121,275,0,36,11,-14,11,625,0,25,14,25,0,-11,-25,166.512,11,166.512,25,0
569,4,0,50,2,27,2,-23,0,0,25,-2,-25,625,23,25,24.361333333333334,2,24.361333333333334,0,25
570,121,275,0,36,11,-14,11,625,0,25,14,25,0,-11,-25,165.012,11,165.012,25,0
571,1,0,12,1,13,1,-11,0,0,12,-1,-12,144,11,12,6.016,1,6.016,0,12
572,121,275,0,36,11,-14,11,625,0,25,14,25,0,-11,-25,163.882,11,163.882,25,0
573,100,0,250,10,35,10,-15,0,0,25,-10,-25,625,15,25,146.104,10,146.104,0,25
574,625,625,0,50,25,0,25,625,0,25,0,25,0,-25,-25,459.48333333333335,25,459.48333333333335,25,0
575,625,0,625,25,50,25,0,0,0,25,-25,-25,625,0,25,464.2993333333333,25,464.2993333333333,0,25
576,1,25,0,26,1,-24,1,625,0,25,24,25,0,-1,-25,12.7,1,12.7,25,0
577,121,0,275,11,36,11,-14,0,0,25,-11,-25,625,14,25,166.75866666666667,11,166.75866666666667,0,25
578,100,250,0,35,10,-15,10,625,0,25,15,25,0,-10,-25,146.49066666666667,10,146.49066666666667,25,0
579,625,0,0,25,25,25,25,0,0,0,-25,0,0,-25,0,149.39733333333334,25,149.39733333333334,0,0
580,121,0,0,11,11,11,11,0,0,0,-11,0,0,-11,0,27.577333333333332,11,27.577333333333332,0,0
581,100,0,0,10,10,10,10,0,0,0,-10,0,0,-10,0,22.522,10,22.522,0,0
582,1,25,12,26,13,-24,-11,625,300,37,24,13,144,11,-13,318.58666666666664,1,18.586666666666645,25,12
583,625,0,0,25,25,25,25,0,0,0,-25,0,0,-25,0,149.96533333333332,25,149.96533333333332,0,0
584,1,0,0,1,1,1,1,0,0,0,-1,0,0,-1,0,0.0,1,0.0,0,0
585,169,0,0,13,13,13,13,0,0,0,-13,0,0,-13,0,39.16133333333333,13,39.16133333333333,0,0
586,1,25,25,26,26,-24,-24,625,625,50,24,0,625,24,0,650.0,1,25.0,25,25
587,1,0,0,1,1,1,1,0,0,0,-1,0,0,-1,0,0.0,1,0.0,0,0
588,4,0,0,2,2,2,2,0,0,0,-2,0,0,-2,0,0.512,2,0.512,0,0
589,1,12,0,13,1,-11,1,144,0,12,11,12,0,-1,-12,5.792,1,5.792,12,0
590,169,0,0,13,13,13,13,0,0,0,-13,0,0,-13,0,38.82933333333333,13,38.82933333333333,0,0
591,121,0,11,11,12,11,10,0,0,1,-11,-1,1,-10,1,32.943333333333335,11,32.943333333333335,0,1
592,4,0,0,2,2,2,2,0,0,0,-2,0,0,-2,0,0.4866666666666667,2,0.4866666666666667,0,0
593,625,0,0,25,25,25,25,0,0,0,-25,0,0,-25,0,150.35466666666667,25,150.35466666666667,0,0
594,121,0,0,11,11,11,11,0,0,0,-11,0,0,-11,0,27.554666666666666,11,27.554666666666666,0,0
595,4,0,0,2,2,2,2,0,0,0,-2,0,0,-2,0,0.5213333333333333,2,0.5213333333333333,0,0
596,625,0,0,25,25,25,25,0,0,0,-25,0,0,-25,0,150.12533333333334,25,150.12533333333334,0,0
597,1,25,25,26,26,-24,-24,625,625,50,24,0,625,24,0,650.0,1,25.0,25,25
598,100,0,0,10,10,10,10,0,0,0,-10,0,0,-10,0,22.432666666666666,10,22.432666666666666,0,0
599,100,0,0,10,10,10,10,0,0,0,-10,0,0,-10,0,22.35333333333333,10,22.35333333333333,0,0
600,1,25,0,26,1,-24,1,625,0,25,24,25,0,-1,-25,12.633333333333333,1,12.633333333333333,25,0
601,4,50,0,27,2,-23,2,625,0,25,23,25,0,-2,-25,25.886666666666667,2,25.886666666666667,25,0
602,1,12,0,13,1,-11,1,144,0,12,11,12,0,-1,-12,5.72,1,5.72,12,0
603,49,133,0,26,7,-12,7,361,0,19,12,19,0,-7,-19,77.50333333333333,7,77.50333333333333,19,0
604,1,0,25,1,26,1,-24,0,0,25,-1,-25,625,24,25,13.366666666666667,1,13.366666666666667,0,25
605,625,0,625,25,50,25,0,0,0,25,-25,-25,625,0,25,464.00933333333336,25,464.00933333333336,0,25
606,625,0,0,25,25,25,25,0,0,0,-25,0,0,-25,0,150.068,25,150.068,0,0
607,1,0,25,1,26,1,-24,0,0,25,-1,-25,625,24,25,12.8,1,12.8,0,25
608,121,275,0,36,11,-14,11,625,0,25,14,25,0,-11,-25,166.512,11,166.512,25,0
609,4,0,50,2,27,2,-23,0,0,25,-2,-25,625,23,25,24.361333333333334,2,24.361333333333334,0,25
610,121,275,0,36,11,-14,11,625,0,25,14,25,0,-11,-25,165.012,11,165.012,25,0
611,1,0,12,1,13,1,-11,0,0,12,-1,-12,144,11,12,6.016,1,6.016,0,12
612,121,275,0,36,11,-14,11,625,0,25,14,25,0,-11,-25,163.882,11,163.882,25,0
613,100,0,250,10,35,10,-15,0,0,25,-10,-25,625,15,25,146.104,10,146.104,0,25
614,625,625,0,50,25,0,25,625,0,25,0,25,0,-25,-25,459.48333333333335,25,459.48333333333335,25,0
615,625,0,625,25,50,25,0,0,0,25,-25,-25,625,0,25,464.2993333333333,25,464.2993333333333,0,25
616,1,25,0,26,1,-24,1,625,0,25,24,25,0,-1,-25,12.7,1,12.7,25,0
617,121,0,275,11,36,11,-14,0,0,25,-11,-25,625,14,25,166.75866666666667,11,166.75866666666667,0,25
618,100,250,0,35,10,-15,10,625,0,25,15,25,0,-10,-25,146.49066666666667,10,146.49066666666667,25,0
619,625,0,0,25,25,25,25,0,0,0,-25,0,0,-25,0,149.39733333333334,25,149.39733333333334,0,0
620,121,0,0,11,11,11,11,0,0,0,-11,0,0,-11,0,27.577333333333332,11,27.577333333333332,0,0
621,100,0,0,10,10,10,10,0,0,0,-10,0,0,-10,0,22.522,10,22.522,0,0
622,1,25,12,26,13,-24,-11,625,300,37,24,13,144,11,-13,318.58666666666664,1,18.586666666666645,25,12
623,625,0,0,25,25,25,25,0,0,0,-25,0,0,-25,0,149.96533333333332,25,149.96533333333332,0,0
624,1,0,0,1,1,1,1,0,0,0,-1,0,0,-1,0,0.0,1,0.0,0,0
625,169,0,0,13,13,13,13,0,0,0,-13,0,0,-13,0,39.16133333333333,13,39.16133333333333,0,0
626,1,25,25,26,26,-24,-24,625,625,50,24,0,625,24,0,650.0,1,25.0,25,25
627,1,0,0,1,1,1,1,0,0,0,-1,0,0,-1,0,0.0,1,0.0,0,0
628,4,0,0,2,2,2,2,0,0,0,-2,0,0,-2,0,0.512,2,0.512,0,0
629,1,12,0,13,1,-11,1,144,0,12,11,12,0,-1,-12,5.792,1,5.792,12,0
630,169,0,0,13,13,13,13,0,0,0,-13,0,0,-13,0,38.82933333333333,13,38.82933333333333,0,0
631,121,0,11,11,12,11,10,0,0,1,-11,-1,1,-10,1,32.943333333333335,11,32.943333333333335,0,1
632,4,0,0,2,2,2,2,0,0,0,-2,0,0,-2,0,0.4866666666666667,2,0.4866666666666667,0,0
633,625,0,0,25,25,25,25,0,0,0,-25,0,0,-25,0,150.35466666666667,25,150.35466666666667,0,0
634,121,0,0,11,11,11,11,0,0,0,-11,0,0,-11,0,27.554666666666666,11,27.554666666666666,0,0
635,4,0,0,2,2,2,2,0,0,0,-2,0,0,-2,0,0.5213333333333333,2,0.5213333333333333,0,0
636,625,0,0,25,25,25,25,0,0,0,-25,0,0,-25,0,150.12533333333334,25,150.12533333333334,0,0
637,1,25,25,26,26,-24,-24,625,625,50,24,0,625,24,0,650.0,1,25.0,25,25
638,100,0,0,10,10,10,10,0,0,0,-10,0,0,-10,0,22.432666666666666,10,22.432666666666666,0,0
639,100,0,0,10,10,10,10,0,0,0,-10,0,0,-10,0,22.35333333333333,10,22.35333333333333,0,0
640,1,25,0,26,1,-24,1,625,0,25,24,25,0,-1,-25,12.633333333333333,1,12.633333333333333,25,0
641,4,50,0,27,2,-23,2,625,0,25,23,25,0,-2,-25,25.886666666666667,2,25.886666666666667,25,0
642,1,12,0,13,1,-11,1,144,0,12,11,12,0,-1,-12,5.72,1,5.72,12,0
643,49,133,0,26,7,-12,7,361,0,19,12,19,0,-7,-19,77.50333333333333,7,77.50333333333333,19,0
644,1,0,25,1,26,1,-24,0,0,25,-1,-25,625,24,25,13.366666666666667,1,13.366666666666667,0,25
645,625,0,625,25,50,25,0,0,0,25,-25,-25,625,0,25,464.00933333333336,25,464.00933333333336,0,25
646,625,0,0,25,25,25,25,0,0,0,-25,0,0,-25,0,150.068,25,150.068,0,0
647,1,0,25,1,26,1,-24,0,0,25,-1,-25,625,24,25,12.8,1,12.8,0,25
648,121,275,0,36,11,-14,11,625,0,25,14,25,0,-11,-25,166.512,11,166.512,25,0
649,4,0,50,2,27,2,-23,0,0,25,-2,-25,625,23,25,24.361333333333334,2,24.361333333333334,0,25
650,121,275,0,36,11,-14,11,625,0,25,14,25,0,-11,-25,165.012,11,165.012,25,0
651,1,0,12,1,13,1,-11,0,0,12,-1,-12,144,11,12,6.016,1,6.016,0,12
652,121,275,0,36,11,-14,11,625,0,25,14,25,0,-11,-25,163.882,11,163.882,25,0
653,100,0,250,10,35,10,-15,0,0,25,-10,-25,625,15,25,146.104,10,146.104,0,25
654,625,625,0,50,25,0,25,625,0,25,0,25,0,-25,-25,459.48333333333335,25,459.48333333333335,25,0
655,625,0,625,25,50,25,0,0,0,25,-25,-25,625,0,25,464.2993333333333,25,464.2993333333333,0,25
656,1,25,0,26,1,-24,1,625,0,25,24,25,0,-1,-25,12.7,1,12.7,25,0
657,121,0,275,11,36,11,-14,0,0,25,-11,-25,625,14,25,166.75866666666667,11,166.75866666666667,0,25
658,100,250,0,35,10,-15,10,625,0,25,15,25,0,-10,-25,146.49066666666667,10,146.49066666666667,25,0
659,625,0,0,25,25,25,25,0,0,0,-25,0,0,-25,0,149.39733333333334,25,149.39733333333334,0,0
660,121,0,0,11,11,11,11,0,0,0,-11,0,0,-11,0,27.577333333333332,11,27.577333333333332,0,0
661,100,0,0,10,10,10,10,0,0,0,-10,0,0,-10,0,22.522,10,22.522,0,0
662,1,25,12,26,13,-24,-11,625,300,37,24,13,144,11,-13,318.58666666666664,1,18.586666666666645,25,12
663,625,0,0,25,25,25,25,0,0,0,-25,0,0,-25,0,149.96533333333332,25,149.96533333333332,0,0
664,1,0,0,1,1,1,1,0,0,0,-1,0,0,-1,0,0.0,1,0.0,0,0
665,169,0,0,13,13,13,13,0,0,0,-13,0,0,-13,0,39.16133333333333,13,39.16133333333333,0,0
666,1,25,25,26,26,-24,-24,625,625,50,24,0,625,24,0,650.0,1,25.0,25,25
667,1,0,0,1,1,1,1,0,0,0,-1,0,0,-1,0,0.0,1,0.0,0,0
668,4,0,0,2,2,2,2,0,0,0,-2,0,0,-2,0,0.512,2,0.512,0,0
669,1,12,0,13,1,-11,1,144,0,12,11,12,0,-1,-12,5.792,1,5.792,12,0
670,169,0,0,13,13,13,13,0,0,0,-13,0,0,-13,0,38.82933333333333,13,38.82933333333333,0,0
671,121,0,11,11,12,11,10,0,0,1,-11,-1,1,-10,1,32.943333333333335,11,32.943333333333335,0,1
672,4,0,0,2,2,2,2,0,0,0,-2,0,0,-2,0,0.4866666666666667,2,0.4866666666666667,0,0
673,625,0,0,25,25,25,25,0,0,0,-25,0,0,-25,0,150.35466666666667,25,150.35466666666667,0,0
674,121,0,0,11,11,11,11,0,0,0,-11,0,0,-11,0,27.554666666666666,11,27.554666666666666,0,0
675,4,0,0,2,2,2,2,0,0,0,-2,0,0,-2,0,0.5213333333333333,2,0.5213333333333333,0,0
676,625,0,0,25,25,25,25,0,0,0,-25,0,0,-25,0,150.12533333333334,25,150.12533333333334,0,0
677,1,25,25,26,26,-24,-24,625,625,50,24,0,625,24,0,650.0,1,25.0,25,25
678,100,0,0,10,10,10,10,0,0,0,-10,0,0,-10,0,22.432666666666666,10,22.432666666666666,0,0
679,100,0,0,10,10,10,10,0,0,0,-10,0,0,-10,0,22.35333333333333,10,22.35333333333333,0,0
680,1,25,0,26,1,-24,1,625,0,25,24,25,0,-1,-25,12.633333333333333,1,12.633333333333333,25,0
681,4,50,0,27,2,-23,2,625,0,25,23,25,0,-2,-25,25.886666666666667,2,25.886666666666667,25,0
682,1,12,0,13,1,-11,1,144,0,12,11,12,0,-1,-12,5.72,1,5.72,12,0
683,49,133,0,26,7,-12,7,361,0,19,12,19,0,-7,-19,77.50333333333333,7,77.50333333333333,19,0
684,1,0,25,1,26,1,-24,0,0,25,-1,-25,625,24,25,13.366666666666667,1,13.366666666666667,0,25
685,625,0,625,25,50,25,0,0,0,25,-25,-25,625,0,25,464.00933333333336,25,464.00933333333336,0,25
686,625,0,0,25,25,25,25,0,0,0,-25,0,0,-25,0,150.068,25,150.068,0,0
687,1,0,25,1,26,1,-24,0,0,25,-1,-25,625,24,25,12.8,1,12.8,0,25
688,121,275,0,36,11,-14,11,625,0,25,14,25,0,-11,-25,166.512,11,166.512,25,0
689,4,0,50,2,27,2,-23,0,0,25,-2,-25,625,23,25,24.361333333333334,2,24.361333333333334,0,25
690,121,275,0,36,11,-14,11,625,0,25,14,25,0,-11,-25,165.012,11,165.012,25,0
691,1,0,12,1,13,1,-11,0,0,12,-1,-12,144,11,12,6.016,1,6.016,0,12
692,121,275,0,36,11,-14,11,625,0,25,14,25,0,-11,-25,163.882,11,163.882,25,0
693,100,0,250,10,35,10,-15,0,0,25,-10,-25,625,15,25,146.104,10,146.104,0,25
694,625,625,0,50,25,0,25,625,0,25,0,25,0,-25,-25,459.48333333333335,25,459.48333333333335,25,0
695,625,0,625,25,50,25,0,0,0,25,-25,-25,625,0,25,464.2993333333333,25,464.2993333333333,0,25
696,1,25,0,26,1,-24,1,625,0,25,24,25,0,-1,-25,12.7,1,12.7,25,0
697,121,0,275,11,36,11,-14,0,0,25,-11,-25,625,14,25,166.75866666666667,11,166.75866666666667,0,25
698,100,250,0,35,10,-15,10,625,0,25,15,25,0,-10,-25,146.49066666666667,10,146.49066666666667,25,0
699,625,0,0,25,25,25,25,0,0,0,-25,0,0,-25,0,149.39733333333334,25,149.39733333333334,0,0
700,121,0,0,11,11,11,11,0,0,0,-11,0,0,-11,0,27.577333333333332,11,27.577333333333332,0,0
701,100,0,0,10,10,10,10,0,0,0,-10,0,0,-10,0,22.522,10,22.522,0,0
702,1,25,12,26,13,-24,-11,625,300,37,24,13,144,11,-13,318.58666666666664,1,18.586666666666645,25,12
703,625,0,0,25,25,25,25,0,0,0,-25,0,0,-25,0,149.96533333333332,25,149.96533333333332,0,0
704,1,0,0,1,1,1,1,0,0,0,-1,0,0,-1,0,0.0,1,0.0,0,0
705,169,0,0,13,13,13,13,0,0,0,-13,0,0,-13,0,39.16133333333333,13,39.16133333333333,0,0
706,1,25,25,26,26,-24,-24,625,625,50,24,0,625,24,0,650.0,1,25.0,25,25
707,1,0,0,1,1,1,1,0,0,0,-1,0,0,-1,0,0.0,1,0.0,0,0
708,4,0,0,2,2,2,2,0,0,0,-2,0,0,-2,0,0.512,2,0.512,0,0
709,1,12,0,13,1,-11,1,144,0,12,11,12,0,-1,-12,5.792,1,5.792,12,0
710,169,0,0,13,13,13,13,0,0,0,-13,0,0,-13,0,38.82933333333333,13,38.82933333333333,0,0
711,121,0,11,11,12,11,10,0,0,1,-11,-1,1,-10,1,32.943333333333335,11,32.943333333333335,0,1
712,4,0,0,2,2,2,2,0,0,0,-2,0,0,-2,0,0.4866666666666667,2,0.4866666666666667,0,0
713,625,0,0,25,25,25,25,0,0,0,-25,0,0,-25,0,150.35466666666667,25,150.35466666666667,0,0
714,121,0,0,11,11,11,11,0,0,0,-11,0,0,-11,0,27.554666666666666,11,27.554666666666666,0,0
715,4,0,0,2,2,2,2,0,0,0,-2,0,0,-2,0,0.5213333333333333,2,0.5213333333333333,0,0
716,625,0,0,25,25,25,25,0,0,0,-25,0,0,-25,0,150.12533333333334,25,150.12533333333334,0,0
717,1,25,25,26,26,-24,-24,625,625,50,24,0,625,24,0,650.0,1,25.0,25,25
718,100,0,0,10,10,10,10,0,0,0,-10,0,0,-10,0,22.432666666666666,10,22.432666666666666,0,0
719,100,0,0,10,10,10,10,0,0,0,-10,0,0,-10,0,22.35333333333333,10,22.35333333333333,0,0
720,1,25,0,26,1,-24,1,625,0,25,24,25,0,-1,-25,12.633333333333333,1,12.633333333333333,25,0
721,4,50,0,27,2,-23,2,625,0,25,23,25,0,-2,-25,25.886666666666667,2,25.886666666666667,25,0
722,1,12,0,13,1,-11,1,144,0,12,11,12,0,-1,-12,5.72,1,5.72,12,0
723,49,133,0,26,7,-12,7,361,0,19,12,19,0,-7,-19,77.50333333333333,7,77.50333333333333,19,0
724,1,0,25,1,26,1,-24,0,0,25,-1,-25,625,24,25,13.366666666666667,1,13.366666666666667,0,25
725,625,0,625,25,50,25,0,0,0,25,-25,-25,625,0,25,464.00933333333336,25,464.00933333333336,0,25
726,625,0,0,25,25,25,25,0,0,0,-25,0,0,-25,0,150.068,25,150.068,0,0
727,1,0,25,1,26,1,-24,0,0,25,-1,-25,625,24,25,12.8,1,12.8,0,25
728,121,275,0,36,11,-14,11,625,0,25,14,25,0,-11,-25,166.512,11,166.512,25,0
729,4,0,50,2,27,2,-23,0,0,25,-2,-25,625,23,25,24.361333333333334,2,24.361333333333334,0,25
730,121,275,0,36,11,-14,11,625,0,25,14,25,0,-11,-25,165.012,11,165.012,25,0
731,1,0,12,1,13,1,-11,0,0,12,-1,-12,144,11,12,6.016,1,6.016,0,12
732,121,275,0,36,11,-14,11,625,0,25,14,25,0,-11,-25,163.882,11,163.882,25,0
733,100,0,250,10,35,10,-15,0,0,25,-10,-25,625,15,25,146.104,10,146.104,0,25
734,625,625,0,50,25,0,25,625,0,25,0,25,0,-25,-25,459.48333333333335,25,459.48333333333335,25,0
735,625,0,625,25,50,25,0,0,0,25,-25,-25,625,0,25,464.2993333333333,25,464.2993333333333,0,25
736,1,25,0,26,1,-24,1,625,0,25,24,25,0,-1,-25,12.7,1,12.7,25,0
737,121,0,275,11,36,11,-14,0,0,25,-11,-25,625,14,25,166.75866666666667,11,166.75866666666667,0,25
738,100,250,0,35,10,-15,10,625,0,25,15,25,0,-10,-25,146.49066666666667,10,146.49066666666667,25,0
739,625,0,0,25,25,25,25,0,0,0,-25,0,0,-25,0,149.39733333333334,25,149.39733333333334,0,0
740,121,0,0,11,11,11,11,0,0,0,-11,0,0,-11,0,27.577333333333332,11,27.577333333333332,0,0
741,100,0,0,10,10,10,10,0,0,0,-10,0,0,-10,0,22.522,10,22.522,0,0
742,1,25,12,26,13,-24,-11,625,300,37,24,13,144,11,-13,318.58666666666664,1,18.586666666666645,25,12
743,625,0,0,25,25,25,25,0,0,0,-25,0,0,-25,0,149.96533333333332,25,149.96533333333332,0,0
744,1,0,0,1,1,1,1,0,0,0,-1,0,0,-1,0,0.0,1,0.0,0,0
745,169,0,0,13,13,13,13,0,0,0,-13,0,0,-13,0,39.16133333333333,13,39.16133333333333,0,0
746,1,25,25,26,26,-24,-24,625,625,50,24,0,625,24,0,650.0,1,25.0,25,25
747,1,0,0,1,1,1,1,0,0,0,-1,0,0,-1,0,0.0,1,0.0,0,0
748,4,0,0,2,2,2,2,0,0,0,-2,0,0,-2,0,0.512,2,0.512,0,0
749,1,12,0,13,1,-11,1,144,0,12,11,12,0,-1,-12,5.792,1,5.792,12,0
750,169,0,0,13,13,13,13,0,0,0,-13,0,0,-13,0,38.82933333333333,13,38.82933333333333,0,0
751,121,0,11,11,12,11,10,0,0,1,-11,-1,1,-10,1,32.943333333333335,11,32.943333333333335,0,1
752,4,0,0,2,2,2,2,0,0,0,-2,0,0,-2,0,0.4866666666666667,2,0.4866666666666667,0,0
753,625,0,0,25,25,25,25,0,0,0,-25,0,0,-25,0,150.35466666666667,25,150.35466666666667,0,0
754,121,0,0,11,11,11,11,0,0,0,-11,0,0,-11,0,27.554666666666666,11,27.554666666666666,0,0
755,4,0,0,2,2,2,2,0,0,0,-2,0,0,-2,0,0.5213333333333333,2,0.5213333333333333,0,0
756,625,0,0,25,25,25,25,0,0,0,-25,0,0,-25,0,150.12533333333334,25,150.12533333333334,0,0
757,1,25,25,26,26,-24,-24,625,625,50,24,0,625,24,0,650.0,1,25.0,25,25
758,100,0,0,10,10,10,10,0,0,0,-10,0,0,-10,0,22.432666666666666,10,22.432666666666666,0,0
759,100,0,0,10,10,10,10,0,0,0,-10,0,0,-10,0,22.35333333333333,10,22.35333333333333,0,0
760,1,25,0,26,1,-24,1,625,0,25,24,25,0,-1,-25,12.633333333333333,1,12.633333333333333,25,0
761,4,50,0,27,2,-23,2,625,0,25,23,25,0,-2,-25,25.886666666666667,2,25.886666666666667,25,0
762,1,12,0,13,1,-11,1,144,0,12,11,12,0,-1,-12,5.72,1,5.72,12,0
763,49,133,0,26,7,-12,7,361,0,19,12,19,0,-7,-19,77.50333333333333,7,77.50333333333333,19,0
764,1,0,25,1,26,1,-24,0,0,25,-1,-25,625,24,25,13.366666666666667,1,13.366666666666667,0,25
765,625,0,625,25,50,25,0,0,0,25,-25,-25,625,0,25,464.00933333333336,25,464.00933333333336,0,25
766,625,0,0,25,25,25,25,0,0,0,-25,0,0,-25,0,150.068,25,150.068,0,0
767,1,0,25,1,26,1,-24,0,0,25,-1,-25,625,24,25,12.8,1,12.8,0,25
768,121,275,0,36,11,-14,11,625,0,25,14,25,0,-11,-25,166.512,11,166.512,25,0
769,4,0,50,2,27,2,-23,0,0,25,-2,-25,625,23,25,24.361333333333334,2,24.361333333333334,0,25
770,121,275,0,36,11,-14,11,625,0,25,14,25,0,-11,-25,165.012,11,165.012,25,0
771,1,0,12,1,13,1,-11,0,0,12,-1,-12,144,11,12,6.016,1,6.016,0,12
772,121,275,0,36,11,-14,11,625,0,25,14,25,0,-11,-25,163.882,11,163.882,25,0
773,100,0,250,10,35,10,-15,0,0,25,-10,-25,625,15,25,146.104,10,146.104,0,25
774,625,625,0,50,25,0,25,625,0,25,0,25,0,-25,-25,459.48333333333335,25,459.48333333333335,25,0
775,625,0,625,25,50,25,0,0,0,25,-25,-25,625,0,25,464.2993333333333,25,464.2993333333333,0,25
776,1,25,0,26,1,-24,1,625,0,25,24,25,0,-1,-25,12.7,1,12.7,25,0
777,121,0,275,11,36,11,-14,0,0,25,-11,-25,625,14,25,166.75866666666667,11,166.75866666666667,0,25
778,100,250,0,35,10,-15,10,625,0,25,15,25,0,-10,-25,146.49066666666667,10,146.49066666666667,25,0
779,625,0,0,25,25,25,25,0,0,0,-25,0,0,-25,0,149.39733333333334,25,149.39733333333334,0,0
780,121,0,0,11,11,11,11,0,0,0,-11,0,0,-11,0,27.577333333333332,11,27.577333333333332,0,0
781,100,0,0,10,10,10,10,0,0,0,-10,0,0,-10,0,22.522,10,22.522,0,0
782,1,25,12,26,13,-24,-11,625,300,37,24,13,144,11,-13,318.58666666666664,1,18.586666666666645,25,12
783,625,0,0,25,25,25,25,0,0,0,-25,0,0,-25,0,149.96533333333332,25,149.96533333333332,0,0
784,1,0,0,1,1,1,1,0,0,0,-1,0,0,-1,0,0.0,1,0.0,0,0
785,169,0,0,13,13,13,13,0,0,0,-13,0,0,-13,0,39.16133333333333,13,39.16133333333333,0,0
786,1,25,25,26,26,-24,-24,625,625,50,24,0,625,24,0,650.0,1,25.0,25,25
787,1,0,0,1,1,1,1,0,0,0,-1,0,0,-1,0,0.0,1,0.0,0,0
788,4,0,0,2,2,2,2,0,0,0,-2,0,0,-2,0,0.512,2,0.512,0,0
789,1,12,0,13,1,-11,1,144,0,12,11,12,0,-1,-12,5.792,1,5.792,12,0
790,169,0,0,13,13,13,13,0,0,0,-13,0,0,-13,0,38.82933333333333,13,38.82933333333333,0,0
791,121,0,11,11,12,11,10,0,0,1,-11,-1,1,-10,1,32.943333333333335,11,32.943333333333335,0,1
792,4,0,0,2,2,2,2,0,0,0,-2,0,0,-2,0,0.4866666666666667,2,0.4866666666666667,0,0
793,625,0,0,25,25,25,25,0,0,0,-25,0,0,-25,0,150.35466666666667,25,150.35466666666667,0,0
794,121,0,0,11,11,11,11,0,0,0,-11,0,0,-11,0,27.554666666666666,11,27.554666666666666,0,0
795,4,0,0,2,2,2,2,0,0,0,-2,0,0,-2,0,0.5213333333333333,2,0.5213333333333333,0,0
796,625,0,0,25,25,25,25,0,0,0,-25,0,0,-25,0,150.12533333333334,25,150.12533333333334,0,0
797,1,25,25,26,26,-24,-24,625,625,50,24,0,625,24,0,650.0,1,25.0,25,25
798,100,0,0,10,10,10,10,0,0,0,-10,0,0,-10,0,22.432666666666666,10,22.432666666666666,0,0
799,100,0,0,10,10,10,10,0,0,0,-10,0,0,-10,0,22.35333333333333,10,22.35333333333333,0,0
800,1,25,0,26,1,-24,1,625,0,25,24,25,0,-1,-25,12.633333333333333,1,12.633333333333333,25,0
801,4,50,0,27,2,-23,2,625,0,25,23,25,0,-2,-25,25.886666666666667,2,25.886666666666667,25,0
802,1,12,0,13,1,-11,1,144,0,12,11,12,0,-1,-12,5.72,1,5.72,12,0
803,49,133,0,26,7,-12,7,361,0,19,12,19,0,-7,-19,77.50333333333333,7,77.50333333333333,19,0
804,1,0,25,1,26,1,-24,0,0,25,-1,-25,625,24,25,13.366666666666667,1,13.366666666666667,0,25
805,625,0,625,25,50,25,0,0,0,25,-25,-25,625,0,25,464.00933333333336,25,464.00933333333336,0,25
806,625,0,0,25,25,25,25,0,0,0,-25,0,0,-25,0,150.068,25,150.068,0,0
807,1,0,25,1,26,1,-24,0,0,25,-1,-25,625,24,25,12.8,1,12.8,0,25
808,121,275,0,36,11,-14,11,625,0,25,14,25,0,-11,-25,166.512,11,166.512,25,0
809,4,0,50,2,27,2,-23,0,0,25,-2,-25,625,23,25,24.361333333333334,2,24.361333333333334,0,25
810,121,275,0,36,11,-14,11,625,0,25,14,25,0,-11,-25,165.012,11,165.012,25,0
811,1,0,12,1,13,1,-11,0,0,12,-1,-12,144,11,12,6.016,1,6.016,0,12
812,121,275,0,36,11,-14,11,625,0,25,14,25,0,-11,-25,163.882,11,163.882,25,0
813,100,0,250,10,35,10,-15,0,0,25,-10,-25,625,15,25,146.104,10,146.104,0,25
814,625,625,0,50,25,0,25,625,0,25,0,25,0,-25,-25,459.48333333333335,25,459.48333333333335,25,0
815,625,0,625,25,50,25,0,0,0,25,-25,-25,625,0,25,464.2993333333333,25,464.2993333333333,0,25
816,1,25,0,26,1,-24,1,625,0,25,24,25,0,-1,-25,12.7,1,12.7,25,0
817,121,0,275,11,36,11,-14,0,0,25,-11,-25,625,14,25,166.75866666666667,11,166.75866666666667,0,25
818,100,250,0,35,10,-15,10,625,0,25,15,25,0,-10,-25,146.49066666666667,10,146.49066666666667,25,0
819,625,0,0,25,25,25,25,0,0,0,-25,0,0,-25,0,149.39733333333334,25,149.39733333333334,0,0
820,121,0,0,11,11,11,11,0,0,0,-11,0,0,-11,0,27.577333333333332,11,27.577333333333332,0,0
821,100,0,0,10,10,10,10,0,0,0,-10,0,0,-10,0,22.522,10,22.522,0,0
822,1,25,12,26,13,-24,-11,625,300,37,24,13,144,11,-13,318.58666666666664,1,18.586666666666645,25,12
823,625,0,0,25,25,25,25,0,0,0,-25,0,0,-25,0,149.96533333333332,25,149.96533333333332,0,0
824,1,0,0,1,1,1,1,0,0,0,-1,0,0,-1,0,0.0,1,0.0,0,0
825,169,0,0,13,13,13,13,0,0,0,-13,0,0,-13,0,39.16133333333333,13,39.16133333333333,0,0
826,1,25,25,26,26,-24,-24,625,625,50,24,0,625,24,0,650.0,1,25.0,25,25
827,1,0,0,1,1,1,1,0,0,0,-1,0,0,-1,0,0.0,1,0.0,0,0
828,4,0,0,2,2,2,2,0,0,0,-2,0,0,-2,0,0.512,2,0.512,0,0
829,1,12,0,13,1,-11,1,144,0,12,11,12,0,-1,-12,5.792,1,5.792,12,0
830,169,0,0,13,13,13,13,0,0,0,-13,0,0,-13,0,38.82933333333333,13,38.82933333333333,0,0
831,121,0,11,11,12,11,10,0,0,1,-11,-1,1,-10,1,32.943333333333335,11,32.943333333333335,0,1
832,4,0,0,2,2,2,2,0,0,0,-2,0,0,-2,0,0.4866666666666667,2,0.4866666666666667,0,0
833,625,0,0,25,25,25,25,0,0,0,-25,0,0,-25,0,150.35466666666667,25,150.35466666666667,0,0
834,121,0,0,11,11,11,11,0,0,0,-11,0,0,-11,0,27.554666666666666,11,27.554666666666666,0,0
835,4,0,0,2,2,2,2,0,0,0,-2,0,0,-2,0,0.5213333333333333,2,0.5213333333333333,0,0
836,625,0,0,25,25,25,25,0,0,0,-25,0,0,-25,0,150.12533333333334,25,150.12533333333334,0,0
837,1,25,25,26,26,-24,-24,625,625,50,24,0,625,24,0,650.0,1,25.0,25,25
838,100,0,0,10,10,10,10,0,0,0,-10,0,0,-10,0,22.432666666666666,10,22.432666666666666,0,0
839,100,0,0,10,10,10,10,0,0,0,-10,0,0,-10,0,22.35333333333333,10,22.35333333333333,0,0
840,1,25,0,26,1,-24,1,625,0,25,24,25,0,-1,-25,12.633333333333333,1,12.633333333333333,25,0
841,4,50,0,27,2,-23,2,625,0,25,23,25,0,-2,-25,25.886666666666667,2,25.886666666666667,25,0
842,1,12,0,13,1,-11,1,144,0,12,11,12,0,-1,-12,5.72,1,5.72,12,0
843,49,133,0,26,7,-12,7,361,0,19,12,19,0,-7,-19,77.50333333333333,7,77.50333333333333,19,0
844,1,0,25,1,26,1,-24,0,0,25,-1,-25,625,24,25,13.366666666666667,1,13.366666666666667,0,25
845,625,0,625,25,50,25,0,0,0,25,-25,-25,625,0,25,464.00933333333336,25,464.00933333333336,0,25
846,625,0,0,25,25,25,25,0,0,0,-25,0,0,-25,0,150.068,25,150.068,0,0
847,1,0,25,1,26,1,-24,0,0,25,-1,-25,625,24,25,12.8,1,12.8,0,25
848,121,275,0,36,11,-14,11,625,0,25,14,25,0,-11,-25,166.512,11,166.512,25,0
849,4,0,50,2,27,2,-23,0,0,25,-2,-25,625,23,25,24.361333333333334,2,24.361333333333334,0,25
850,121,275,0,36,11,-14,11,625,0,25,14,25,0,-11,-25,165.012,11,165.012,25,0
851,1,0,12,1,13,1,-11,0,0,12,-1,-12,144,11,12,6.016,1,6.016,0,12
852,121,275,0,36,11,-14,11,625,0,25,14,25,0,-11,-25,163.882,11,163.882,25,0
853,100,0,250,10,35,10,-15,0,0,25,-10,-25,625,15,25,146.104,10,146.104,0,25
854,625,625,0,50,25,0,25,625,0,25,0,25,0,-25,-25,459.48333333333335,25,459.48333333333335,25,0
855,625,0,625,25,50,25,0,0,0,25,-25,-25,625,0,25,464.2993333333333,25,464.2993333333333,0,25
856,1,25,0,26,1,-24,1,625,0,25,24,25,0,-1,-25,12.7,1,12.7,25,0
857,121,0,275,11,36,11,-14,0,0,25,-11,-25,625,14,25,166.75866666666667,11,166.75866666666667,0,25
858,100,250,0,35,10,-15,10,625,0,25,15,25,0,-10,-25,146.49066666666667,10,146.49066666666667,25,0
859,625,0,0,25,25,25,25,0,0,0,-25,0,0,-25,0,149.39733333333334,25,149.39733333333334,0,0
860,121,0,0,11,11,11,11,0,0,0,-11,0,0,-11,0,27.577333333333332,11,27.577333333333332,0,0
861,100,0,0,10,10,10,10,0,0,0,-10,0,0,-10,0,22.522,10,22.522,0,0
862,1,25,12,26,13,-24,-11,625,300,37,24,13,144,11,-13,318.58666666666664,1,18.586666666666645,25,12
863,625,0,0,25,25,25,25,0,0,0,-25,0,0,-25,0,149.96533333333332,25,149.96533333333332,0,0
864,1,0,0,1,1,1,1,0,0,0,-1,0,0,-1,0,0.0,1,0.0,0,0
865,169,0,0,13,13,13,13,0,0,0,-13,0,0,-13,0,39.16133333333333,13,39.16133333333333,0,0
866,1,25,25,26,26,-24,-24,625,625,50,24,0,625,24,0,650.0,1,25.0,25,25
867,1,0,0,1,1,1,1,0,0,0,-1,0,0,-1,0,0.0,1,0.0,0,0
868,4,0,0,2,2,2,2,0,0,0,-2,0,0,-2,0,0.512,2,0.512,0,0
869,1,12,0,13,1,-11,1,144,0,12,11,12,0,-1,-12,5.792,1,5.792,12,0
870,169,0,0,13,13,13,13,0,0,0,-13,0,0,-13,0,38.82933333333333,13,38.82933333333333,0,0
871,121,0,11,11,12,11,10,0,0,1,-11,-1,1,-10,1,32.943333333333335,11,32.943333333333335,0,1
872,4,0,0,2,2,2,2,0,0,0,-2,0,0,-2,0,0.4866666666666667,2,0.4866666666666667,0,0
873,625,0,0,25,25,25,25,0,0,0,-25,0,0,-25,0,150.35466666666667,25,150.35466666666667,0,0
874,121,0,0,11,11,11,11,0,0,0,-11,0,0,-11,0,27.554666666666666,11,27.554666666666666,0,0
875,4,0,0,2,2,2,2,0,0,0,-2,0,0,-2,0,0.5213333333333333,2,0.5213333333333333,0,0
876,625,0,0,25,25,25,25,0,0,0,-25,0,0,-25,0,150.12533333333334,25,150.12533333333334,0,0
877,1,25,25,26,26,-24,-24,625,625,50,24,0,625,24,0,650.0,1,25.0,25,25
878,100,0,0,10,10,10,10,0,0,0,-10,0,0,-10,0,22.432666666666666,10,22.432666666666666,0,0
879,100,0,0,10,10,10,10,0,0,0,-10,0,0,-10,0,22.35333333333333,10,22.35333333333333,0,0
880,1,25,0,26,1,-24,1,625,0,25,24,25,0,-1,-25,12.633333333333333,1,12.633333333333333,25,0
881,4,50,0,27,2,-23,2,625,0,25,23,25,0,-2,-25,25.886666666666667,2,25.886666666666667,25,0
882,1,12,0,13,1,-11,1,144,0,12,11,12,0,-1,-12,5.72,1,5.72,12,0
883,49,133,0,26,7,-12,7,361,0,19,12,19,0,-7,-19,77.50333333333333,7,77.50333333333333,19,0
884,1,0,25,1,26,1,-24,0,0,25,-1,-25,625,24,25,13.366666666666667,1,13.366666666666667,0,25
885,625,0,625,25,50,25,0,0,0,25,-25,-25,625,0,25,464.00933333333336,25,464.00933333333336,0,25
886,625,0,0,25,25,25,25,0,0,0,-25,0,0,-25,0,150.068,25,150.068,0,0
887,1,0,25,1,26,1,-24,0,0,25,-1,-25,625,24,25,12.8,1,12.8,0,25
888,121,275,0,36,11,-14,11,625,0,25,14,25,0,-11,-25,166.512,11,166.512,25,0
889,4,0,50,2,27,2,-23,0,0,25,-2,-25,625,23,25,24.361333333333334,2,24.361333333333334,0,25
890,121,275,0,36,11,-14,11,625,0,25,14,25,0,-11,-25,165.012,11,165.012,25,0
891,1,0,12,1,13,1,-11,0,0,12,-1,-12,144,11,12,6.016,1,6.016,0,12
892,121,275,0,36,11,-14,11,625,0,25,14,25,0,-11,-25,163.882,11,163.882,25,0
893,100,0,250,10,35,10,-15,0,0,25,-10,-25,625,15,25,146.104,10,146.104,0,25
894,625,625,0,50,25,0,25,625,0,25,0,25,0,-25,-25,459.48333333333335,25,459.48333333333335,25,0
895,625,0,625,25,50,25,0,0,0,25,-25,-25,625,0,25,464.2993333333333,25,464.2993333333333,0,25
896,1,25,0,26,1,-24,1,625,0,25,24,25,0,-1,-25,12.7,1,12.7,25,0
897,121,0,275,11,36,11,-14,0,0,25,-11,-25,625,14,25,166.75866666666667,11,166.75866666666667,0,25
898,100,250,0,35,10,-15,10,625,0,25,15,25,0,-10,-25,146.49066666666667,10,146.49066666666667,25,0
899,625,0,0,25,25,25,25,0,0,0,-25,0,0,-25,0,149.39733333333334,25,149.39733333333334,0,0
900,121,0,0,11,11,11,11,0,0,0,-11,0,0,-11,0,27.577333333333332,11,27.577333333333332,0,0
901,100,0,0,10,10,10,10,0,0,0,-10,0,0,-10,0,22.522,10,22.522,0,0
902,1,25,12,26,13,-24,-11,625,300,37,24,13,144,11,-13,318.58666666666664,1,18.586666666666645,25,12
903,625,0,0,25,25,25,25,0,0,0,-25,0,0,-25,0,149.96533333333332,25,149.96533333333332,0,0
904,1,0,0,1,1,1,1,0,0,0,-1,0,0,-1,0,0.0,1,0.0,0,0
905,169,0,0,13,13,13,13,0,0,0,-13,0,0,-13,0,39.16133333333333,13,39.16133333333333,0,0
906,1,25,25,26,26,-24,-24,625,625,50,24,0,625,24,0,650.0,1,25.0,25,25
907,1,0,0,1,1,1,1,0,0,0,-1,0,0,-1,0,0.0,1,0.0,0,0
908,4,0,0,2,2,2,2,0,0,0,-2,0,0,-2,0,0.512,2,0.512,0,0
909,1,12,0,13,1,-11,1,144,0,12,11,12,0,-1,-12,5.792,1,5.792,12,0
910,169,0,0,13,13,13,13,0,0,0,-13,0,0,-13,0,38.82933333333333,13,38.82933333333333,0,0
911,121,0,11,11,12,11,10,0,0,1,-11,-1,1,-10,1,32.943333333333335,11,32.943333333333335,0,1
912,4,0,0,2,2,2,2,0,0,0,-2,0,0,-2,0,0.4866666666666667,2,0.4866666666666667,0,0
913,625,0,0,25,25,25,25,0,0,0,-25,0,0,-25,0,150.35466666666667,25,150.35466666666667,0,0
914,121,0,0,11,11,11,11,0,0,0,-11,0,0,-11,0,27.554666666666666,11,27.554666666666666,0,0
915,4,0,0,2,2,2,2,0,0,0,-2,0,0,-2,0,0.5213333333333333,2,0.5213333333333333,0,0
916,625,0,0,25,25,25,25,0,0,0,-25,0,0,-25,0,150.12533333333334,25,150.12533333333334,0,0
917,1,25,25,26,26,-24,-24,625,625,50,24,0,625,24,0,650.0,1,25.0,25,25
918,100,0,0,10,10,10,10,0,0,0,-10,0,0,-10,0,22.432666666666666,10,22.432666666666666,0,0
919,100,0,0,10,10,10,10,0,0,0,-10,0,0,-10,0,22.35333333333333,10,22.35333333333333,0,0
920,1,25,0,26,1,-24,1,625,0,25,24,25,0,-1,-25,12.633333333333333,1,12.633333333333333,25,0
921,4,50,0,27,2,-23,2,625,0,25,23,25,0,-2,-25,25.886666666666667,2,25.886666666666667,25,0
922,1,12,0,13,1,-11,1,144,0,12,11,12,0,-1,-12,5.72,1,5.72,12,0
923,49,133,0,26,7,-12,7,361,0,19,12,19,0,-7,-19,77.50333333333333,7,77.50333333333333,19,0
924,1,0,25,1,26,1,-24,0,0,25,-1,-25,625,24,25,13.366666666666667,1,13.366666666666667,0,25
925,625,0,625,25,50,25,0,0,0,25,-25,-25,625,0,25,464.00933333333336,25,464.00933333333336,0,25
926,625,0,0,25,25,25,25,0,0,0,-25,0,0,-25,0,150.068,25,150.068,0,0
927,1,0,25,1,26,1,-24,0,0,25,-1,-25,625,24,25,12.8,1,12.8,0,25
928,121,275,0,36,11,-14,11,625,0,25,14,25,0,-11,-25,166.512,11,166.512,25,0
929,4,0,50,2,27,2,-23,0,0,25,-2,-25,625,23,25,24.361333333333334,2,24.361333333333334,0,25
930,121,275,0,36,11,-14,11,625,0,25,14,25,0,-11,-25,165.012,11,165.012,25,0
931,1,0,12,1,13,1,-11,0,0,12,-1,-12,144,11,12,6.016,1,6.016,0,12
932,121,275,0,36,11,-14,11,625,0,25,14,25,0,-11,-25,163.882,11,163.882,25,0
933,100,0,250,10,35,10,-15,0,0,25,-10,-25,625,15,25,146.104,10,146.104,0,25
934,625,625,0,50,25,0,25,625,0,25,0,25,0,-25,-25,459.48333333333335,25,459.48333333333335,25,0
935,625,0,625,25,50,25,0,0,0,25,-25,-25,625,0,25,464.2993333333333,25,464.2993333333333,0,25
936,1,25,0,26,1,-24,1,625,0,25,24,25,0,-1,-25,12.7,1,12.7,25,0
937,121,0,275,11,36,11,-14,0,0,25,-11,-25,625,14,25,166.75866666666667,11,166.75866666666667,0,25
938,100,250,0,35,10,-15,10,625,0,25,15,25,0,-10,-25,146.49066666666667,10,146.49066666666667,25,0
939,625,0,0,25,25,25,25,0,0,0,-25,0,0,-25,0,149.39733333333334,25,149.39733333333334,0,0
940,121,0,0,11,11,11,11,0,0,0,-11,0,0,-11,0,27.577333333333332,11,27.577333333333332,0,0
941,100,0,0,10,10,10,10,0,0,0,-10,0,0,-10,0,22.522,10,22.522,0,0
942,1,25,12,26,13,-24,-11,625,300,37,24,13,144,11,-13,318.58666666666664,1,18.586666666666645,25,12
943,625,0,0,25,25,25,25,0,0,0,-25,0,0,-25,0,149.96533333333332,25,149.96533333333332,0,0
944,1,0,0,1,1,1,1,0,0,0,-1,0,0,-1,0,0.0,1,0.0,0,0
945,169,0,0,13,13,13,13,0,0,0,-13,0,0,-13,0,39.16133333333333,13,39.16133333333333,0,0
946,1,25,25,26,26,-24,-24,625,625,50,24,0,625,24,0,650.0,1,25.0,25,25
947,1,0,0,1,1,1,1,0,0,0,-1,0,0,-1,0,0.0,1,0.0,0,0
948,4,0,0,2,2,2,2,0,0,0,-2,0,0,-2,0,0.512,2,0.512,0,0
949,1,12,0,13,1,-11,1,144,0,12,11,12,0,-1,-12,5.792,1,5.792,12,0
950,169,0,0,13,13,13,13,0,0,0,-13,0,0,-13,0,38.82933333333333,13,38.82933333333333,0,0
951,121,0,11,11,12,11,10,0,0,1,-11,-1,1,-10,1,32.943333333333335,11,32.943333333333335,0,1
952,4,0,0,2,2,2,2,0,0,0,-2,0,0,-2,0,0.4866666666666667,2,0.4866666666666667,0,0
953,625,0,0,25,25,25,25,0,0,0,-25,0,0,-25,0,150.35466666666667,25,150.35466666666667,0,0
954,121,0,0,11,11,11,11,0,0,0,-11,0,0,-11,0,27.554666666666666,11,27.554666666666666,0,0
955,4,0,0,2,2,2,2,0,0,0,-2,0,0,-2,0,0.5213333333333333,2,0.5213333333333333,0,0
956,625,0,0,25,25,25,25,0,0,0,-25,0,0,-25,0,150.12533333333334,25,150.12533333333334,0,0
957,1,25,25,26,26,-24,-24,625,625,50,24,0,625,24,0,650.0,1,25.0,25,25
958,100,0,0,10,10,10,10,0,0,0,-10,0,0,-10,0,22.432666666666666,10,22.432666666666666,0,0
959,100,0,0,10,10,10,10,0,0,0,-10,0,0,-10,0,22.35333333333333,10,22.35333333333333,0,0
960,1,25,0,26,1,-24,1,625,0,25,24,25,0,-1,-25,12.633333333333333,1,12.633333333333333,25,0
961,4,50,0,27,2,-23,2,625,0,25,23,25,0,-2,-25,25.886666666666667,2,25.886666666666667,25,0
962,1,12,0,13,1,-11,1,144,0,12,11,12,0,-1,-12,5.72,1,5.72,12,0
963,49,133,0,26,7,-12,7,361,0,19,12,19,0,-7,-19,77.50333333333333,7,77.50333333333333,19,0
964,1,0,25,1,26,1,-24,0,0,25,-1,-25,625,24,25,13.366666666666667,1,13.366666666666667,0,25
965,625,0,625,25,50,25,0,0,0,25,-25,-25,625,0,25,464.00933333333336,25,464.00933333333336,0,25
966,625,0,0,25,25,25,25,0,0,0,-25,0,0,-25,0,150.068,25,150.068,0,0
967,1,0,25,1,26,1,-24,0,0,25,-1,-25,625,24,25,12.8,1,12.8,0,25
968,121,275,0,36,11,-14,11,625,0,25,14,25,0,-11,-25,166.512,11,166.512,25,0
969,4,0,50,2,27,2,-23,0,0,25,-2,-25,625,23,25,24.361333333333334,2,24.361333333333334,0,25
970,121,275,0,36,11,-14,11,625,0,25,14,25,0,-11,-25,165.012,11,165.012,25,0
971,1,0,12,1,13,1,-11,0,0,12,-1,-12,144,11,12,6.016,1,6.016,0,12
972,121,275,0,36,11,-14,11,625,0,25,14,25,0,-11,-25,163.882,11,163.882,25,0
973,100,0,250,10,35,10,-15,0,0,25,-10,-25,625,15,25,146.104,10,146.104,0,25
974,625,625,0,50,25,0,25,625,0,25,0,25,0,-25,-25,459.48333333333335,25,459.48333333333335,25,0
975,625,0,625,25,50,25,0,0,0,25,-25,-25,625,0,25,464.2993333333333,25,464.2993333333333,0,25
976,1,25,0,26,1,-24,1,625,0,25,24,25,0,-1,-25,12.7,1,12.7,25,0
977,121,0,275,11,36,11,-14,0,0,25,-11,-25,625,14,25,166.75866666666667,11,166.75866666666667,0,25
978,100,250,0,35,10,-15,10,625,0,25,15,25,0,-10,-25,146.49066666666667,10,146.49066666666667,25,0
979,625,0,0,25,25,25,25,0,0,0,-25,0,0,-25,0,149.39733333333334,25,149.39733333333334,0,0
980,121,0,0,11,11,11,11,0,0,0,-11,0,0,-11,0,27.577333333333332,11,27.577333333333332,0,0
981,100,0,0,10,10,10,10,0,0,0,-10,0,0,-10,0,22.522,10,22.522,0,0
982,1,25,12,26,13,-24,-11,625,300,37,24,13,144,11,-13,318.58666666666664,1,18.586666666666645,25,12
983,625,0,0,25,25,25,25,0,0,0,-25,0,0,-25,0,149.96533333333332,25,149.96533333333332,0,0
984,1,0,0,1,1,1,1,0,0,0,-1,0,0,-1,0,0.0,1,0.0,0,0
985,169,0,0,13,13,13,13,0,0,0,-13,0,0,-13,0,39.16133333333333,13,39.16133333333333,0,0
986,1,25,25,26,26,-24,-24,625,625,50,24,0,625,24,0,650.0,1,25.0,25,25
987,1,0,0,1,1,1,1,0,0,0,-1,0,0,-1,0,0.0,1,0.0,0,0
988,4,0,0,2,2,2,2,0,0,0,-2,0,0,-2,0,0.512,2,0.512,0,0
989,1,12,0,13,1,-11,1,144,0,12,11,12,0,-1,-12,5.792,1,5.792,12,0
990,169,0,0,13,13,13,13,0,0,0,-13,0,0,-13,0,38.82933333333333,13,38.82933333333333,0,0
991,121,0,11,11,12,11,10,0,0,1,-11,-1,1,-10,1,32.943333333333335,11,32.943333333333335,0,1
992,4,0,0,2,2,2,2,0,0,0,-2,0,0,-2,0,0.4866666666666667,2,0.4866666666666667,0,0
993,625,0,0,25,25,25,25,0,0,0,-25,0,0,-25,0,150.35466666666667,25,150.35466666666667,0,0
994,121,0,0,11,11,11,11,0,0,0,-11,0,0,-11,0,27.554666666666666,11,27.554666666666666,0,0
995,4,0,0,2,2,2,2,0,0,0,-2,0,0,-2,0,0.5213333333333333,2,0.5213333333333333,0,0
996,625,0,0,25,25,25,25,0,0,0,-25,0,0,-25,0,150.12533333333334,25,150.12533333333334,0,0
997,1,25,25,26,26,-24,-24,625,625,50,24,0,625,24,0,650.0,1,25.0,25,25
998,100,0,0,10,10,10,10,0,0,0,-10,0,0,-10,0,22.432666666666666,10,22.432666666666666,0,0
999,100,0,0,10,10,10,10,0,0,0,-10,0,0,-10,0,22.35333333333333,10,22.35333333333333,0,0
1000,1,25,0,26,1,-24,1,625,0,25,24,25,0,-1,-25,12.633333333333333,1,12.633333333333333,25,0
1001,4,50,0,27,2,-23,2,625,0,25,23,25,0,-2,-25,25.886666666666667,2,25.886666666666667,25,0
1002,1,12,0,13,1,-11,1,144,0,12,11,12,0,-1,-12,5.72,1,5.72,12,0
1003,49,133,0,26,7,-12,7,361,0,19,12,19,0,-7,-19,77.50333333333333,7,77.50333333333333,19,0
1004,1,0,25,1,26,1,-24,0,0,25,-1,-25,625,24,25,13.366666666666667,1,13.366666666666667,0,25
1005,625,0,625,25,50,25,0,0,0,25,-25,-25,625,0,25,464.00933333333336,25,464.00933333333336,0,25
1006,625,0,0,25,25,25,25,0,0,0,-25,0,0,-25,0,150.068,25,150.068,0,0
1007,1,0,25,1,26,1,-24,0,0,25,-1,-25,625,24,25,12.8,1,12.8,0,25
1008,121,275,0,36,11,-14,11,625,0,25,14,25,0,-11,-25,166.512,11,166.512,25,0
1009,4,0,50,2,27,2,-23,0,0,25,-2,-25,625,23,25,24.361333333333334,2,24.361333333333334,0,25
1010,121,275,0,36,11,-14,11,625,0,25,14,25,0,-11,-25,165.012,11,165.012,25,0
1011,1,0,12,1,13,1,-11,0,0,12,-1,-12,144,11,12,6.016,1,6.016,0,12
1012,121,275,0,36,11,-14,11,625,0,25,14,25,0,-11,-25,163.882,11,163.882,25,0
1013,100,0,250,10,35,10,-15,0,0,25,-10,-25,625,15,25,146.104,10,146.104,0,25
1014,625,625,0,50,25,0,25,625,0,25,0,25,0,-25,-25,459.48333333333335,25,459.48333333333335,25,0
1015,625,0,625,25,50,25,0,0,0,25,-25,-25,625,0,25,464.2993333333333,25,464.2993333333333,0,25
1016,1,25,0,26,1,-24,1,625,0,25,24,25,0,-1,-25,12.7,1,12.7,25,0
1017,121,0,275,11,36,11,-14,0,0,25,-11,-25,625,14,25,166.75866666666667,11,166.75866666666667,0,25
1018,100,250,0,35,10,-15,10,625,0,25,15,25,0,-10,-25,146.49066666666667,10,146.49066666666667,25,0
1019,625,0,0,25,25,25,25,0,0,0,-25,0,0,-25,0,149.39733333333334,25,149.39733333333334,0,0
1020,121,0,0,11,11,11,11,0,0,0,-11,0,0,-11,0,27.577333333333332,11,27.577333333333332,0,0
1021,100,0,0,10,10,10,10,0,0,0,-10,0,0,-10,0,22.522,10,22.522,0,0
1022,1,25,12,26,13,-24,-11,625,300,37,24,13,144,11,-13,318.58666666666664,1,18.586666666666645,25,12
1023,625,0,0,25,25,25,25,0,0,0,-25,0,0,-25,0,149.96533333333332,25,149.96533333333332,0,0
1024,1,0,0,1,1,1,1,0,0,0,-1,0,0,-1,0,0.0,1,0.0,0,0
1025,169,0,0,13,13,13,13,0,0,0,-13,0,0,-13,0,39.16133333333333,13,39.16133333333333,0,0
1026,1,25,25,26,26,-24,-24,625,625,50,24,0,625,24,0,650.0,1,25.0,25,25
1027,1,0,0,1,1,1,1,0,0,0,-1,0,0,-1,0,0.0,1,0.0,0,0
1028,4,0,0,2,2,2,2,0,0,0,-2,0,0,-2,0,0.512,2,0.512,0,0
1029,1,12,0,13,1,-11,1,144,0,12,11,12,0,-1,-12,5.792,1,5.792,12,0
1030,169,0,0,13,13,13,13,0,0,0,-13,0,0,-13,0,38.82933333333333,13,38.82933333333333,0,0
1031,121,0,11,11,12,11,10,0,0,1,-11,-1,1,-10,1,32.943333333333335,11,32.943333333333335,0,1
1032,4,0,0,2,2,2,2,0,0,0,-2,0,0,-2,0,0.4866666666666667,2,0.4866666666666667,0,0
1033,625,0,0,25,25,25,25,0,0,0,-25,0,0,-25,0,150.35466666666667,25,150.35466666666667,0,0
1034,121,0,0,11,11,11,11,0,0,0,-11,0,0,-11,0,27.554666666666666,11,27.554666666666666,0,0
1035,4,0,0,2,2,2,2,0,0,0,-2,0,0,-2,0,0.5213333333333333,2,0.5213333333333333,0,0
1036,625,0,0,25,25,25,25,0,0,0,-25,0,0,-25,0,150.12533333333334,25,150.12533333333334,0,0
1037,1,25,25,26,26,-24,-24,625,625,50,24,0,625,24,0,650.0,1,25.0,25,25
1038,100,0,0,10,10,10,10,0,0,0,-10,0,0,-10,0,22.432666666666666,10,22.432666666666666,0,0
1039,100,0,0,10,10,10,10,0,0,0,-10,0,0,-10,0,22.35333333333333,10,22.35333333333333,0,0
1040,1,25,0,26,1,-24,1,625,0,25,24,25,0,-1,-25,12.633333333333333,1,12.633333333333333,25,0
1041,4,50,0,27,2,-23,2,625,0,25,23,25,0,-2,-25,25.886666666666667,2,25.886666666666667,25,0
1042,1,12,0,13,1,-11,1,144,0,12,11,12,0,-1,-12,5.72,1,5.72,12,0
1043,49,133,0,26,7,-12,7,361,0,19,12,19,0,-7,-19,77.50333333333333,7,77.50333333333333,19,0
1044,1,0,25,1,26,1,-24,0,0,25,-1,-25,625,24,25,13.366666666666667,1,13.366666666666667,0,25
1045,625,0,625,25,50,25,0,0,0,25,-25,-25,625,0,25,464.00933333333336,25,464.00933333333336,0,25
1046,625,0,0,25,25,25,25,0,0,0,-25,0,0,-25,0,150.068,25,150.068,0,0
1047,1,0,25,1,26,1,-24,0,0,25,-1,-25,625,24,25,12.8,1,12.8,0,25
1048,121,275,0,36,11,-14,11,625,0,25,14,25,0,-11,-25,166.512,11,166.512,25,0
1049,4,0,50,2,27,2,-23,0,0,25,-2,-25,625,23,25,24.361333333333334,2,24.361333333333334,0,25
1050,121,275,0,36,11,-14,11,625,0,25,14,25,0,-11,-25,165.012,11,165.012,25,0
1051,1,0,12,1,13,1,-11,0,0,12,-1,-12,144,11,12,6.016,1,6.016,0,12
1052,121,275,0,36,11,-14,11,625,0,25,14,25,0,-11,-25,163.882,11,163.882,25,0
1053,100,0,250,10,35,10,-15,0,0,25,-10,-25,625,15,25,146.104,10,146.104,0,25
1054,625,625,0,50,25,0,25,625,0,25,0,25,0,-25,-25,459.48333333333335,25,459.48333333333335,25,0
1055,625,0,625,25,50,25,0,0,0,25,-25,-25,625,0,25,464.2993333333333,25,464.2993333333333,0,25
1056,1,25,0,26,1,-24,1,625,0,25,24,25,0,-1,-25,12.7,1,12.7,25,0
1057,121,0,275,11,36,11,-14,0,0,25,-11,-25,625,14,25,166.75866666666667,11,166.75866666666667,0,25
1058,100,250,0,35,10,-15,10,625,0,25,15,25,0,-10,-25,146.49066666666667,10,146.49066666666667,25,0
1059,625,0,0,25,25,25,25,0,0,0,-25,0,0,-25,0,149.39733333333334,25,149.39733333333334,0,0
1060,121,0,0,11,11,11,11,0,0,0,-11,0,0,-11,0,27.577333333333332,11,27.577333333333332,0,0
1061,100,0,0,10,10,10,10,0,0,0,-10,0,0,-10,0,22.522,10,22.522,0,0
1062,1,25,12,26,13,-24,-11,625,300,37,24,13,144,11,-13,318.58666666666664,1,18.586666666666645,25,12
1063,625,0,0,25,25,25,25,0,0,0,-25,0,0,-25,0,149.96533333333332,25,149.96533333333332,0,0
1064,1,0,0,1,1,1,1,0,0,0,-1,0,0,-1,0,0.0,1,0.0,0,0
1065,169,0,0,13,13,13,13,0,0,0,-13,0,0,-13,0,39.16133333333333,13,39.16133333333333,0,0
1066,1,25,25,26,26,-24,-24,625,625,50,24,0,625,24,0,650.0,1,25.0,25,25
1067,1,0,0,1,1,1,1,0,0,0,-1,0,0,-1,0,0.0,1,0.0,0,0
1068,4,0,0,2,2,2,2,0,0,0,-2,0,0,-2,0,0.512,2,0.512,0,0
1069,1,12,0,13,1,-11,1,144,0,12,11,12,0,-1,-12,5.792,1,5.792,12,0
1070,169,0,0,13,13,13,13,0,0,0,-13,0,0,-13,0,38.82933333333333,13,38.82933333333333,0,0
1071,121,0,11,11,12,11,10,0,0,1,-11,-1,1,-10,1,32.943333333333335,11,32.943333333333335,0,1
1072,4,0,0,2,2,2,2,0,0,0,-2,0,0,-2,0,0.4866666666666667,2,0.4866666666666667,0,0
1073,625,0,0,25,25,25,25,0,0,0,-25,0,0,-25,0,150.35466666666667,25,150.35466666666667,0,0
1074,121,0,0,11,11,11,11,0,0,0,-11,0,0,-11,0,27.554666666666666,11,27.554666666666666,0,0
1075,4,0,0,2,2,2,2,0,0,0,-2,0,0,-2,0,0.5213333333333333,2,0.5213333333333333,0,0
1076,625,0,0,25,25,25,25,0,0,0,-25,0,0,-25,0,150.12533333333334,25,150.12533333333334,0,0
1077,1,25,25,26,26,-24,-24,625,625,50,24,0,625,24,0,650.0,1,25.0,25,25
1078,100,0,0,10,10,10,10,0,0,0,-10,0,0,-10,0,22.432666666666666,10,22.432666666666666,0,0
1079,100,0,0,10,10,10,10,0,0,0,-10,0,0,-10,0,22.35333333333333,10,22.35333333333333,0,0
1080,1,25,0,26,1,-24,1,625,0,25,24,25,0,-1,-25,12.633333333333333,1,12.633333333333333,25,0
1081,4,50,0,27,2,-23,2,625,0,25,23,25,0,-2,-25,25.886666666666667,2,25.886666666666667,25,0
1082,1,12,0,13,1,-11,1,144,0,12,11,12,0,-1,-12,5.72,1,5.72,12,0
1083,49,133,0,26,7,-12,7,361,0,19,12,19,0,-7,-19,77.50333333333333,7,77.50333333333333,19,0
1084,1,0,25,1,26,1,-24,0,0,25,-1,-25,625,24,25,13.366666666666667,1,13.366666666666667,0,25
1085,625,0,625,25,50,25,0,0,0,25,-25,-25,625,0,25,464.00933333333336,25,464.00933333333336,0,25
1086,625,0,0,25,25,25,25,0,0,0,-25,0,0,-25,0,150.068,25,150.068,0,0
1087,1,0,25,1,26,1,-24,0,0,25,-1,-25,625,24,25,12.8,1,12.8,0,25
1088,121,275,0,36,11,-14,11,625,0,25,14,25,0,-11,-25,166.512,11,166.512,25,0
1089,4,0,50,2,27,2,-23,0,0,25,-2,-25,625,23,25,24.361333333333334,2,24.361333333333334,0,25
1090,121,275,0,36,11,-14,11,625,0,25,14,25,0,-11,-25,165.012,11,165.012,25,0
1091,1,0,12,1,13,1,-11,0,0,12,-1,-12,144,11,12,6.016,1,6.016,0,12
1092,121,275,0,36,11,-14,11,625,0,25,14,25,0,-11,-25,163.882,11,163.882,25,0
1093,100,0,250,10,35,10,-15,0,0,25,-10,-25,625,15,25,146.104,10,146.104,0,25
1094,625,625,0,50,25,0,25,625,0,25,0,25,0,-25,-25,459.48333333333335,25,459.48333333333335,25,0
1095,625,0,625,25,50,25,0,0,0,25,-25,-25,625,0,25,464.2993333333333,25,464.2993333333333,0,25
1096,1,25,0,26,1,-24,1,625,0,25,24,25,0,-1,-25,12.7,1,12.7,25,0
1097,121,0,275,11,36,11,-14,0,0,25,-11,-25,625,14,25,166.75866666666667,11,166.75866666666667,0,25
1098,100,250,0,35,10,-15,10,625,0,25,15,25,0,-10,-25,146.49066666666667,10,146.49066666666667,25,0
1099,625,0,0,25,25,25,25,0,0,0,-25,0,0,-25,0,149.39733333333334,25,149.39733333333334,0,0
1100,121,0,0,11,11,11,11,0,0,0,-11,0,0,-11,0,27.577333333333332,11,27.577333333333332,0,0
1101,100,0,0,10,10,10,10,0,0,0,-10,0,0,-10,0,22.522,10,22.522,0,0
1102,1,25,12,26,13,-24,-11,625,300,37,24,13,144,11,-13,318.58666666666664,1,18.586666666666645,25,12
1103,625,0,0,25,25,25,25,0,0,0,-25,0,0,-25,0,149.96533333333332,25,149.96533333333332,0,0
1104,1,0,0,1,1,1,1,0,0,0,-1,0,0,-1,0,0.0,1,0.0,0,0
1105,169,0,0,13,13,13,13,0,0,0,-13,0,0,-13,0,39.16133333333333,13,39.16133333333333,0,0
1106,1,25,25,26,26,-24,-24,625,625,50,24,0,625,24,0,650.0,1,25.0,25,25
1107,1,0,0,1,1,1,1,0,0,0,-1,0,0,-1,0,0.0,1,0.0,0,0
1108,4,0,0,2,2,2,2,0,0,0,-2,0,0,-2,0,0.512,2,0.512,0,0
1109,1,12,0,13,1,-11,1,144,0,12,11,12,0,-1,-12,5.792,1,5.792,12,0
1110,169,0,0,13,13,13,13,0,0,0,-13,0,0,-13,0,38.82933333333333,13,38.82933333333333,0,0
1111,121,0,11,11,12,11,10,0,0,1,-11,-1,1,-10,1,32.943333333333335,11,32.943333333333335,0,1
1112,4,0,0,2,2,2,2,0,0,0,-2,0,0,-2,0,0.4866666666666667,2,0.4866666666666667,0,0
1113,625,0,0,25,25,25,25,0,0,0,-25,0,0,-25,0,150.35466666666667,25,150.35466666666667,0,0
1114,121,0,0,11,11,11,11,0,0,0,-11,0,0,-11,0,27.554666666666666,11,27.554666666666666,0,0
1115,4,0,0,2,2,2,2,0,0,0,-2,0,0,-2,0,0.5213333333333333,2,0.5213333333333333,0,0
1116,625,0,0,25,25,25,25,0,0,0,-25,0,0,-25,0,150.12533333333334,25,150.12533333333334,0,0
1117,1,25,25,26,26,-24,-24,625,625,50,24,0,625,24,0,650.0,1,25.0,25,25
1118,100,0,0,10,10,10,10,0,0,0,-10,0,0,-10,0,22.432666666666666,10,22.432666666666666,0,0
1119,100,0,0,10,10,10,10,0,0,0,-10,0,0,-10,0,22.35333333333333,10,22.35333333333333,0,0
1120,1,25,0,26,1,-24,1,625,0,25,24,25,0,-1,-25,12.633333333333333,1,12.633333333333333,25,0
1121,4,50,0,27,2,-23,2,625,0,25,23,25,0,-2,-25,25.886666666666667,2,25.886666666666667,25,0
1122,1,12,0,13,1,-11,1,144,0,12,11,12,0,-1,-12,5.72,1,5.72,12,0
1123,49,133,0,26,7,-12,7,361,0,19,12,19,0,-7,-19,77.50333333333333,7,77.50333333333333,19,0
1124,1,0,25,1,26,1,-24,0,0,25,-1,-25,625,24,25,13.366666666666667,1,13.366666666666667,0,25
1125,625,0,625,25,50,25,0,0,0,25,-25,-25,625,0,25,464.00933333333336,25,464.00933333333336,0,25
1126,625,0,0,25,25,25,25,0,0,0,-25,0,0,-25,0,150.068,25,150.068,0,0
1127,1,0,25,1,26,1,-24,0,0,25,-1,-25,625,24,25,12.8,1,12.8,0,25
1128,121,275,0,36,11,-14,11,625,0,25,14,25,0,-11,-25,166.512,11,166.512,25,0
1129,4,0,50,2,27,2,-23,0,0,25,-2,-25,625,23,25,24.361333333333334,2,24.361333333333334,0,25
1130,121,275,0,36,11,-14,11,625,0,25,14,25,0,-11,-25,165.012,11,165.012,25,0
1131,1,0,12,1,13,1,-11,0,0,12,-1,-12,144,11,12,6.016,1,6.016,0,12
1132,121,275,0,36,11,-14,11,625,0,25,14,25,0,-11,-25,163.882,11,163.882,25,0
1133,100,0,250,10,35,10,-15,0,0,25,-10,-25,625,15,25,146.104,10,146.104,0,25
1134,625,625,0,50,25,0,25,625,0,25,0,25,0,-25,-25,459.48333333333335,25,459.48333333333335,25,0
1135,625,0,625,25,50,25,0,0,0,25,-25,-25,625,0,25,464.2993333333333,25,464.2993333333333,0,25
1136,1,25,0,26,1,-24,1,625,0,25,24,25,0,-1,-25,12.7,1,12.7,25,0
1137,121,0,275,11,36,11,-14,0,0,25,-11,-25,625,14,25,166.75866666666667,11,166.75866666666667,0,25
1138,100,250,0,35,10,-15,10,625,0,25,15,25,0,-10,-25,146.49066666666667,10,146.49066666666667,25,0
1139,625,0,0,25,25,25,25,0,0,0,-25,0,0,-25,0,149.39733333333334,25,149.39733333333334,0,0
1140,121,0,0,11,11,11,11,0,0,0,-11,0,0,-11,0,27.577333333333332,11,27.577333333333332,0,0
1141,100,0,0,10,10,10,10,0,0,0,-10,0,0,-10,0,22.522,10,22.522,0,0
1142,1,25,12,26,13,-24,-11,625,300,37,24,13,144,11,-13,318.58666666666664,1,18.586666666666645,25,12
1143,625,0,0,25,25,25,25,0,0,0,-25,0,0,-25,0,149.96533333333332,25,149.96533333333332,0,0
1144,1,0,0,1,1,1,1,0,0,0,-1,0,0,-1,0,0.0,1,0.0,0,0
1145,169,0,0,13,13,13,13,0,0,0,-13,0,0,-13,0,39.16133333333333,13,39.16133333333333,0,0
1146,1,25,25,26,26,-24,-24,625,625,50,24,0,625,24,0,650.0,1,25.0,25,25
1147,1,0,0,1,1,1,1,0,0,0,-1,0,0,-1,0,0.0,1,0.0,0,0
1148,4,0,0,2,2,2,2,0,0,0,-2,0,0,-2,0,0.512,2,0.512,0,0
1149,1,12,0,13,1,-11,1,144,0,12,11,12,0,-1,-12,5.792,1,5.792,12,0
1150,169,0,0,13,13,13,13,0,0,0,-13,0,0,-13,0,38.82933333333333,13,38.82933333333333,0,0
1151,121,0,11,11,12,11,10,0,0,1,-11,-1,1,-10,1,32.943333333333335,11,32.943333333333335,0,1
1152,4,0,0,2,2,2,2,0,0,0,-2,0,0,-2,0,0.4866666666666667,2,0.4866666666666667,0,0
1153,625,0,0,25,25,25,25,0,0,0,-25,0,0,-25,0,150.35466666666667,25,150.35466666666667,0,0
1154,121,0,0,11,11,11,11,0,0,0,-11,0,0,-11,0,27.554666666666666,11,27.554666666666666,0,0
1155,4,0,0,2,2,2,2,0,0,0,-2,0,0,-2,0,0.5213333333333333,2,0.5213333333333333,0,0
1156,625,0,0,25,25,25,25,0,0,0,-25,0,0,-25,0,150.12533333333334,25,150.12533333333334,0,0
1157,1,25,25,26,26,-24,-24,625,625,50,24,0,625,24,0,650.0,1,25.0,25,25
1158,100,0,0,10,10,10,10,0,0,0,-10,0,0,-10,0,22.432666666666666,10,22.432666666666666,0,0
1159,100,0,0,10,10,10,10,0,0,0,-10,0,0,-10,0,22.35333333333333,10,22.35333333333333,0,0
1160,1,25,0,26,1,-24,1,625,0,25,24,25,0,-1,-25,12.633333333333333,1,12.633333333333333,25,0
1161,4,50,0,27,2,-23,2,625,0,25,23,25,0,-2,-25,25.886666666666667,2,25.886666666666667,25,0
1162,1,12,0,13,1,-11,1,144,0,12,11,12,0,-1,-12,5.72,1,5.72,12,0
1163,49,133,0,26,7,-12,7,361,0,19,12,19,0,-7,-19,77.50333333333333,7,77.50333333333333,19,0
1164,1,0,25,1,26,1,-24,0,0,25,-1,-25,625,24,25,13.366666666666667,1,13.366666666666667,0,25
1165,625,0,625,25,50,25,0,0,0,25,-25,-25,625,0,25,464.00933333333336,25,464.00933333333336,0,25
1166,625,0,0,25,25,25,25,0,0,0,-25,0,0,-25,0,150.068,25,150.068,0,0
1167,1,0,25,1,26,1,-24,0,0,25,-1,-25,625,24,25,12.8,1,12.8,0,25
1168,121,275,0,36,11,-14,11,625,0,25,14,25,0,-11,-25,166.512,11,166.512,25,0
1169,4,0,50,2,27,2,-23,0,0,25,-2,-25,625,23,25,24.361333333333334,2,24.361333333333334,0,25
1170,121,275,0,36,11,-14,11,625,0,25,14,25,0,-11,-25,165.012,11,165.012,25,0
1171,1,0,12,1,13,1,-11,0,0,12,-1,-12,144,11,12,6.016,1,6.016,0,12
1172,121,275,0,36,11,-14,11,625,0,25,14,25,0,-11,-25,163.882,11,163.882,25,0
1173,100,0,250,10,35,10,-15,0,0,25,-10,-25,625,15,25,146.104,10,146.104,0,25
1174,625,625,0,50,25,0,25,625,0,25,0,25,0,-25,-25,459.48333333333335,25,459.48333333333335,25,0
1175,625,0,625,25,50,25,0,0,0,25,-25,-25,625,0,25,464.2993333333333,25,464.2993333333333,0,25
1176,1,25,0,26,1,-24,1,625,0,25,24,25,0,-1,-25,12.7,1,12.7,25,0
1177,121,0,275,11,36,11,-14,0,0,25,-11,-25,625,14,25,166.75866666666667,11,166.75866666666667,0,25
1178,100,250,0,35,10,-15,10,625,0,25,15,25,0,-10,-25,146.49066666666667,10,146.49066666666667,25,0
1179,625,0,0,25,25,25,25,0,0,0,-25,0,0,-25,0,149.39733333333334,25,149.39733333333334,0,0
1180,121,0,0,11,11,11,11,0,0,0,-11,0,0,-11,0,27.577333333333332,11,27.577333333333332,0,0
1181,100,0,0,10,10,10,10,0,0,0,-10,0,0,-10,0,22.522,10,22.522,0,0
1182,1,25,12,26,13,-24,-11,625,300,37,24,13,144,11,-13,318.58666666666664,1,18.586666666666645,25,12
1183,625,0,0,25,25,25,25,0,0,0,-25,0,0,-25,0,149.96533333333332,25,149.96533333333332,0,0
1184,1,0,0,1,1,1,1,0,0,0,-1,0,0,-1,0,0.0,1,0.0,0,0
1185,169,0,0,13,13,13,13,0,0,0,-13,0,0,-13,0,39.16133333333333,13,39.16133333333333,0,0
1186,1,25,25,26,26,-24,-24,625,625,50,24,0,625,24,0,650.0,1,25.0,25,25
1187,1,0,0,1,1,1,1,0,0,0,-1,0,0,-1,0,0.0,1,0.0,0,0
1188,4,0,0,2,2,2,2,0,0,0,-2,0,0,-2,0,0.512,2,0.512,0,0
1189,1,12,0,13,1,-11,1,144,0,12,11,12,0,-1,-12,5.792,1,5.792,12,0
1190,169,0,0,13,13,13,13,0,0,0,-13,0,0,-13,0,38.82933333333333,13,38.82933333333333,0,0
1191,121,0,11,11,12,11,10,0,0,1,-11,-1,1,-10,1,32.943333333333335,11,32.943333333333335,0,1
1192,4,0,0,2,2,2,2,0,0,0,-2,0,0,-2,0,0.4866666666666667,2,0.4866666666666667,0,0
1193,625,0,0,25,25,25,25,0,0,0,-25,0,0,-25,0,150.35466666666667,25,150.35466666666667,0,0
1194,121,0,0,11,11,11,11,0,0,0,-11,0,0,-11,0,27.554666666666666,11,27.554666666666666,0,0
1195,4,0,0,2,2,2,2,0,0,0,-2,0,0,-2,0,0.5213333333333333,2,0.5213333333333333,0,0
1196,625,0,0,25,25,25,25,0,0,0,-25,0,0,-25,0,150.12533333333334,25,150.12533333333334,0,0
1197,1,25,25,26,26,-24,-24,625,625,50,24,0,625,24,0,650.0,1,25.0,25,25
1198,100,0,0,10,10,10,10,0,0,0,-10,0,0,-10,0,22.432666666666666,10,22.432666666666666,0,0
1199,100,0,0,10,10,10,10,0,0,0,-10,0,0,-10,0,22.35333333333333,10,22.35333333333333,0,0
0,324,108,198,24,29,12,7,36,66,17,-12,-5,121,-7,5,294.784,18,228.784,6,11
1,81,36,36,13,13,5,5,16,16,8,-5,0,16,-5,0,69.864,9,53.864000000000004,4,4
2,256,192,240,28,31,4,1,144,180,27,-4,-3,225,-1,3,455.416,16,275.416,12,15
3,49,98,35,21,12,-7,2,196,70,19,7,9,25,-2,-9,147.658,7,77.65799999999999,14,5
4,16,76,72,23,22,-15,-14,361,342,37,15,1,324,14,-1,419.04,4,77.04000000000002,19,18
5,256,304,320,35,36,-3,-4,361,380,39,3,-1,400,4,1,751.92,16,371.91999999999996,19,20
6,64,64,88,16,19,0,-3,64,88,19,0,-3,121,3,3,178.184,8,90.184,8,11
7,400,360,400,38,40,2,0,324,360,38,-2,-2,400,0,2,834.948,20,474.948,18,20
8,36,36,0,12,6,0,6,36,0,6,0,6,0,-6,-6,25.756,6,25.756,6,0
9,225,0,255,15,32,15,-2,0,0,17,-15,-17,289,2,17,180.792,15,180.792,0,17
10,324,342,18,37,19,-1,17,361,19,20,1,18,1,-17,-18,272.972,18,253.97199999999998,19,1
11,100,200,110,30,21,-10,-1,400,220,31,10,9,121,1,-9,398.248,10,178.248,20,11
12,225,180,120,27,23,3,7,144,96,20,-3,4,64,-7,-4,298.824,15,202.824,12,8
13,81,45,126,14,23,4,-5,25,70,19,-4,-9,196,5,9,173.398,9,103.398,5,14
14,361,247,38,32,21,6,17,169,26,15,-6,11,4,-17,-11,252.306,19,226.306,13,2
15,4,4,26,4,15,0,-11,4,26,15,0,-11,169,11,11,41.488,2,15.488,2,13
16,196,196,238,28,31,0,-3,196,238,31,0,-3,289,3,3,500.948,14,262.948,14,17
17,256,192,16,28,17,4,15,144,12,13,-4,11,1,-15,-11,175.404,16,163.404,12,1
18,25,15,45,8,14,2,-4,9,27,12,-2,-6,81,4,6,61.74,5,34.74,3,9
19,64,96,136,20,25,-4,-9,144,204,29,4,-5,289,9,5,334.216,8,130.216,12,17
20,9,42,45,17,18,-11,-12,196,210,29,11,-1,225,12,1,254.928,3,44.928,14,15
21,36,24,0,10,6,2,6,16,0,4,-2,4,0,-6,-4,19.482,6,19.482,4,0
22,169,0,0,13,13,13,13,0,0,0,-13,0,0,-13,0,38.996,13,38.996,0,0
23,400,180,300,29,35,11,5,81,135,24,-11,-6,225,-5,6,470.444,20,335.444,9,15
24,9,45,0,18,3,-12,3,225,0,15,12,15,0,-3,-15,23.394,3,23.394,15,0
25,225,0,90,15,21,15,9,0,0,6,-15,-6,36,-9,6,97.456,15,97.456,0,6
26,81,54,117,15,22,3,-4,36,78,19,-3,-7,169,4,7,181.292,9,103.292,6,13
27,36,84,0,20,6,-8,6,196,0,14,8,14,0,-6,-14,51.482,6,51.482,14,0
28,121,143,99,24,20,-2,2,169,117,22,2,4,81,-2,-4,265.784,11,148.784,13,9
29,169,65,260,18,33,8,-7,25,100,25,-8,-15,400,7,15,303.234,13,203.23399999999998,5,20
30,144,48,24,16,14,8,10,16,8,6,-8,2,4,-10,-2,77.276,12,69.276,4,2
31,16,76,32,23,12,-15,-4,361,152,27,15,11,64,4,-11,209.52,4,57.52000000000001,19,8
32,1,12,18,13,19,-11,-17,144,216,30,11,-6,324,17,6,230.844,1,14.843999999999994,12,18
33,4,8,28,6,16,-2,-12,16,56,18,2,-10,196,12,10,74.266,2,18.266000000000005,4,14
34,225,120,240,23,31,7,-1,64,128,24,-7,-8,256,1,8,360.008,15,232.00799999999998,8,16
35,16,72,16,22,8,-14,0,324,72,22,14,14,16,0,-14,119.354,4,47.354,18,4
36,225,240,15,31,16,-1,14,256,16,17,1,15,1,-14,-15,197.91,15,181.91,16,1
37,121,220,66,31,17,-9,5,400,120,26,9,14,36,-5,-14,289.184,11,169.18400000000003,20,6
38,64,16,64,10,16,6,0,4,16,10,-6,-6,64,0,6,69.254,8,53.254000000000005,2,8
39,64,128,104,24,21,-8,-5,256,208,29,8,3,169,5,-3,338.284,8,130.284,16,13
40,196,224,28,30,16,-2,12,256,32,18,2,14,4,-12,-14,204.39,14,172.39,16,2
41,196,238,42,31,17,-3,11,289,51,20,3,14,9,-11,-14,232.88,14,181.88,17,3
42,64,8,160,9,28,7,-12,1,20,21,-7,-19,400,12,19,119.908,8,99.908,1,20
43,64,80,152,18,27,-2,-11,100,190,29,2,-9,361,11,9,319.648,8,129.64800000000002,10,19
44,169,143,247,24,32,2,-6,121,209,30,-2,-8,361,6,8,443.228,13,234.228,11,19
45,324,126,108,25,24,11,12,49,42,13,-11,1,36,-12,-1,235.772,18,193.772,7,6
46,4,18,36,11,20,-7,-16,81,162,27,7,-9,324,16,9,189.596,2,27.596000000000004,9,18
0,1,0,25,1,26,1,-24,0,0,25,-1,-25,625,24,25,12.6,1,12.6,0,25
1,4,0,50,2,27,2,-23,0,0,25,-2,-25,625,23,25,25.4,2,25.4,0,25
2,1,0,12,1,13,1,-11,0,0,12,-1,-12,144,11,12,6.288,1,6.288,0,12
3,49,0,133,7,26,7,-12,0,0,19,-7,-19,361,12,19,77.27466666666666,7,77.27466666666666,0,19
4,1,25,0,26,1,-24,1,625,0,25,24,25,0,-1,-25,12.366666666666667,1,12.366666666666667,25,0
5,625,625,0,50,25,0,25,625,0,25,0,25,0,-25,-25,462.91133333333335,25,462.91133333333335,25,0
6,625,0,0,25,25,25,25,0,0,0,-25,0,0,-25,0,150.16133333333335,25,150.16133333333335,0,0
7,121,0,275,11,36,11,-14,0,0,25,-11,-25,625,14,25,165.06733333333332,11,165.06733333333332,0,25
8,1,0,25,1,26,1,-24,0,0,25,-1,-25,625,24,25,12.316666666666666,1,12.316666666666666,0,25
9,4,0,50,2,27,2,-23,0,0,25,-2,-25,625,23,25,25.474666666666668,2,25.474666666666668,0,25
10,100,0,0,10,10,10,10,0,0,0,-10,0,0,-10,0,22.668666666666667,10,22.668666666666667,0,0
11,121,0,275,11,36,11,-14,0,0,25,-11,-25,625,14,25,166.78066666666666,11,166.78066666666666,0,25
12,1,0,12,1,13,1,-11,0,0,12,-1,-12,144,11,12,5.832,1,5.832,0,12
13,625,0,625,25,50,25,0,0,0,25,-25,-25,625,0,25,464.20933333333335,25,464.20933333333335,0,25
14,100,0,0,10,10,10,10,0,0,0,-10,0,0,-10,0,22.504666666666665,10,22.504666666666665,0,0
15,121,275,0,36,11,-14,11,625,0,25,14,25,0,-11,-25,164.982,11,164.982,25,0
16,1,25,0,26,1,-24,1,625,0,25,24,25,0,-1,-25,12.516666666666667,1,12.516666666666667,25,0
17,625,625,0,50,25,0,25,625,0,25,0,25,0,-25,-25,459.72,25,459.72,25,0
18,100,250,250,35,35,-15,-15,625,625,50,15,0,625,15,0,897.5133333333333,10,272.5133333333333,25,25
19,121,0,0,11,11,11,11,0,0,0,-11,0,0,-11,0,27.644,11,27.644,0,0
20,625,0,0,25,25,25,25,0,0,0,-25,0,0,-25,0,150.136,25,150.136,0,0
21,100,0,250,10,35,10,-15,0,0,25,-10,-25,625,15,25,146.35866666666666,10,146.35866666666666,0,25
22,625,0,0,25,25,25,25,0,0,0,-25,0,0,-25,0,149.712,25,149.712,0,0
23,169,0,0,13,13,13,13,0,0,0,-13,0,0,-13,0,38.948,13,38.948,0,0
24,1,25,25,26,26,-24,-24,625,625,50,24,0,625,24,0,650.0,1,25.0,25,25
25,1,25,0,26,1,-24,1,625,0,25,24,25,0,-1,-25,11.866666666666667,1,11.866666666666667,25,0
26,1,0,0,1,1,1,1,0,0,0,-1,0,0,-1,0,0.0,1,0.0,0,0
27,4,0,0,2,2,2,2,0,0,0,-2,0,0,-2,0,0.49933333333333335,2,0.49933333333333335,0,0
28,1,0,0,1,1,1,1,0,0,0,-1,0,0,-1,0,0.0,1,0.0,0,0
29,169,0,0,13,13,13,13,0,0,0,-13,0,0,-13,0,38.873333333333335,13,38.873333333333335,0,0
30,100,250,250,35,35,-15,-15,625,625,50,15,0,625,15,0,897.5133333333333,10,272.5133333333333,25,25
31,100,0,0,10,10,10,10,0,0,0,-10,0,0,-10,0,22.626666666666665,10,22.626666666666665,0,0
32,121,275,275,36,36,-14,-14,625,625,50,14,0,625,14,0,927.5906666666667,11,302.5906666666667,25,25
33,1,25,21,26,22,-24,-20,625,525,46,24,4,441,20,-4,547.9653333333333,1,22.96533333333332,25,21
34,625,0,0,25,25,25,25,0,0,0,-25,0,0,-25,0,149.58,25,149.58,0,0
35,121,0,0,11,11,11,11,0,0,0,-11,0,0,-11,0,27.502666666666666,11,27.502666666666666,0,0
36,625,0,0,25,25,25,25,0,0,0,-25,0,0,-25,0,149.70666666666668,25,149.70666666666668,0,0
37,1,0,25,1,26,1,-24,0,0,25,-1,-25,625,24,25,12.6,1,12.6,0,25
38,4,0,50,2,27,2,-23,0,0,25,-2,-25,625,23,25,25.4,2,25.4,0,25
39,1,0,12,1,13,1,-11,0,0,12,-1,-12,144,11,12,6.288,1,6.288,0,12
40,49,0,133,7,26,7,-12,0,0,19,-7,-19,361,12,19,77.27466666666666,7,77.27466666666666,0,19
41,1,25,0,26,1,-24,1,625,0,25,24,25,0,-1,-25,12.366666666666667,1,12.366666666666667,25,0
42,625,625,0,50,25,0,25,625,0,25,0,25,0,-25,-25,462.91133333333335,25,462.91133333333335,25,0
43,625,0,0,25,25,25,25,0,0,0,-25,0,0,-25,0,150.16133333333335,25,150.16133333333335,0,0
44,121,0,275,11,36,11,-14,0,0,25,-11,-25,625,14,25,165.06733333333332,11,165.06733333333332,0,25
45,1,0,25,1,26,1,-24,0,0,25,-1,-25,625,24,25,12.316666666666666,1,12.316666666666666,0,25
46,4,0,50,2,27,2,-23,0,0,25,-2,-25,625,23,25,25.474666666666668,2,25.474666666666668,0,25
47,100,0,0,10,10,10,10,0,0,0,-10,0,0,-10,0,22.668666666666667,10,22.668666666666667,0,0
48,121,0,275,11,36,11,-14,0,0,25,-11,-25,625,14,25,166.78066666666666,11,166.78066666666666,0,25
49,1,0,12,1,13,1,-11,0,0,12,-1,-12,144,11,12,5.832,1,5.832,0,12
50,625,0,625,25,50,25,0,0,0,25,-25,-25,625,0,25,464.20933333333335,25,464.20933333333335,0,25
51,100,0,0,10,10,10,10,0,0,0,-10,0,0,-10,0,22.504666666666665,10,22.504666666666665,0,0
52,121,275,0,36,11,-14,11,625,0,25,14,25,0,-11,-25,164.982,11,164.982,25,0
53,1,25,0,26,1,-24,1,625,0,25,24,25,0,-1,-25,12.516666666666667,1,12.516666666666667,25,0
54,625,625,0,50,25,0,25,625,0,25,0,25,0,-25,-25,459.72,25,459.72,25,0
55,100,250,250,35,35,-15,-15,625,625,50,15,0,625,15,0,897.5133333333333,10,272.5133333333333,25,25
56,121,0,0,11,11,11,11,0,0,0,-11,0,0,-11,0,27.644,11,27.644,0,0
57,625,0,0,25,25,25,25,0,0,0,-25,0,0,-25,0,150.136,25,150.136,0,0
58,100,0,250,10,35,10,-15,0,0,25,-10,-25,625,15,25,146.35866666666666,10,146.35866666666666,0,25
59,625,0,0,25,25,25,25,0,0,0,-25,0,0,-25,0,149.712,25,149.712,0,0
60,169,0,0,13,13,13,13,0,0,0,-13,0,0,-13,0,38.948,13,38.948,0,0
61,1,25,25,26,26,-24,-24,625,625,50,24,0,625,24,0,650.0,1,25.0,25,25
62,1,25,0,26,1,-24,1,625,0,25,24,25,0,-1,-25,11.866666666666667,1,11.866666666666667,25,0
63,1,0,0,1,1,1,1,0,0,0,-1,0,0,-1,0,0.0,1,0.0,0,0
64,4,0,0,2,2,2,2,0,0,0,-2,0,0,-2,0,0.49933333333333335,2,0.49933333333333335,0,0
65,1,0,0,1,1,1,1,0,0,0,-1,0,0,-1,0,0.0,1,0.0,0,0
66,169,0,0,13,13,13,13,0,0,0,-13,0,0,-13,0,38.873333333333335,13,38.873333333333335,0,0
67,100,250,250,35,35,-15,-15,625,625,50,15,0,625,15,0,897.5133333333333,10,272.5133333333333,25,25
68,100,0,0,10,10,10,10,0,0,0,-10,0,0,-10,0,22.626666666666665,10,22.626666666666665,0,0
69,121,275,275,36,36,-14,-14,625,625,50,14,0,625,14,0,927.5906666666667,11,302.5906666666667,25,25
70,1,25,21,26,22,-24,-20,625,525,46,24,4,441,20,-4,547.9653333333333,1,22.96533333333332,25,21
71,625,0,0,25,25,25,25,0,0,0,-25,0,0,-25,0,149.58,25,149.58,0,0
72,121,0,0,11,11,11,11,0,0,0,-11,0,0,-11,0,27.502666666666666,11,27.502666666666666,0,0
73,625,0,0,25,25,25,25,0,0,0,-25,0,0,-25,0,149.70666666666668,25,149.70666666666668,0,0
74,1,0,25,1,26,1,-24,0,0,25,-1,-25,625,24,25,12.6,1,12.6,0,25
75,4,0,50,2,27,2,-23,0,0,25,-2,-25,625,23,25,25.4,2,25.4,0,25
76,1,0,12,1,13,1,-11,0,0,12,-1,-12,144,11,12,6.288,1,6.288,0,12
77,49,0,133,7,26,7,-12,0,0,19,-7,-19,361,12,19,77.27466666666666,7,77.27466666666666,0,19
78,1,25,0,26,1,-24,1,625,0,25,24,25,0,-1,-25,12.366666666666667,1,12.366666666666667,25,0
79,625,625,0,50,25,0,25,625,0,25,0,25,0,-25,-25,462.91133333333335,25,462.91133333333335,25,0
80,625,0,0,25,25,25,25,0,0,0,-25,0,0,-25,0,150.16133333333335,25,150.16133333333335,0,0
81,121,0,275,11,36,11,-14,0,0,25,-11,-25,625,14,25,165.06733333333332,11,165.06733333333332,0,25
82,1,0,25,1,26,1,-24,0,0,25,-1,-25,625,24,25,12.316666666666666,1,12.316666666666666,0,25
83,4,0,50,2,27,2,-23,0,0,25,-2,-25,625,23,25,25.474666666666668,2,25.474666666666668,0,25
84,100,0,0,10,10,10,10,0,0,0,-10,0,0,-10,0,22.668666666666667,10,22.668666666666667,0,0
85,121,0,275,11,36,11,-14,0,0,25,-11,-25,625,14,25,166.78066666666666,11,166.78066666666666,0,25
86,1,0,12,1,13,1,-11,0,0,12,-1,-12,144,11,12,5.832,1,5.832,0,12
87,625,0,625,25,50,25,0,0,0,25,-25,-25,625,0,25,464.20933333333335,25,464.20933333333335,0,25
88,100,0,0,10,10,10,10,0,0,0,-10,0,0,-10,0,22.504666666666665,10,22.504666666666665,0,0
89,121,275,0,36,11,-14,11,625,0,25,14,25,0,-11,-25,164.982,11,164.982,25,0
90,1,25,0,26,1,-24,1,625,0,25,24,25,0,-1,-25,12.516666666666667,1,12.516666666666667,25,0
91,625,625,0,50,25,0,25,625,0,25,0,25,0,-25,-25,459.72,25,459.72,25,0
92,100,250,250,35,35,-15,-15,625,625,50,15,0,625,15,0,897.5133333333333,10,272.5133333333333,25,25
93,121,0,0,11,11,11,11,0,0,0,-11,0,0,-11,0,27.644,11,27.644,0,0
94,625,0,0,25,25,25,25,0,0,0,-25,0,0,-25,0,150.136,25,150.136,0,0
95,100,0,250,10,35,10,-15,0,0,25,-10,-25,625,15,25,146.35866666666666,10,146.35866666666666,0,25
96,625,0,0,25,25,25,25,0,0,0,-25,0,0,-25,0,149.712,25,149.712,0,0
97,169,0,0,13,13,13,13,0,0,0,-13,0,0,-13,0,38.948,13,38.948,0,0
98,1,25,25,26,26,-24,-24,625,625,50,24,0,625,24,0,650.0,1,25.0,25,25
99,1,25,0,26,1,-24,1,625,0,25,24,25,0,-1,-25,11.866666666666667,1,11.866666666666667,25,0
100,1,0,0,1,1,1,1,0,0,0,-1,0,0,-1,0,0.0,1,0.0,0,0
101,4,0,0,2,2,2,2,0,0,0,-2,0,0,-2,0,0.49933333333333335,2,0.49933333333333335,0,0
102,1,0,0,1,1,1,1,0,0,0,-1,0,0,-1,0,0.0,1,0.0,0,0
103,169,0,0,13,13,13,13,0,0,0,-13,0,0,-13,0,38.873333333333335,13,38.873333333333335,0,0
104,100,250,250,35,35,-15,-15,625,625,50,15,0,625,15,0,897.5133333333333,10,272.5133333333333,25,25
105,100,0,0,10,10,10,10,0,0,0,-10,0,0,-10,0,22.626666666666665,10,22.626666666666665,0,0
106,121,275,275,36,36,-14,-14,625,625,50,14,0,625,14,0,927.5906666666667,11,302.5906666666667,25,25
107,1,25,21,26,22,-24,-20,625,525,46,24,4,441,20,-4,547.9653333333333,1,22.96533333333332,25,21
108,625,0,0,25,25,25,25,0,0,0,-25,0,0,-25,0,149.58,25,149.58,0,0
109,121,0,0,11,11,11,11,0,0,0,-11,0,0,-11,0,27.502666666666666,11,27.502666666666666,0,0
110,625,0,0,25,25,25,25,0,0,0,-25,0,0,-25,0,149.70666666666668,25,149.70666666666668,0,0
111,1,0,25,1,26,1,-24,0,0,25,-1,-25,625,24,25,12.6,1,12.6,0,25
112,4,0,50,2,27,2,-23,0,0,25,-2,-25,625,23,25,25.4,2,25.4,0,25
113,1,0,12,1,13,1,-11,0,0,12,-1,-12,144,11,12,6.288,1,6.288,0,12
114,49,0,133,7,26,7,-12,0,0,19,-7,-19,361,12,19,77.27466666666666,7,77.27466666666666,0,19
115,1,25,0,26,1,-24,1,625,0,25,24,25,0,-1,-25,12.366666666666667,1,12.366666666666667,25,0
116,625,625,0,50,25,0,25,625,0,25,0,25,0,-25,-25,462.91133333333335,25,462.91133333333335,25,0
117,625,0,0,25,25,25,25,0,0,0,-25,0,0,-25,0,150.16133333333335,25,150.16133333333335,0,0
118,121,0,275,11,36,11,-14,0,0,25,-11,-25,625,14,25,165.06733333333332,11,165.06733333333332,0,25
119,1,0,25,1,26,1,-24,0,0,25,-1,-25,625,24,25,12.316666666666666,1,12.316666666666666,0,25
120,4,0,50,2,27,2,-23,0,0,25,-2,-25,625,23,25,25.474666666666668,2,25.474666666666668,0,25
121,100,0,0,10,10,10,10,0,0,0,-10,0,0,-10,0,22.668666666666667,10,22.668666666666667,0,0
122,121,0,275,11,36,11,-14,0,0,25,-11,-25,625,14,25,166.78066666666666,11,166.78066666666666,0,25
123,1,0,12,1,13,1,-11,0,0,12,-1,-12,144,11,12,5.832,1,5.832,0,12
124,625,0,625,25,50,25,0,0,0,25,-25,-25,625,0,25,464.20933333333335,25,464.20933333333335,0,25
125,100,0,0,10,10,10,10,0,0,0,-10,0,0,-10,0,22.504666666666665,10,22.504666666666665,0,0
126,121,275,0,36,11,-14,11,625,0,25,14,25,0,-11,-25,164.982,11,164.982,25,0
127,1,25,0,26,1,-24,1,625,0,25,24,25,0,-1,-25,12.516666666666667,1,12.516666666666667,25,0
128,625,625,0,50,25,0,25,625,0,25,0,25,0,-25,-25,459.72,25,459.72,25,0
129,100,250,250,35,35,-15,-15,625,625,50,15,0,625,15,0,897.5133333333333,10,272.5133333333333,25,25
130,121,0,0,11,11,11,11,0,0,0,-11,0,0,-11,0,27.644,11,27.644,0,0
131,625,0,0,25,25,25,25,0,0,0,-25,0,0,-25,0,150.136,25,150.136,0,0
132,100,0,250,10,35,10,-15,0,0,25,-10,-25,625,15,25,146.35866666666666,10,146.35866666666666,0,25
133,625,0,0,25,25,25,25,0,0,0,-25,0,0,-25,0,149.712,25,149.712,0,0
134,169,0,0,13,13,13,13,0,0,0,-13,0,0,-13,0,38.948,13,38.948,0,0
135,1,25,25,26,26,-24,-24,625,625,50,24,0,625,24,0,650.0,1,25.0,25,25
136,1,25,0,26,1,-24,1,625,0,25,24,25,0,-1,-25,11.866666666666667,1,11.866666666666667,25,0
137,1,0,0,1,1,1,1,0,0,0,-1,0,0,-1,0,0.0,1,0.0,0,0
138,4,0,0,2,2,2,2,0,0,0,-2,0,0,-2,0,0.49933333333333335,2,0.49933333333333335,0,0
139,1,0,0,1,1,1,1,0,0,0,-1,0,0,-1,0,0.0,1,0.0,0,0
140,169,0,0,13,13,13,13,0,0,0,-13,0,0,-13,0,38.873333333333335,13,38.873333333333335,0,0
141,100,250,250,35,35,-15,-15,625,625,50,15,0,625,15,0,897.5133333333333,10,272.5133333333333,25,25
142,100,0,0,10,10,10,10,0,0,0,-10,0,0,-10,0,22.626666666666665,10,22.626666666666665,0,0
143,121,275,275,36,36,-14,-14,625,625,50,14,0,625,14,0,927.5906666666667,11,302.5906666666667,25,25
144,1,25,21,26,22,-24,-20,625,525,46,24,4,441,20,-4,547.9653333333333,1,22.96533333333332,25,21
145,625,0,0,25,25,25,25,0,0,0,-25,0,0,-25,0,149.58,25,149.58,0,0
146,121,0,0,11,11,11,11,0,0,0,-11,0,0,-11,0,27.502666666666666,11,27.502666666666666,0,0
147,625,0,0,25,25,25,25,0,0,0,-25,0,0,-25,0,149.70666666666668,25,149.70666666666668,0,0
148,1,0,25,1,26,1,-24,0,0,25,-1,-25,625,24,25,12.6,1,12.6,0,25
149,4,0,50,2,27,2,-23,0,0,25,-2,-25,625,23,25,25.4,2,25.4,0,25
150,1,0,12,1,13,1,-11,0,0,12,-1,-12,144,11,12,6.288,1,6.288,0,12
151,49,0,133,7,26,7,-12,0,0,19,-7,-19,361,12,19,77.27466666666666,7,77.27466666666666,0,19
152,1,25,0,26,1,-24,1,625,0,25,24,25,0,-1,-25,12.366666666666667,1,12.366666666666667,25,0
153,625,625,0,50,25,0,25,625,0,25,0,25,0,-25,-25,462.91133333333335,25,462.91133333333335,25,0
154,625,0,0,25,25,25,25,0,0,0,-25,0,0,-25,0,150.16133333333335,25,150.16133333333335,0,0
155,121,0,275,11,36,11,-14,0,0,25,-11,-25,625,14,25,165.06733333333332,11,165.06733333333332,0,25
156,1,0,25,1,26,1,-24,0,0,25,-1,-25,625,24,25,12.316666666666666,1,12.316666666666666,0,25
157,4,0,50,2,27,2,-23,0,0,25,-2,-25,625,23,25,25.474666666666668,2,25.474666666666668,0,25
158,100,0,0,10,10,10,10,0,0,0,-10,0,0,-10,0,22.668666666666667,10,22.668666666666667,0,0
159,121,0,275,11,36,11,-14,0,0,25,-11,-25,625,14,25,166.78066666666666,11,166.78066666666666,0,25
160,1,0,12,1,13,1,-11,0,0,12,-1,-12,144,11,12,5.832,1,5.832,0,12
161,625,0,625,25,50,25,0,0,0,25,-25,-25,625,0,25,464.20933333333335,25,464.20933333333335,0,25
162,100,0,0,10,10,10,10,0,0,0,-10,0,0,-10,0,22.504666666666665,10,22.504666666666665,0,0
163,121,275,0,36,11,-14,11,625,0,25,14,25,0,-11,-25,164.982,11,164.982,25,0
164,1,25,0,26,1,-24,1,625,0,25,24,25,0,-1,-25,12.516666666666667,1,12.516666666666667,25,0
165,625,625,0,50,25,0,25,625,0,25,0,25,0,-25,-25,459.72,25,459.72,25,0
166,100,250,250,35,35,-15,-15,625,625,50,15,0,625,15,0,897.5133333333333,10,272.5133333333333,25,25
167,121,0,0,11,11,11,11,0,0,0,-11,0,0,-11,0,27.644,11,27.644,0,0
168,625,0,0,25,25,25,25,0,0,0,-25,0,0,-25,0,150.136,25,150.136,0,0
169,100,0,250,10,35,10,-15,0,0,25,-10,-25,625,15,25,146.35866666666666,10,146.35866666666666,0,25
170,625,0,0,25,25,25,25,0,0,0,-25,0,0,-25,0,149.712,25,149.712,0,0
171,169,0,0,13,13,13,13,0,0,0,-13,0,0,-13,0,38.948,13,38.948,0,0
172,1,25,25,26,26,-24,-24,625,625,50,24,0,625,24,0,650.0,1,25.0,25,25
173,1,25,0,26,1,-24,1,625,0,25,24,25,0,-1,-25,11.866666666666667,1,11.866666666666667,25,0
174,1,0,0,1,1,1,1,0,0,0,-1,0,0,-1,0,0.0,1,0.0,0,0
175,4,0,0,2,2,2,2,0,0,0,-2,0,0,-2,0,0.49933333333333335,2,0.49933333333333335,0,0
176,1,0,0,1,1,1,1,0,0,0,-1,0,0,-1,0,0.0,1,0.0,0,0
177,169,0,0,13,13,13,13,0,0,0,-13,0,0,-13,0,38.873333333333335,13,38.873333333333335,0,0
178,100,250,250,35,35,-15,-15,625,625,50,15,0,625,15,0,897.5133333333333,10,272.5133333333333,25,25
179,100,0,0,10,10,10,10,0,0,0,-10,0,0,-10,0,22.626666666666665,10,22.626666666666665,0,0
180,121,275,275,36,36,-14,-14,625,625,50,14,0,625,14,0,927.5906666666667,11,302.5906666666667,25,25
181,1,25,21,26,22,-24,-20,625,525,46,24,4,441,20,-4,547.9653333333333,1,22.96533333333332,25,21
182,625,0,0,25,25,25,25,0,0,0,-25,0,0,-25,0,149.58,25,149.58,0,0
183,121,0,0,11,11,11,11,0,0,0,-11,0,0,-11,0,27.502666666666666,11,27.502666666666666,0,0
184,625,0,0,25,25,25,25,0,0,0,-25,0,0,-25,0,149.70666666666668,25,149.70666666666668,0,0
185,1,0,25,1,26,1,-24,0,0,25,-1,-25,625,24,25,12.6,1,12.6,0,25
186,4,0,50,2,27,2,-23,0,0,25,-2,-25,625,23,25,25.4,2,25.4,0,25
187,1,0,12,1,13,1,-11,0,0,12,-1,-12,144,11,12,6.288,1,6.288,0,12
188,49,0,133,7,26,7,-12,0,0,19,-7,-19,361,12,19,77.27466666666666,7,77.27466666666666,0,19
189,1,25,0,26,1,-24,1,625,0,25,24,25,0,-1,-25,12.366666666666667,1,12.366666666666667,25,0
190,625,625,0,50,25,0,25,625,0,25,0,25,0,-25,-25,462.91133333333335,25,462.91133333333335,25,0
191,625,0,0,25,25,25,25,0,0,0,-25,0,0,-25,0,150.16133333333335,25,150.16133333333335,0,0
192,121,0,275,11,36,11,-14,0,0,25,-11,-25,625,14,25,165.06733333333332,11,165.06733333333332,0,25
193,1,0,25,1,26,1,-24,0,0,25,-1,-25,625,24,25,12.316666666666666,1,12.316666666666666,0,25
194,4,0,50,2,27,2,-23,0,0,25,-2,-25,625,23,25,25.474666666666668,2,25.474666666666668,0,25
195,100,0,0,10,10,10,10,0,0,0,-10,0,0,-10,0,22.668666666666667,10,22.668666666666667,0,0
196,121,0,275,11,36,11,-14,0,0,25,-11,-25,625,14,25,166.78066666666666,11,166.78066666666666,0,25
197,1,0,12,1,13,1,-11,0,0,12,-1,-12,144,11,12,5.832,1,5.832,0,12
198,625,0,625,25,50,25,0,0,0,25,-25,-25,625,0,25,464.20933333333335,25,464.20933333333335,0,25
199,100,0,0,10,10,10,10,0,0,0,-10,0,0,-10,0,22.504666666666665,10,22.504666666666665,0,0
200,121,275,0,36,11,-14,11,625,0,25,14,25,0,-11,-25,164.982,11,164.982,25,0
201,1,25,0,26,1,-24,1,625,0,25,24,25,0,-1,-25,12.516666666666667,1,12.516666666666667,25,0
202,625,625,0,50,25,0,25,625,0,25,0,25,0,-25,-25,459.72,25,459.72,25,0
203,100,250,250,35,35,-15,-15,625,625,50,15,0,625,15,0,897.5133333333333,10,272.5133333333333,25,25
204,121,0,0,11,11,11,11,0,0,0,-11,0,0,-11,0,27.644,11,27.644,0,0
205,625,0,0,25,25,25,25,0,0,0,-25,0,0,-25,0,150.136,25,150.136,0,0
206,100,0,250,10,35,10,-15,0,0,25,-10,-25,625,15,25,146.35866666666666,10,146.35866666666666,0,25
207,625,0,0,25,25,25,25,0,0,0,-25,0,0,-25,0,149.712,25,149.712,0,0
208,169,0,0,13,13,13,13,0,0,0,-13,0,0,-13,0,38.948,13,38.948,0,0
209,1,25,25,26,26,-24,-24,625,625,50,24,0,625,24,0,650.0,1,25.0,25,25
210,1,25,0,26,1,-24,1,625,0,25,24,25,0,-1,-25,11.866666666666667,1,11.866666666666667,25,0
211,1,0,0,1,1,1,1,0,0,0,-1,0,0,-1,0,0.0,1,0.0,0,0
212,4,0,0,2,2,2,2,0,0,0,-2,0,0,-2,0,0.49933333333333335,2,0.49933333333333335,0,0
213,1,0,0,1,1,1,1,0,0,0,-1,0,0,-1,0,0.0,1,0.0,0,0
214,169,0,0,13,13,13,13,0,0,0,-13,0,0,-13,0,38.873333333333335,13,38.873333333333335,0,0
215,100,250,250,35,35,-15,-15,625,625,50,15,0,625,15,0,897.5133333333333,10,272.5133333333333,25,25
216,100,0,0,10,10,10,10,0,0,0,-10,0,0,-10,0,22.626666666666665,10,22.626666666666665,0,0
217,121,275,275,36,36,-14,-14,625,625,50,14,0,625,14,0,927.5906666666667,11,302.5906666666667,25,25
218,1,25,21,26,22,-24,-20,625,525,46,24,4,441,20,-4,547.9653333333333,1,22.96533333333332,25,21
219,625,0,0,25,25,25,25,0,0,0,-25,0,0,-25,0,149.58,25,149.58,0,0
220,121,0,0,11,11,11,11,0,0,0,-11,0,0,-11,0,27.502666666666666,11,27.502666666666666,0,0
221,625,0,0,25,25,25,25,0,0,0,-25,0,0,-25,0,149.70666666666668,25,149.70666666666668,0,0
222,1,0,25,1,26,1,-24,0,0,25,-1,-25,625,24,25,12.6,1,12.6,0,25
223,4,0,50,2,27,2,-23,0,0,25,-2,-25,625,23,25,25.4,2,25.4,0,25
224,1,0,12,1,13,1,-11,0,0,12,-1,-12,144,11,12,6.288,1,6.288,0,12
225,49,0,133,7,26,7,-12,0,0,19,-7,-19,361,12,19,77.27466666666666,7,77.27466666666666,0,19
226,1,25,0,26,1,-24,1,625,0,25,24,25,0,-1,-25,12.366666666666667,1,12.366666666666667,25,0
227,625,625,0,50,25,0,25,625,0,25,0,25,0,-25,-25,462.91133333333335,25,462.91133333333335,25,0
228,625,0,0,25,25,25,25,0,0,0,-25,0,0,-25,0,150.16133333333335,25,150.16133333333335,0,0
229,121,0,275,11,36,11,-14,0,0,25,-11,-25,625,14,25,165.06733333333332,11,165.06733333333332,0,25
230,1,0,25,1,26,1,-24,0,0,25,-1,-25,625,24,25,12.316666666666666,1,12.316666666666666,0,25
231,4,0,50,2,27,2,-23,0,0,25,-2,-25,625,23,25,25.474666666666668,2,25.474666666666668,0,25
232,100,0,0,10,10,10,10,0,0,0,-10,0,0,-10,0,22.668666666666667,10,22.668666666666667,0,0
233,121,0,275,11,36,11,-14,0,0,25,-11,-25,625,14,25,166.78066666666666,11,166.78066666666666,0,25
234,1,0,12,1,13,1,-11,0,0,12,-1,-12,144,11,12,5.832,1,5.832,0,12
235,625,0,625,25,50,25,0,0,0,25,-25,-25,625,0,25,464.20933333333335,25,464.20933333333335,0,25
236,100,0,0,10,10,10,10,0,0,0,-10,0,0,-10,0,22.504666666666665,10,22.504666666666665,0,0
237,121,275,0,36,11,-14,11,625,0,25,14,25,0,-11,-25,164.982,11,164.982,25,0
238,1,25,0,26,1,-24,1,625,0,25,24,25,0,-1,-25,12.516666666666667,1,12.516666666666667,25,0
239,625,625,0,50,25,0,25,625,0,25,0,25,0,-25,-25,459.72,25,459.72,25,0
240,100,250,250,35,35,-15,-15,625,625,50,15,0,625,15,0,897.5133333333333,10,272.5133333333333,25,25
241,121,0,0,11,11,11,11,0,0,0,-11,0,0,-11,0,27.644,11,27.644,0,0
242,625,0,0,25,25,25,25,0,0,0,-25,0,0,-25,0,150.136,25,150.136,0,0
243,100,0,250,10,35,10,-15,0,0,25,-10,-25,625,15,25,146.35866666666666,10,146.35866666666666,0,25
244,625,0,0,25,25,25,25,0,0,0,-25,0,0,-25,0,149.712,25,149.712,0,0
245,169,0,0,13,13,13,13,0,0,0,-13,0,0,-13,0,38.948,13,38.948,0,0
246,1,25,25,26,26,-24,-24,625,625,50,24,0,625,24,0,650.0,1,25.0,25,25
247,1,25,0,26,1,-24,1,625,0,25,24,25,0,-1,-25,11.866666666666667,1,11.866666666666667,25,0
248,1,0,0,1,1,1,1,0,0,0,-1,0,0,-1,0,0.0,1,0.0,0,0
249,4,0,0,2,2,2,2,0,0,0,-2,0,0,-2,0,0.49933333333333335,2,0.49933333333333335,0,0
250,1,0,0,1,1,1,1,0,0,0,-1,0,0,-1,0,0.0,1,0.0,0,0
251,169,0,0,13,13,13,13,0,0,0,-13,0,0,-13,0,38.873333333333335,13,38.873333333333335,0,0
252,100,250,250,35,35,-15,-15,625,625,50,15,0,625,15,0,897.5133333333333,10,272.5133333333333,25,25
253,100,0,0,10,10,10,10,0,0,0,-10,0,0,-10,0,22.626666666666665,10,22.626666666666665,0,0
254,121,275,275,36,36,-14,-14,625,625,50,14,0,625,14,0,927.5906666666667,11,302.5906666666667,25,25
255,1,25,21,26,22,-24,-20,625,525,46,24,4,441,20,-4,547.9653333333333,1,22.96533333333332,25,21
256,625,0,0,25,25,25,25,0,0,0,-25,0,0,-25,0,149.58,25,149.58,0,0
257,121,0,0,11,11,11,11,0,0,0,-11,0,0,-11,0,27.502666666666666,11,27.502666666666666,0,0
258,625,0,0,25,25,25,25,0,0,0,-25,0,0,-25,0,149.70666666666668,25,149.70666666666668,0,0
259,1,0,25,1,26,1,-24,0,0,25,-1,-25,625,24,25,12.6,1,12.6,0,25
260,4,0,50,2,27,2,-23,0,0,25,-2,-25,625,23,25,25.4,2,25.4,0,25
261,1,0,12,1,13,1,-11,0,0,12,-1,-12,144,11,12,6.288,1,6.288,0,12
262,49,0,133,7,26,7,-12,0,0,19,-7,-19,361,12,19,77.27466666666666,7,77.27466666666666,0,19
263,1,25,0,26,1,-24,1,625,0,25,24,25,0,-1,-25,12.366666666666667,1,12.366666666666667,25,0
264,625,625,0,50,25,0,25,625,0,25,0,25,0,-25,-25,462.91133333333335,25,462.91133333333335,25,0
265,625,0,0,25,25,25,25,0,0,0,-25,0,0,-25,0,150.16133333333335,25,150.16133333333335,0,0
266,121,0,275,11,36,11,-14,0,0,25,-11,-25,625,14,25,165.06733333333332,11,165.06733333333332,0,25
267,1,0,25,1,26,1,-24,0,0,25,-1,-25,625,24,25,12.316666666666666,1,12.316666666666666,0,25
268,4,0,50,2,27,2,-23,0,0,25,-2,-25,625,23,25,25.474666666666668,2,25.474666666666668,0,25
269,100,0,0,10,10,10,10,0,0,0,-10,0,0,-10,0,22.668666666666667,10,22.668666666666667,0,0
270,121,0,275,11,36,11,-14,0,0,25,-11,-25,625,14,25,166.78066666666666,11,166.78066666666666,0,25
271,1,0,12,1,13,1,-11,0,0,12,-1,-12,144,11,12,5.832,1,5.832,0,12
272,625,0,625,25,50,25,0,0,0,25,-25,-25,625,0,25,464.20933333333335,25,464.20933333333335,0,25
273,100,0,0,10,10,10,10,0,0,0,-10,0,0,-10,0,22.504666666666665,10,22.504666666666665,0,0
274,121,275,0,36,11,-14,11,625,0,25,14,25,0,-11,-25,164.982,11,164.982,25,0
275,1,25,0,26,1,-24,1,625,0,25,24,25,0,-1,-25,12.516666666666667,1,12.516666666666667,25,0
276,625,625,0,50,25,0,25,625,0,25,0,25,0,-25,-25,459.72,25,459.72,25,0
277,100,250,250,35,35,-15,-15,625,625,50,15,0,625,15,0,897.5133333333333,10,272.5133333333333,25,25
278,121,0,0,11,11,11,11,0,0,0,-11,0,0,-11,0,27.644,11,27.644,0,0
279,625,0,0,25,25,25,25,0,0,0,-25,0,0,-25,0,150.136,25,150.136,0,0
280,100,0,250,10,35,10,-15,0,0,25,-10,-25,625,15,25,146.35866666666666,10,146.35866666666666,0,25
281,625,0,0,25,25,25,25,0,0,0,-25,0,0,-25,0,149.712,25,149.712,0,0
282,169,0,0,13,13,13,13,0,0,0,-13,0,0,-13,0,38.948,13,38.948,0,0
283,1,25,25,26,26,-24,-24,625,625,50,24,0,625,24,0,650.0,1,25.0,25,25
284,1,25,0,26,1,-24,1,625,0,25,24,25,0,-1,-25,11.866666666666667,1,11.866666666666667,25,0
285,1,0,0,1,1,1,1,0,0,0,-1,0,0,-1,0,0.0,1,0.0,0,0
286,4,0,0,2,2,2,2,0,0,0,-2,0,0,-2,0,0.49933333333333335,2,0.49933333333333335,0,0
287,1,0,0,1,1,1,1,0,0,0,-1,0,0,-1,0,0.0,1,0.0,0,0
288,169,0,0,13,13,13,13,0,0,0,-13,0,0,-13,0,38.873333333333335,13,38.873333333333335,0,0
289,100,250,250,35,35,-15,-15,625,625,50,15,0,625,15,0,897.5133333333333,10,272.5133333333333,25,25
290,100,0,0,10,10,10,10,0,0,0,-10,0,0,-10,0,22.626666666666665,10,22.626666666666665,0,0
291,121,275,275,36,36,-14,-14,625,625,50,14,0,625,14,0,927.5906666666667,11,302.5906666666667,25,25
292,1,25,21,26,22,-24,-20,625,525,46,24,4,441,20,-4,547.9653333333333,1,22.96533333333332,25,21
293,625,0,0,25,25,25,25,0,0,0,-25,0,0,-25,0,149.58,25,149.58,0,0
294,121,0,0,11,11,11,11,0,0,0,-11,0,0,-11,0,27.502666666666666,11,27.502666666666666,0,0
295,625,0,0,25,25,25,25,0,0,0,-25,0,0,-25,0,149.70666666666668,25,149.70666666666668,0,0
296,1,0,25,1,26,1,-24,0,0,25,-1,-25,625,24,25,12.6,1,12.6,0,25
297,4,0,50,2,27,2,-23,0,0,25,-2,-25,625,23,25,25.4,2,25.4,0,25
298,1,0,12,1,13,1,-11,0,0,12,-1,-12,144,11,12,6.288,1,6.288,0,12
299,49,0,133,7,26,7,-12,0,0,19,-7,-19,361,12,19,77.27466666666666,7,77.27466666666666,0,19
300,1,25,0,26,1,-24,1,625,0,25,24,25,0,-1,-25,12.366666666666667,1,12.366666666666667,25,0
301,625,625,0,50,25,0,25,625,0,25,0,25,0,-25,-25,462.91133333333335,25,462.91133333333335,25,0
302,625,0,0,25,25,25,25,0,0,0,-25,0,0,-25,0,150.16133333333335,25,150.16133333333335,0,0
303,121,0,275,11,36,11,-14,0,0,25,-11,-25,625,14,25,165.06733333333332,11,165.06733333333332,0,25
304,1,0,25,1,26,1,-24,0,0,25,-1,-25,625,24,25,12.316666666666666,1,12.316666666666666,0,25
305,4,0,50,2,27,2,-23,0,0,25,-2,-25,625,23,25,25.474666666666668,2,25.474666666666668,0,25
306,100,0,0,10,10,10,10,0,0,0,-10,0,0,-10,0,22.668666666666667,10,22.668666666666667,0,0
307,121,0,275,11,36,11,-14,0,0,25,-11,-25,625,14,25,166.78066666666666,11,166.78066666666666,0,25
308,1,0,12,1,13,1,-11,0,0,12,-1,-12,144,11,12,5.832,1,5.832,0,12
309,625,0,625,25,50,25,0,0,0,25,-25,-25,625,0,25,464.20933333333335,25,464.20933333333335,0,25
310,100,0,0,10,10,10,10,0,0,0,-10,0,0,-10,0,22.504666666666665,10,22.504666666666665,0,0
311,121,275,0,36,11,-14,11,625,0,25,14,25,0,-11,-25,164.982,11,164.982,25,0
312,1,25,0,26,1,-24,1,625,0,25,24,25,0,-1,-25,12.516666666666667,1,12.516666666666667,25,0
313,625,625,0,50,25,0,25,625,0,25,0,25,0,-25,-25,459.72,25,459.72,25,0
314,100,250,250,35,35,-15,-15,625,625,50,15,0,625,15,0,897.5133333333333,10,272.5133333333333,25,25
315,121,0,0,11,11,11,11,0,0,0,-11,0,0,-11,0,27.644,11,27.644,0,0
316,625,0,0,25,25,25,25,0,0,0,-25,0,0,-25,0,150.136,25,150.136,0,0
317,100,0,250,10,35,10,-15,0,0,25,-10,-25,625,15,25,146.35866666666666,10,146.35866666666666,0,25
318,625,0,0,25,25,25,25,0,0,0,-25,0,0,-25,0,149.712,25,149.712,0,0
319,169,0,0,13,13,13,13,0,0,0,-13,0,0,-13,0,38.948,13,38.948,0,0
320,1,25,25,26,26,-24,-24,625,625,50,24,0,625,24,0,650.0,1,25.0,25,25
321,1,25,0,26,1,-24,1,625,0,25,24,25,0,-1,-25,11.866666666666667,1,11.866666666666667,25,0
322,1,0,0,1,1,1,1,0,0,0,-1,0,0,-1,0,0.0,1,0.0,0,0
323,4,0,0,2,2,2,2,0,0,0,-2,0,0,-2,0,0.49933333333333335,2,0.49933333333333335,0,0
324,1,0,0,1,1,1,1,0,0,0,-1,0,0,-1,0,0.0,1,0.0,0,0
325,169,0,0,13,13,13,13,0,0,0,-13,0,0,-13,0,38.873333333333335,13,38.873333333333335,0,0
326,100,250,250,35,35,-15,-15,625,625,50,15,0,625,15,0,897.5133333333333,10,272.5133333333333,25,25
327,100,0,0,10,10,10,10,0,0,0,-10,0,0,-10,0,22.626666666666665,10,22.626666666666665,0,0
328,121,275,275,36,36,-14,-14,625,625,50,14,0,625,14,0,927.5906666666667,11,302.5906666666667,25,25
329,1,25,21,26,22,-24,-20,625,525,46,24,4,441,20,-4,547.9653333333333,1,22.96533333333332,25,21
330,625,0,0,25,25,25,25,0,0,0,-25,0,0,-25,0,149.58,25,149.58,0,0
331,121,0,0,11,11,11,11,0,0,0,-11,0,0,-11,0,27.502666666666666,11,27.502666666666666,0,0
332,625,0,0,25,25,25,25,0,0,0,-25,0,0,-25,0,149.70666666666668,25,149.70666666666668,0,0
333,1,0,25,1,26,1,-24,0,0,25,-1,-25,625,24,25,12.6,1,12.6,0,25
334,4,0,50,2,27,2,-23,0,0,25,-2,-25,625,23,25,25.4,2,25.4,0,25
335,1,0,12,1,13,1,-11,0,0,12,-1,-12,144,11,12,6.288,1,6.288,0,12
336,49,0,133,7,26,7,-12,0,0,19,-7,-19,361,12,19,77.27466666666666,7,77.27466666666666,0,19
337,1,25,0,26,1,-24,1,625,0,25,24,25,0,-1,-25,12.366666666666667,1,12.366666666666667,25,0
338,625,625,0,50,25,0,25,625,0,25,0,25,0,-25,-25,462.91133333333335,25,462.91133333333335,25,0
339,625,0,0,25,25,25,25,0,0,0,-25,0,0,-25,0,150.16133333333335,25,150.16133333333335,0,0
340,121,0,275,11,36,11,-14,0,0,25,-11,-25,625,14,25,165.06733333333332,11,165.06733333333332,0,25
341,1,0,25,1,26,1,-24,0,0,25,-1,-25,625,24,25,12.316666666666666,1,12.316666666666666,0,25
342,4,0,50,2,27,2,-23,0,0,25,-2,-25,625,23,25,25.474666666666668,2,25.474666666666668,0,25
343,100,0,0,10,10,10,10,0,0,0,-10,0,0,-10,0,22.668666666666667,10,22.668666666666667,0,0
344,121,0,275,11,36,11,-14,0,0,25,-11,-25,625,14,25,166.78066666666666,11,166.78066666666666,0,25
345,1,0,12,1,13,1,-11,0,0,12,-1,-12,144,11,12,5.832,1,5.832,0,12
346,625,0,625,25,50,25,0,0,0,25,-25,-25,625,0,25,464.20933333333335,25,464.20933333333335,0,25
347,100,0,0,10,10,10,10,0,0,0,-10,0,0,-10,0,22.504666666666665,10,22.504666666666665,0,0
348,121,275,0,36,11,-14,11,625,0,25,14,25,0,-11,-25,164.982,11,164.982,25,0
349,1,25,0,26,1,-24,1,625,0,25,24,25,0,-1,-25,12.516666666666667,1,12.516666666666667,25,0
350,625,625,0,50,25,0,25,625,0,25,0,25,0,-25,-25,459.72,25,459.72,25,0
351,100,250,250,35,35,-15,-15,625,625,50,15,0,625,15,0,897.5133333333333,10,272.5133333333333,25,25
352,121,0,0,11,11,11,11,0,0,0,-11,0,0,-11,0,27.644,11,27.644,0,0
353,625,0,0,25,25,25,25,0,0,0,-25,0,0,-25,0,150.136,25,150.136,0,0
354,100,0,250,10,35,10,-15,0,0,25,-10,-25,625,15,25,146.35866666666666,10,146.35866666666666,0,25
355,625,0,0,25,25,25,25,0,0,0,-25,0,0,-25,0,149.712,25,149.712,0,0
356,169,0,0,13,13,13,13,0,0,0,-13,0,0,-13,0,38.948,13,38.948,0,0
357,1,25,25,26,26,-24,-24,625,625,50,24,0,625,24,0,650.0,1,25.0,25,25
358,1,25,0,26,1,-24,1,625,0,25,24,25,0,-1,-25,11.866666666666667,1,11.866666666666667,25,0
359,1,0,0,1,1,1,1,0,0,0,-1,0,0,-1,0,0.0,1,0.0,0,0
360,4,0,0,2,2,2,2,0,0,0,-2,0,0,-2,0,0.49933333333333335,2,0.49933333333333335,0,0
361,1,0,0,1,1,1,1,0,0,0,-1,0,0,-1,0,0.0,1,0.0,0,0
362,169,0,0,13,13,13,13,0,0,0,-13,0,0,-13,0,38.873333333333335,13,38.873333333333335,0,0
363,100,250,250,35,35,-15,-15,625,625,50,15,0,625,15,0,897.5133333333333,10,272.5133333333333,25,25
364,100,0,0,10,10,10,10,0,0,0,-10,0,0,-10,0,22.626666666666665,10,22.626666666666665,0,0
365,121,275,275,36,36,-14,-14,625,625,50,14,0,625,14,0,927.5906666666667,11,302.5906666666667,25,25
366,1,25,21,26,22,-24,-20,625,525,46,24,4,441,20,-4,547.9653333333333,1,22.96533333333332,25,21
367,625,0,0,25,25,25,25,0,0,0,-25,0,0,-25,0,149.58,25,149.58,0,0
368,121,0,0,11,11,11,11,0,0,0,-11,0,0,-11,0,27.502666666666666,11,27.502666666666666,0,0
369,625,0,0,25,25,25,25,0,0,0,-25,0,0,-25,0,149.70666666666668,25,149.70666666666668,0,0
370,1,0,25,1,26,1,-24,0,0,25,-1,-25,625,24,25,12.6,1,12.6,0,25
371,4,0,50,2,27,2,-23,0,0,25,-2,-25,625,23,25,25.4,2,25.4,0,25
372,1,0,12,1,13,1,-11,0,0,12,-1,-12,144,11,12,6.288,1,6.288,0,12
373,49,0,133,7,26,7,-12,0,0,19,-7,-19,361,12,19,77.27466666666666,7,77.27466666666666,0,19
374,1,25,0,26,1,-24,1,625,0,25,24,25,0,-1,-25,12.366666666666667,1,12.366666666666667,25,0
375,625,625,0,50,25,0,25,625,0,25,0,25,0,-25,-25,462.91133333333335,25,462.91133333333335,25,0
376,625,0,0,25,25,25,25,0,0,0,-25,0,0,-25,0,150.16133333333335,25,150.16133333333335,0,0
377,121,0,275,11,36,11,-14,0,0,25,-11,-25,625,14,25,165.06733333333332,11,165.06733333333332,0,25
378,1,0,25,1,26,1,-24,0,0,25,-1,-25,625,24,25,12.316666666666666,1,12.316666666666666,0,25
379,4,0,50,2,27,2,-23,0,0,25,-2,-25,625,23,25,25.474666666666668,2,25.474666666666668,0,25
380,100,0,0,10,10,10,10,0,0,0,-10,0,0,-10,0,22.668666666666667,10,22.668666666666667,0,0
381,121,0,275,11,36,11,-14,0,0,25,-11,-25,625,14,25,166.78066666666666,11,166.78066666666666,0,25
382,1,0,12,1,13,1,-11,0,0,12,-1,-12,144,11,12,5.832,1,5.832,0,12
383,625,0,625,25,50,25,0,0,0,25,-25,-25,625,0,25,464.20933333333335,25,464.20933333333335,0,25
384,100,0,0,10,10,10,10,0,0,0,-10,0,0,-10,0,22.504666666666665,10,22.504666666666665,0,0
385,121,275,0,36,11,-14,11,625,0,25,14,25,0,-11,-25,164.982,11,164.982,25,0
386,1,25,0,26,1,-24,1,625,0,25,24,25,0,-1,-25,12.516666666666667,1,12.516666666666667,25,0
387,625,625,0,50,25,0,25,625,0,25,0,25,0,-25,-25,459.72,25,459.72,25,0
388,100,250,250,35,35,-15,-15,625,625,50,15,0,625,15,0,897.5133333333333,10,272.5133333333333,25,25
389,121,0,0,11,11,11,11,0,0,0,-11,0,0,-11,0,27.644,11,27.644,0,0
390,625,0,0,25,25,25,25,0,0,0,-25,0,0,-25,0,150.136,25,150.136,0,0
391,100,0,250,10,35,10,-15,0,0,25,-10,-25,625,15,25,146.35866666666666,10,146.35866666666666,0,25
392,625,0,0,25,25,25,25,0,0,0,-25,0,0,-25,0,149.712,25,149.712,0,0
393,169,0,0,13,13,13,13,0,0,0,-13,0,0,-13,0,38.948,13,38.948,0,0
394,1,25,25,26,26,-24,-24,625,625,50,24,0,625,24,0,650.0,1,25.0,25,25
395,1,25,0,26,1,-24,1,625,0,25,24,25,0,-1,-25,11.866666666666667,1,11.866666666666667,25,0
396,1,0,0,1,1,1,1,0,0,0,-1,0,0,-1,0,0.0,1,0.0,0,0
397,4,0,0,2,2,2,2,0,0,0,-2,0,0,-2,0,0.49933333333333335,2,0.49933333333333335,0,0
398,1,0,0,1,1,1,1,0,0,0,-1,0,0,-1,0,0.0,1,0.0,0,0
399,169,0,0,13,13,13,13,0,0,0,-13,0,0,-13,0,38.873333333333335,13,38.873333333333335,0,0
400,100,250,250,35,35,-15,-15,625,625,50,15,0,625,15,0,897.5133333333333,10,272.5133333333333,25,25
401,100,0,0,10,10,10,10,0,0,0,-10,0,0,-10,0,22.626666666666665,10,22.626666666666665,0,0
402,121,275,275,36,36,-14,-14,625,625,50,14,0,625,14,0,927.5906666666667,11,302.5906666666667,25,25
403,1,25,21,26,22,-24,-20,625,525,46,24,4,441,20,-4,547.9653333333333,1,22.96533333333332,25,21
404,625,0,0,25,25,25,25,0,0,0,-25,0,0,-25,0,149.58,25,149.58,0,0
405,121,0,0,11,11,11,11,0,0,0,-11,0,0,-11,0,27.502666666666666,11,27.502666666666666,0,0
406,625,0,0,25,25,25,25,0,0,0,-25,0,0,-25,0,149.70666666666668,25,149.70666666666668,0,0
407,1,0,25,1,26,1,-24,0,0,25,-1,-25,625,24,25,12.6,1,12.6,0,25
408,4,0,50,2,27,2,-23,0,0,25,-2,-25,625,23,25,25.4,2,25.4,0,25
409,1,0,12,1,13,1,-11,0,0,12,-1,-12,144,11,12,6.288,1,6.288,0,12
410,49,0,133,7,26,7,-12,0,0,19,-7,-19,361,12,19,77.27466666666666,7,77.27466666666666,0,19
411,1,25,0,26,1,-24,1,625,0,25,24,25,0,-1,-25,12.366666666666667,1,12.366666666666667,25,0
412,625,625,0,50,25,0,25,625,0,25,0,25,0,-25,-25,462.91133333333335,25,462.91133333333335,25,0
413,625,0,0,25,25,25,25,0,0,0,-25,0,0,-25,0,150.16133333333335,25,150.16133333333335,0,0
414,121,0,275,11,36,11,-14,0,0,25,-11,-25,625,14,25,165.06733333333332,11,165.06733333333332,0,25
415,1,0,25,1,26,1,-24,0,0,25,-1,-25,625,24,25,12.316666666666666,1,12.316666666666666,0,25
416,4,0,50,2,27,2,-23,0,0,25,-2,-25,625,23,25,25.474666666666668,2,25.474666666666668,0,25
417,100,0,0,10,10,10,10,0,0,0,-10,0,0,-10,0,22.668666666666667,10,22.668666666666667,0,0
418,121,0,275,11,36,11,-14,0,0,25,-11,-25,625,14,25,166.78066666666666,11,166.78066666666666,0,25
419,1,0,12,1,13,1,-11,0,0,12,-1,-12,144,11,12,5.832,1,5.832,0,12
420,625,0,625,25,50,25,0,0,0,25,-25,-25,625,0,25,464.20933333333335,25,464.20933333333335,0,25
421,100,0,0,10,10,10,10,0,0,0,-10,0,0,-10,0,22.504666666666665,10,22.504666666666665,0,0
422,121,275,0,36,11,-14,11,625,0,25,14,25,0,-11,-25,164.982,11,164.982,25,0
423,1,25,0,26,1,-24,1,625,0,25,24,25,0,-1,-25,12.516666666666667,1,12.516666666666667,25,0
424,625,625,0,50,25,0,25,625,0,25,0,25,0,-25,-25,459.72,25,459.72,25,0
425,100,250,250,35,35,-15,-15,625,625,50,15,0,625,15,0,897.5133333333333,10,272.5133333333333,25,25
426,121,0,0,11,11,11,11,0,0,0,-11,0,0,-11,0,27.644,11,27.644,0,0
427,625,0,0,25,25,25,25,0,0,0,-25,0,0,-25,0,150.136,25,150.136,0,0
428,100,0,250,10,35,10,-15,0,0,25,-10,-25,625,15,25,146.35866666666666,10,146.35866666666666,0,25
429,625,0,0,25,25,25,25,0,0,0,-25,0,0,-25,0,149.712,25,149.712,0,0
430,169,0,0,13,13,13,13,0,0,0,-13,0,0,-13,0,38.948,13,38.948,0,0
431,1,25,25,26,26,-24,-24,625,625,50,24,0,625,24,0,650.0,1,25.0,25,25
432,1,25,0,26,1,-24,1,625,0,25,24,25,0,-1,-25,11.866666666666667,1,11.866666666666667,25,0
433,1,0,0,1,1,1,1,0,0,0,-1,0,0,-1,0,0.0,1,0.0,0,0
434,4,0,0,2,2,2,2,0,0,0,-2,0,0,-2,0,0.49933333333333335,2,0.49933333333333335,0,0
435,1,0,0,1,1,1,1,0,0,0,-1,0,0,-1,0,0.0,1,0.0,0,0
436,169,0,0,13,13,13,13,0,0,0,-13,0,0,-13,0,38.873333333333335,13,38.873333333333335,0,0
437,100,250,250,35,35,-15,-15,625,625,50,15,0,625,15,0,897.5133333333333,10,272.5133333333333,25,25
438,100,0,0,10,10,10,10,0,0,0,-10,0,0,-10,0,22.626666666666665,10,22.626666666666665,0,0
439,121,275,275,36,36,-14,-14,625,625,50,14,0,625,14,0,927.5906666666667,11,302.5906666666667,25,25
440,1,25,21,26,22,-24,-20,625,525,46,24,4,441,20,-4,547.9653333333333,1,22.96533333333332,25,21
441,625,0,0,25,25,25,25,0,0,0,-25,0,0,-25,0,149.58,25,149.58,0,0
442,121,0,0,11,11,11,11,0,0,0,-11,0,0,-11,0,27.502666666666666,11,27.502666666666666,0,0
443,625,0,0,25,25,25,25,0,0,0,-25,0,0,-25,0,149.70666666666668,25,149.70666666666668,0,0
444,1,0,25,1,26,1,-24,0,0,25,-1,-25,625,24,25,12.6,1,12.6,0,25
445,4,0,50,2,27,2,-23,0,0,25,-2,-25,625,23,25,25.4,2,25.4,0,25
446,1,0,12,1,13,1,-11,0,0,12,-1,-12,144,11,12,6.288,1,6.288,0,12
447,49,0,133,7,26,7,-12,0,0,19,-7,-19,361,12,19,77.27466666666666,7,77.27466666666666,0,19
448,1,25,0,26,1,-24,1,625,0,25,24,25,0,-1,-25,12.366666666666667,1,12.366666666666667,25,0
449,625,625,0,50,25,0,25,625,0,25,0,25,0,-25,-25,462.91133333333335,25,462.91133333333335,25,0
450,625,0,0,25,25,25,25,0,0,0,-25,0,0,-25,0,150.16133333333335,25,150.16133333333335,0,0
451,121,0,275,11,36,11,-14,0,0,25,-11,-25,625,14,25,165.06733333333332,11,165.06733333333332,0,25
452,1,0,25,1,26,1,-24,0,0,25,-1,-25,625,24,25,12.316666666666666,1,12.316666666666666,0,25
453,4,0,50,2,27,2,-23,0,0,25,-2,-25,625,23,25,25.474666666666668,2,25.474666666666668,0,25
454,100,0,0,10,10,10,10,0,0,0,-10,0,0,-10,0,22.668666666666667,10,22.668666666666667,0,0
455,121,0,275,11,36,11,-14,0,0,25,-11,-25,625,14,25,166.78066666666666,11,166.78066666666666,0,25
456,1,0,12,1,13,1,-11,0,0,12,-1,-12,144,11,12,5.832,1,5.832,0,12
457,625,0,625,25,50,25,0,0,0,25,-25,-25,625,0,25,464.20933333333335,25,464.20933333333335,0,25
458,100,0,0,10,10,10,10,0,0,0,-10,0,0,-10,0,22.504666666666665,10,22.504666666666665,0,0
459,121,275,0,36,11,-14,11,625,0,25,14,25,0,-11,-25,164.982,11,164.982,25,0
460,1,25,0,26,1,-24,1,625,0,25,24,25,0,-1,-25,12.516666666666667,1,12.516666666666667,25,0
461,625,625,0,50,25,0,25,625,0,25,0,25,0,-25,-25,459.72,25,459.72,25,0
462,100,250,250,35,35,-15,-15,625,625,50,15,0,625,15,0,897.5133333333333,10,272.5133333333333,25,25
463,121,0,0,11,11,11,11,0,0,0,-11,0,0,-11,0,27.644,11,27.644,0,0
464,625,0,0,25,25,25,25,0,0,0,-25,0,0,-25,0,150.136,25,150.136,0,0
465,100,0,250,10,35,10,-15,0,0,25,-10,-25,625,15,25,146.35866666666666,10,146.35866666666666,0,25
466,625,0,0,25,25,25,25,0,0,0,-25,0,0,-25,0,149.712,25,149.712,0,0
467,169,0,0,13,13,13,13,0,0,0,-13,0,0,-13,0,38.948,13,38.948,0,0
468,1,25,25,26,26,-24,-24,625,625,50,24,0,625,24,0,650.0,1,25.0,25,25
469,1,25,0,26,1,-24,1,625,0,25,24,25,0,-1,-25,11.866666666666667,1,11.866666666666667,25,0
470,1,0,0,1,1,1,1,0,0,0,-1,0,0,-1,0,0.0,1,0.0,0,0
471,4,0,0,2,2,2,2,0,0,0,-2,0,0,-2,0,0.49933333333333335,2,0.49933333333333335,0,0
472,1,0,0,1,1,1,1,0,0,0,-1,0,0,-1,0,0.0,1,0.0,0,0
473,169,0,0,13,13,13,13,0,0,0,-13,0,0,-13,0,38.873333333333335,13,38.873333333333335,0,0
474,100,250,250,35,35,-15,-15,625,625,50,15,0,625,15,0,897.5133333333333,10,272.5133333333333,25,25
475,100,0,0,10,10,10,10,0,0,0,-10,0,0,-10,0,22.626666666666665,10,22.626666666666665,0,0
476,121,275,275,36,36,-14,-14,625,625,50,14,0,625,14,0,927.5906666666667,11,302.5906666666667,25,25
477,1,25,21,26,22,-24,-20,625,525,46,24,4,441,20,-4,547.9653333333333,1,22.96533333333332,25,21
478,625,0,0,25,25,25,25,0,0,0,-25,0,0,-25,0,149.58,25,149.58,0,0
479,121,0,0,11,11,11,11,0,0,0,-11,0,0,-11,0,27.502666666666666,11,27.502666666666666,0,0
480,625,0,0,25,25,25,25,0,0,0,-25,0,0,-25,0,149.70666666666668,25,149.70666666666668,0,0
481,1,0,25,1,26,1,-24,0,0,25,-1,-25,625,24,25,12.6,1,12.6,0,25
482,4,0,50,2,27,2,-23,0,0,25,-2,-25,625,23,25,25.4,2,25.4,0,25
483,1,0,12,1,13,1,-11,0,0,12,-1,-12,144,11,12,6.288,1,6.288,0,12
484,49,0,133,7,26,7,-12,0,0,19,-7,-19,361,12,19,77.27466666666666,7,77.27466666666666,0,19
485,1,25,0,26,1,-24,1,625,0,25,24,25,0,-1,-25,12.366666666666667,1,12.366666666666667,25,0
486,625,625,0,50,25,0,25,625,0,25,0,25,0,-25,-25,462.91133333333335,25,462.91133333333335,25,0
487,625,0,0,25,25,25,25,0,0,0,-25,0,0,-25,0,150.16133333333335,25,150.16133333333335,0,0
488,121,0,275,11,36,11,-14,0,0,25,-11,-25,625,14,25,165.06733333333332,11,165.06733333333332,0,25
489,1,0,25,1,26,1,-24,0,0,25,-1,-25,625,24,25,12.316666666666666,1,12.316666666666666,0,25
490,4,0,50,2,27,2,-23,0,0,25,-2,-25,625,23,25,25.474666666666668,2,25.474666666666668,0,25
491,100,0,0,10,10,10,10,0,0,0,-10,0,0,-10,0,22.668666666666667,10,22.668666666666667,0,0
492,121,0,275,11,36,11,-14,0,0,25,-11,-25,625,14,25,166.78066666666666,11,166.78066666666666,0,25
493,1,0,12,1,13,1,-11,0,0,12,-1,-12,144,11,12,5.832,1,5.832,0,12
494,625,0,625,25,50,25,0,0,0,25,-25,-25,625,0,25,464.20933333333335,25,464.20933333333335,0,25
495,100,0,0,10,10,10,10,0,0,0,-10,0,0,-10,0,22.504666666666665,10,22.504666666666665,0,0
496,121,275,0,36,11,-14,11,625,0,25,14,25,0,-11,-25,164.982,11,164.982,25,0
497,1,25,0,26,1,-24,1,625,0,25,24,25,0,-1,-25,12.516666666666667,1,12.516666666666667,25,0
498,625,625,0,50,25,0,25,625,0,25,0,25,0,-25,-25,459.72,25,459.72,25,0
499,100,250,250,35,35,-15,-15,625,625,50,15,0,625,15,0,897.5133333333333,10,272.5133333333333,25,25
500,121,0,0,11,11,11,11,0,0,0,-11,0,0,-11,0,27.644,11,27.644,0,0
501,625,0,0,25,25,25,25,0,0,0,-25,0,0,-25,0,150.136,25,150.136,0,0
502,100,0,250,10,35,10,-15,0,0,25,-10,-25,625,15,25,146.35866666666666,10,146.35866666666666,0,25
503,625,0,0,25,25,25,25,0,0,0,-25,0,0,-25,0,149.712,25,149.712,0,0
504,169,0,0,13,13,13,13,0,0,0,-13,0,0,-13,0,38.948,13,38.948,0,0
505,1,25,25,26,26,-24,-24,625,625,50,24,0,625,24,0,650.0,1,25.0,25,25
506,1,25,0,26,1,-24,1,625,0,25,24,25,0,-1,-25,11.866666666666667,1,11.866666666666667,25,0
507,1,0,0,1,1,1,1,0,0,0,-1,0,0,-1,0,0.0,1,0.0,0,0
508,4,0,0,2,2,2,2,0,0,0,-2,0,0,-2,0,0.49933333333333335,2,0.49933333333333335,0,0
509,1,0,0,1,1,1,1,0,0,0,-1,0,0,-1,0,0.0,1,0.0,0,0
510,169,0,0,13,13,13,13,0,0,0,-13,0,0,-13,0,38.873333333333335,13,38.873333333333335,0,0
511,100,250,250,35,35,-15,-15,625,625,50,15,0,625,15,0,897.5133333333333,10,272.5133333333333,25,25
512,100,0,0,10,10,10,10,0,0,0,-10,0,0,-10,0,22.626666666666665,10,22.626666666666665,0,0
513,121,275,275,36,36,-14,-14,625,625,50,14,0,625,14,0,927.5906666666667,11,302.5906666666667,25,25
514,1,25,21,26,22,-24,-20,625,525,46,24,4,441,20,-4,547.9653333333333,1,22.96533333333332,25,21
515,625,0,0,25,25,25,25,0,0,0,-25,0,0,-25,0,149.58,25,149.58,0,0
516,121,0,0,11,11,11,11,0,0,0,-11,0,0,-11,0,27.502666666666666,11,27.502666666666666,0,0
517,625,0,0,25,25,25,25,0,0,0,-25,0,0,-25,0,149.70666666666668,25,149.70666666666668,0,0
518,1,0,25,1,26,1,-24,0,0,25,-1,-25,625,24,25,12.6,1,12.6,0,25
519,4,0,50,2,27,2,-23,0,0,25,-2,-25,625,23,25,25.4,2,25.4,0,25
520,1,0,12,1,13,1,-11,0,0,12,-1,-12,144,11,12,6.288,1,6.288,0,12
521,49,0,133,7,26,7,-12,0,0,19,-7,-19,361,12,19,77.27466666666666,7,77.27466666666666,0,19
522,1,25,0,26,1,-24,1,625,0,25,24,25,0,-1,-25,12.366666666666667,1,12.366666666666667,25,0
523,625,625,0,50,25,0,25,625,0,25,0,25,0,-25,-25,462.91133333333335,25,462.91133333333335,25,0
524,625,0,0,25,25,25,25,0,0,0,-25,0,0,-25,0,150.16133333333335,25,150.16133333333335,0,0
525,121,0,275,11,36,11,-14,0,0,25,-11,-25,625,14,25,165.06733333333332,11,165.06733333333332,0,25
526,1,0,25,1,26,1,-24,0,0,25,-1,-25,625,24,25,12.316666666666666,1,12.316666666666666,0,25
527,4,0,50,2,27,2,-23,0,0,25,-2,-25,625,23,25,25.474666666666668,2,25.474666666666668,0,25
528,100,0,0,10,10,10,10,0,0,0,-10,0,0,-10,0,22.668666666666667,10,22.668666666666667,0,0
529,121,0,275,11,36,11,-14,0,0,25,-11,-25,625,14,25,166.78066666666666,11,166.78066666666666,0,25
530,1,0,12,1,13,1,-11,0,0,12,-1,-12,144,11,12,5.832,1,5.832,0,12
531,625,0,625,25,50,25,0,0,0,25,-25,-25,625,0,25,464.20933333333335,25,464.20933333333335,0,25
532,100,0,0,10,10,10,10,0,0,0,-10,0,0,-10,0,22.504666666666665,10,22.504666666666665,0,0
533,121,275,0,36,11,-14,11,625,0,25,14,25,0,-11,-25,164.982,11,164.982,25,0
534,1,25,0,26,1,-24,1,625,0,25,24,25,0,-1,-25,12.516666666666667,1,12.516666666666667,25,0
535,625,625,0,50,25,0,25,625,0,25,0,25,0,-25,-25,459.72,25,459.72,25,0
536,100,250,250,35,35,-15,-15,625,625,50,15,0,625,15,0,897.5133333333333,10,272.5133333333333,25,25
537,121,0,0,11,11,11,11,0,0,0,-11,0,0,-11,0,27.644,11,27.644,0,0
538,625,0,0,25,25,25,25,0,0,0,-25,0,0,-25,0,150.136,25,150.136,0,0
539,100,0,250,10,35,10,-15,0,0,25,-10,-25,625,15,25,146.35866666666666,10,146.35866666666666,0,25
540,625,0,0,25,25,25,25,0,0,0,-25,0,0,-25,0,149.712,25,149.712,0,0
541,169,0,0,13,13,13,13,0,0,0,-13,0,0,-13,0,38.948,13,38.948,0,0
542,1,25,25,26,26,-24,-24,625,625,50,24,0,625,24,0,650.0,1,25.0,25,25
543,1,25,0,26,1,-24,1,625,0,25,24,25,0,-1,-25,11.866666666666667,1,11.866666666666667,25,0
544,1,0,0,1,1,1,1,0,0,0,-1,0,0,-1,0,0.0,1,0.0,0,0
545,4,0,0,2,2,2,2,0,0,0,-2,0,0,-2,0,0.49933333333333335,2,0.49933333333333335,0,0
546,1,0,0,1,1,1,1,0,0,0,-1,0,0,-1,0,0.0,1,0.0,0,0
547,169,0,0,13,13,13,13,0,0,0,-13,0,0,-13,0,38.873333333333335,13,38.873333333333335,0,0
548,100,250,250,35,35,-15,-15,625,625,50,15,0,625,15,0,897.5133333333333,10,272.5133333333333,25,25
549,100,0,0,10,10,10,10,0,0,0,-10,0,0,-10,0,22.626666666666665,10,22.626666666666665,0,0
550,121,275,275,36,36,-14,-14,625,625,50,14,0,625,14,0,927.5906666666667,11,302.5906666666667,25,25
551,1,25,21,26,22,-24,-20,625,525,46,24,4,441,20,-4,547.9653333333333,1,22.96533333333332,25,21
552,625,0,0,25,25,25,25,0,0,0,-25,0,0,-25,0,149.58,25,149.58,0,0
553,121,0,0,11,11,11,11,0,0,0,-11,0,0,-11,0,27.502666666666666,11,27.502666666666666,0,0
554,625,0,0,25,25,25,25,0,0,0,-25,0,0,-25,0,149.70666666666668,25,149.70666666666668,0,0
555,1,0,25,1,26,1,-24,0,0,25,-1,-25,625,24,25,12.6,1,12.6,0,25
556,4,0,50,2,27,2,-23,0,0,25,-2,-25,625,23,25,25.4,2,25.4,0,25
557,1,0,12,1,13,1,-11,0,0,12,-1,-12,144,11,12,6.288,1,6.288,0,12
558,49,0,133,7,26,7,-12,0,0,19,-7,-19,361,12,19,77.27466666666666,7,77.27466666666666,0,19
559,1,25,0,26,1,-24,1,625,0,25,24,25,0,-1,-25,12.366666666666667,1,12.366666666666667,25,0
560,625,625,0,50,25,0,25,625,0,25,0,25,0,-25,-25,462.91133333333335,25,462.91133333333335,25,0
561,625,0,0,25,25,25,25,0,0,0,-25,0,0,-25,0,150.16133333333335,25,150.16133333333335,0,0
562,121,0,275,11,36,11,-14,0,0,25,-11,-25,625,14,25,165.06733333333332,11,165.06733333333332,0,25
563,1,0,25,1,26,1,-24,0,0,25,-1,-25,625,24,25,12.316666666666666,1,12.316666666666666,0,25
564,4,0,50,2,27,2,-23,0,0,25,-2,-25,625,23,25,25.474666666666668,2,25.474666666666668,0,25
565,100,0,0,10,10,10,10,0,0,0,-10,0,0,-10,0,22.668666666666667,10,22.668666666666667,0,0
566,121,0,275,11,36,11,-14,0,0,25,-11,-25,625,14,25,166.78066666666666,11,166.78066666666666,0,25
567,1,0,12,1,13,1,-11,0,0,12,-1,-12,144,11,12,5.832,1,5.832,0,12
568,625,0,625,25,50,25,0,0,0,25,-25,-25,625,0,25,464.20933333333335,25,464.20933333333335,0,25
569,100,0,0,10,10,10,10,0,0,0,-10,0,0,-10,0,22.504666666666665,10,22.504666666666665,0,0
570,121,275,0,36,11,-14,11,625,0,25,14,25,0,-11,-25,164.982,11,164.982,25,0
571,1,25,0,26,1,-24,1,625,0,25,24,25,0,-1,-25,12.516666666666667,1,12.516666666666667,25,0
572,625,625,0,50,25,0,25,625,0,25,0,25,0,-25,-25,459.72,25,459.72,25,0
573,100,250,250,35,35,-15,-15,625,625,50,15,0,625,15,0,897.5133333333333,10,272.5133333333333,25,25
574,121,0,0,11,11,11,11,0,0,0,-11,0,0,-11,0,27.644,11,27.644,0,0
575,625,0,0,25,25,25,25,0,0,0,-25,0,0,-25,0,150.136,25,150.136,0,0
576,100,0,250,10,35,10,-15,0,0,25,-10,-25,625,15,25,146.35866666666666,10,146.35866666666666,0,25
577,625,0,0,25,25,25,25,0,0,0,-25,0,0,-25,0,149.712,25,149.712,0,0
578,169,0,0,13,13,13,13,0,0,0,-13,0,0,-13,0,38.948,13,38.948,0,0
579,1,25,25,26,26,-24,-24,625,625,50,24,0,625,24,0,650.0,1,25.0,25,25
580,1,25,0,26,1,-24,1,625,0,25,24,25,0,-1,-25,11.866666666666667,1,11.866666666666667,25,0
581,1,0,0,1,1,1,1,0,0,0,-1,0,0,-1,0,0.0,1,0.0,0,0
582,4,0,0,2,2,2,2,0,0,0,-2,0,0,-2,0,0.49933333333333335,2,0.49933333333333335,0,0
583,1,0,0,1,1,1,1,0,0,0,-1,0,0,-1,0,0.0,1,0.0,0,0
584,169,0,0,13,13,13,13,0,0,0,-13,0,0,-13,0,38.873333333333335,13,38.873333333333335,0,0
585,100,250,250,35,35,-15,-15,625,625,50,15,0,625,15,0,897.5133333333333,10,272.5133333333333,25,25
586,100,0,0,10,10,10,10,0,0,0,-10,0,0,-10,0,22.626666666666665,10,22.626666666666665,0,0
587,121,275,275,36,36,-14,-14,625,625,50,14,0,625,14,0,927.5906666666667,11,302.5906666666667,25,25
588,1,25,21,26,22,-24,-20,625,525,46,24,4,441,20,-4,547.9653333333333,1,22.96533333333332,25,21
589,625,0,0,25,25,25,25,0,0,0,-25,0,0,-25,0,149.58,25,149.58,0,0
590,121,0,0,11,11,11,11,0,0,0,-11,0,0,-11,0,27.502666666666666,11,27.502666666666666,0,0
591,625,0,0,25,25,25,25,0,0,0,-25,0,0,-25,0,149.70666666666668,25,149.70666666666668,0,0
592,1,0,25,1,26,1,-24,0,0,25,-1,-25,625,24,25,12.6,1,12.6,0,25
593,4,0,50,2,27,2,-23,0,0,25,-2,-25,625,23,25,25.4,2,25.4,0,25
594,1,0,12,1,13,1,-11,0,0,12,-1,-12,144,11,12,6.288,1,6.288,0,12
595,49,0,133,7,26,7,-12,0,0,19,-7,-19,361,12,19,77.27466666666666,7,77.27466666666666,0,19
596,1,25,0,26,1,-24,1,625,0,25,24,25,0,-1,-25,12.366666666666667,1,12.366666666666667,25,0
597,625,625,0,50,25,0,25,625,0,25,0,25,0,-25,-25,462.91133333333335,25,462.91133333333335,25,0
598,625,0,0,25,25,25,25,0,0,0,-25,0,0,-25,0,150.16133333333335,25,150.16133333333335,0,0
599,121,0,275,11,36,11,-14,0,0,25,-11,-25,625,14,25,165.06733333333332,11,165.06733333333332,0,25
600,1,0,25,1,26,1,-24,0,0,25,-1,-25,625,24,25,12.316666666666666,1,12.316666666666666,0,25
601,4,0,50,2,27,2,-23,0,0,25,-2,-25,625,23,25,25.474666666666668,2,25.474666666666668,0,25
602,100,0,0,10,10,10,10,0,0,0,-10,0,0,-10,0,22.668666666666667,10,22.668666666666667,0,0
603,121,0,275,11,36,11,-14,0,0,25,-11,-25,625,14,25,166.78066666666666,11,166.78066666666666,0,25
604,1,0,12,1,13,1,-11,0,0,12,-1,-12,144,11,12,5.832,1,5.832,0,12
605,625,0,625,25,50,25,0,0,0,25,-25,-25,625,0,25,464.20933333333335,25,464.20933333333335,0,25
606,100,0,0,10,10,10,10,0,0,0,-10,0,0,-10,0,22.504666666666665,10,22.504666666666665,0,0
607,121,275,0,36,11,-14,11,625,0,25,14,25,0,-11,-25,164.982,11,164.982,25,0
608,1,25,0,26,1,-24,1,625,0,25,24,25,0,-1,-25,12.516666666666667,1,12.516666666666667,25,0
609,625,625,0,50,25,0,25,625,0,25,0,25,0,-25,-25,459.72,25,459.72,25,0
610,100,250,250,35,35,-15,-15,625,625,50,15,0,625,15,0,897.5133333333333,10,272.5133333333333,25,25
611,121,0,0,11,11,11,11,0,0,0,-11,0,0,-11,0,27.644,11,27.644,0,0
612,625,0,0,25,25,25,25,0,0,0,-25,0,0,-25,0,150.136,25,150.136,0,0
613,100,0,250,10,35,10,-15,0,0,25,-10,-25,625,15,25,146.35866666666666,10,146.35866666666666,0,25
614,625,0,0,25,25,25,25,0,0,0,-25,0,0,-25,0,149.712,25,149.712,0,0
615,169,0,0,13,13,13,13,0,0,0,-13,0,0,-13,0,38.948,13,38.948,0,0
616,1,25,25,26,26,-24,-24,625,625,50,24,0,625,24,0,650.0,1,25.0,25,25
617,1,25,0,26,1,-24,1,625,0,25,24,25,0,-1,-25,11.866666666666667,1,11.866666666666667,25,0
618,1,0,0,1,1,1,1,0,0,0,-1,0,0,-1,0,0.0,1,0.0,0,0
619,4,0,0,2,2,2,2,0,0,0,-2,0,0,-2,0,0.49933333333333335,2,0.49933333333333335,0,0
620,1,0,0,1,1,1,1,0,0,0,-1,0,0,-1,0,0.0,1,0.0,0,0
621,169,0,0,13,13,13,13,0,0,0,-13,0,0,-13,0,38.873333333333335,13,38.873333333333335,0,0
622,100,250,250,35,35,-15,-15,625,625,50,15,0,625,15,0,897.5133333333333,10,272.5133333333333,25,25
623,100,0,0,10,10,10,10,0,0,0,-10,0,0,-10,0,22.626666666666665,10,22.626666666666665,0,0
624,121,275,275,36,36,-14,-14,625,625,50,14,0,625,14,0,927.5906666666667,11,302.5906666666667,25,25
625,1,25,21,26,22,-24,-20,625,525,46,24,4,441,20,-4,547.9653333333333,1,22.96533333333332,25,21
626,625,0,0,25,25,25,25,0,0,0,-25,0,0,-25,0,149.58,25,149.58,0,0
627,121,0,0,11,11,11,11,0,0,0,-11,0,0,-11,0,27.502666666666666,11,27.502666666666666,0,0
628,625,0,0,25,25,25,25,0,0,0,-25,0,0,-25,0,149.70666666666668,25,149.70666666666668,0,0
629,1,0,25,1,26,1,-24,0,0,25,-1,-25,625,24,25,12.6,1,12.6,0,25
630,4,0,50,2,27,2,-23,0,0,25,-2,-25,625,23,25,25.4,2,25.4,0,25
631,1,0,12,1,13,1,-11,0,0,12,-1,-12,144,11,12,6.288,1,6.288,0,12
632,49,0,133,7,26,7,-12,0,0,19,-7,-19,361,12,19,77.27466666666666,7,77.27466666666666,0,19
633,1,25,0,26,1,-24,1,625,0,25,24,25,0,-1,-25,12.366666666666667,1,12.366666666666667,25,0
634,625,625,0,50,25,0,25,625,0,25,0,25,0,-25,-25,462.91133333333335,25,462.91133333333335,25,0
635,625,0,0,25,25,25,25,0,0,0,-25,0,0,-25,0,150.16133333333335,25,150.16133333333335,0,0
636,121,0,275,11,36,11,-14,0,0,25,-11,-25,625,14,25,165.06733333333332,11,165.06733333333332,0,25
637,1,0,25,1,26,1,-24,0,0,25,-1,-25,625,24,25,12.316666666666666,1,12.316666666666666,0,25
638,4,0,50,2,27,2,-23,0,0,25,-2,-25,625,23,25,25.474666666666668,2,25.474666666666668,0,25
639,100,0,0,10,10,10,10,0,0,0,-10,0,0,-10,0,22.668666666666667,10,22.668666666666667,0,0
640,121,0,275,11,36,11,-14,0,0,25,-11,-25,625,14,25,166.78066666666666,11,166.78066666666666,0,25
641,1,0,12,1,13,1,-11,0,0,12,-1,-12,144,11,12,5.832,1,5.832,0,12
642,625,0,625,25,50,25,0,0,0,25,-25,-25,625,0,25,464.20933333333335,25,464.20933333333335,0,25
643,100,0,0,10,10,10,10,0,0,0,-10,0,0,-10,0,22.504666666666665,10,22.504666666666665,0,0
644,121,275,0,36,11,-14,11,625,0,25,14,25,0,-11,-25,164.982,11,164.982,25,0
645,1,25,0,26,1,-24,1,625,0,25,24,25,0,-1,-25,12.516666666666667,1,12.516666666666667,25,0
646,625,625,0,50,25,0,25,625,0,25,0,25,0,-25,-25,459.72,25,459.72,25,0
647,100,250,250,35,35,-15,-15,625,625,50,15,0,625,15,0,897.5133333333333,10,272.5133333333333,25,25
648,121,0,0,11,11,11,11,0,0,0,-11,0,0,-11,0,27.644,11,27.644,0,0
649,625,0,0,25,25,25,25,0,0,0,-25,0,0,-25,0,150.136,25,150.136,0,0
650,100,0,250,10,35,10,-15,0,0,25,-10,-25,625,15,25,146.35866666666666,10,146.35866666666666,0,25
651,625,0,0,25,25,25,25,0,0,0,-25,0,0,-25,0,149.712,25,149.712,0,0
652,169,0,0,13,13,13,13,0,0,0,-13,0,0,-13,0,38.948,13,38.948,0,0
653,1,25,25,26,26,-24,-24,625,625,50,24,0,625,24,0,650.0,1,25.0,25,25
654,1,25,0,26,1,-24,1,625,0,25,24,25,0,-1,-25,11.866666666666667,1,11.866666666666667,25,0
655,1,0,0,1,1,1,1,0,0,0,-1,0,0,-1,0,0.0,1,0.0,0,0
656,4,0,0,2,2,2,2,0,0,0,-2,0,0,-2,0,0.49933333333333335,2,0.49933333333333335,0,0
657,1,0,0,1,1,1,1,0,0,0,-1,0,0,-1,0,0.0,1,0.0,0,0
658,169,0,0,13,13,13,13,0,0,0,-13,0,0,-13,0,38.873333333333335,13,38.873333333333335,0,0
659,100,250,250,35,35,-15,-15,625,625,50,15,0,625,15,0,897.5133333333333,10,272.5133333333333,25,25
660,100,0,0,10,10,10,10,0,0,0,-10,0,0,-10,0,22.626666666666665,10,22.626666666666665,0,0
661,121,275,275,36,36,-14,-14,625,625,50,14,0,625,14,0,927.5906666666667,11,302.5906666666667,25,25
662,1,25,21,26,22,-24,-20,625,525,46,24,4,441,20,-4,547.9653333333333,1,22.96533333333332,25,21
663,625,0,0,25,25,25,25,0,0,0,-25,0,0,-25,0,149.58,25,149.58,0,0
664,121,0,0,11,11,11,11,0,0,0,-11,0,0,-11,0,27.502666666666666,11,27.502666666666666,0,0
665,625,0,0,25,25,25,25,0,0,0,-25,0,0,-25,0,149.70666666666668,25,149.70666666666668,0,0
666,1,0,25,1,26,1,-24,0,0,25,-1,-25,625,24,25,12.6,1,12.6,0,25
667,4,0,50,2,27,2,-23,0,0,25,-2,-25,625,23,25,25.4,2,25.4,0,25
668,1,0,12,1,13,1,-11,0,0,12,-1,-12,144,11,12,6.288,1,6.288,0,12
669,49,0,133,7,26,7,-12,0,0,19,-7,-19,361,12,19,77.27466666666666,7,77.27466666666666,0,19
670,1,25,0,26,1,-24,1,625,0,25,24,25,0,-1,-25,12.366666666666667,1,12.366666666666667,25,0
671,625,625,0,50,25,0,25,625,0,25,0,25,0,-25,-25,462.91133333333335,25,462.91133333333335,25,0
672,625,0,0,25,25,25,25,0,0,0,-25,0,0,-25,0,150.16133333333335,25,150.16133333333335,0,0
673,121,0,275,11,36,11,-14,0,0,25,-11,-25,625,14,25,165.06733333333332,11,165.06733333333332,0,25
674,1,0,25,1,26,1,-24,0,0,25,-1,-25,625,24,25,12.316666666666666,1,12.316666666666666,0,25
675,4,0,50,2,27,2,-23,0,0,25,-2,-25,625,23,25,25.474666666666668,2,25.474666666666668,0,25
676,100,0,0,10,10,10,10,0,0,0,-10,0,0,-10,0,22.668666666666667,10,22.668666666666667,0,0
677,121,0,275,11,36,11,-14,0,0,25,-11,-25,625,14,25,166.78066666666666,11,166.78066666666666,0,25
678,1,0,12,1,13,1,-11,0,0,12,-1,-12,144,11,12,5.832,1,5.832,0,12
679,625,0,625,25,50,25,0,0,0,25,-25,-25,625,0,25,464.20933333333335,25,464.20933333333335,0,25
680,100,0,0,10,10,10,10,0,0,0,-10,0,0,-10,0,22.504666666666665,10,22.504666666666665,0,0
681,121,275,0,36,11,-14,11,625,0,25,14,25,0,-11,-25,164.982,11,164.982,25,0
682,1,25,0,26,1,-24,1,625,0,25,24,25,0,-1,-25,12.516666666666667,1,12.516666666666667,25,0
683,625,625,0,50,25,0,25,625,0,25,0,25,0,-25,-25,459.72,25,459.72,25,0
684,100,250,250,35,35,-15,-15,625,625,50,15,0,625,15,0,897.5133333333333,10,272.5133333333333,25,25
685,121,0,0,11,11,11,11,0,0,0,-11,0,0,-11,0,27.644,11,27.644,0,0
686,625,0,0,25,25,25,25,0,0,0,-25,0,0,-25,0,150.136,25,150.136,0,0
687,100,0,250,10,35,10,-15,0,0,25,-10,-25,625,15,25,146.35866666666666,10,146.35866666666666,0,25
688,625,0,0,25,25,25,25,0,0,0,-25,0,0,-25,0,149.712,25,149.712,0,0
689,169,0,0,13,13,13,13,0,0,0,-13,0,0,-13,0,38.948,13,38.948,0,0
690,1,25,25,26,26,-24,-24,625,625,50,24,0,625,24,0,650.0,1,25.0,25,25
691,1,25,0,26,1,-24,1,625,0,25,24,25,0,-1,-25,11.866666666666667,1,11.866666666666667,25,0
692,1,0,0,1,1,1,1,0,0,0,-1,0,0,-1,0,0.0,1,0.0,0,0
693,4,0,0,2,2,2,2,0,0,0,-2,0,0,-2,0,0.49933333333333335,2,0.49933333333333335,0,0
694,1,0,0,1,1,1,1,0,0,0,-1,0,0,-1,0,0.0,1,0.0,0,0
695,169,0,0,13,13,13,13,0,0,0,-13,0,0,-13,0,38.873333333333335,13,38.873333333333335,0,0
696,100,250,250,35,35,-15,-15,625,625,50,15,0,625,15,0,897.5133333333333,10,272.5133333333333,25,25
697,100,0,0,10,10,10,10,0,0,0,-10,0,0,-10,0,22.626666666666665,10,22.626666666666665,0,0
698,121,275,275,36,36,-14,-14,625,625,50,14,0,625,14,0,927.5906666666667,11,302.5906666666667,25,25
699,1,25,21,26,22,-24,-20,625,525,46,24,4,441,20,-4,547.9653333333333,1,22.96533333333332,25,21
700,625,0,0,25,25,25,25,0,0,0,-25,0,0,-25,0,149.58,25,149.58,0,0
701,121,0,0,11,11,11,11,0,0,0,-11,0,0,-11,0,27.502666666666666,11,27.502666666666666,0,0
702,625,0,0,25,25,25,25,0,0,0,-25,0,0,-25,0,149.70666666666668,25,149.70666666666668,0,0
703,1,0,25,1,26,1,-24,0,0,25,-1,-25,625,24,25,12.6,1,12.6,0,25
704,4,0,50,2,27,2,-23,0,0,25,-2,-25,625,23,25,25.4,2,25.4,0,25
705,1,0,12,1,13,1,-11,0,0,12,-1,-12,144,11,12,6.288,1,6.288,0,12
706,49,0,133,7,26,7,-12,0,0,19,-7,-19,361,12,19,77.27466666666666,7,77.27466666666666,0,19
707,1,25,0,26,1,-24,1,625,0,25,24,25,0,-1,-25,12.366666666666667,1,12.366666666666667,25,0
708,625,625,0,50,25,0,25,625,0,25,0,25,0,-25,-25,462.91133333333335,25,462.91133333333335,25,0
709,625,0,0,25,25,25,25,0,0,0,-25,0,0,-25,0,150.16133333333335,25,150.16133333333335,0,0
710,121,0,275,11,36,11,-14,0,0,25,-11,-25,625,14,25,165.06733333333332,11,165.06733333333332,0,25
711,1,0,25,1,26,1,-24,0,0,25,-1,-25,625,24,25,12.316666666666666,1,12.316666666666666,0,25
712,4,0,50,2,27,2,-23,0,0,25,-2,-25,625,23,25,25.474666666666668,2,25.474666666666668,0,25
713,100,0,0,10,10,10,10,0,0,0,-10,0,0,-10,0,22.668666666666667,10,22.668666666666667,0,0
714,121,0,275,11,36,11,-14,0,0,25,-11,-25,625,14,25,166.78066666666666,11,166.78066666666666,0,25
715,1,0,12,1,13,1,-11,0,0,12,-1,-12,144,11,12,5.832,1,5.832,0,12
716,625,0,625,25,50,25,0,0,0,25,-25,-25,625,0,25,464.20933333333335,25,464.20933333333335,0,25
717,100,0,0,10,10,10,10,0,0,0,-10,0,0,-10,0,22.504666666666665,10,22.504666666666665,0,0
718,121,275,0,36,11,-14,11,625,0,25,14,25,0,-11,-25,164.982,11,164.982,25,0
719,1,25,0,26,1,-24,1,625,0,25,24,25,0,-1,-25,12.516666666666667,1,12.516666666666667,25,0
720,625,625,0,50,25,0,25,625,0,25,0,25,0,-25,-25,459.72,25,459.72,25,0
721,100,250,250,35,35,-15,-15,625,625,50,15,0,625,15,0,897.5133333333333,10,272.5133333333333,25,25
722,121,0,0,11,11,11,11,0,0,0,-11,0,0,-11,0,27.644,11,27.644,0,0
723,625,0,0,25,25,25,25,0,0,0,-25,0,0,-25,0,150.136,25,150.136,0,0
724,100,0,250,10,35,10,-15,0,0,25,-10,-25,625,15,25,146.35866666666666,10,146.35866666666666,0,25
725,625,0,0,25,25,25,25,0,0,0,-25,0,0,-25,0,149.712,25,149.712,0,0
726,169,0,0,13,13,13,13,0,0,0,-13,0,0,-13,0,38.948,13,38.948,0,0
727,1,25,25,26,26,-24,-24,625,625,50,24,0,625,24,0,650.0,1,25.0,25,25
728,1,25,0,26,1,-24,1,625,0,25,24,25,0,-1,-25,11.866666666666667,1,11.866666666666667,25,0
729,1,0,0,1,1,1,1,0,0,0,-1,0,0,-1,0,0.0,1,0.0,0,0
730,4,0,0,2,2,2,2,0,0,0,-2,0,0,-2,0,0.49933333333333335,2,0.49933333333333335,0,0
731,1,0,0,1,1,1,1,0,0,0,-1,0,0,-1,0,0.0,1,0.0,0,0
732,169,0,0,13,13,13,13,0,0,0,-13,0,0,-13,0,38.873333333333335,13,38.873333333333335,0,0
733,100,250,250,35,35,-15,-15,625,625,50,15,0,625,15,0,897.5133333333333,10,272.5133333333333,25,25
734,100,0,0,10,10,10,10,0,0,0,-10,0,0,-10,0,22.626666666666665,10,22.626666666666665,0,0
735,121,275,275,36,36,-14,-14,625,625,50,14,0,625,14,0,927.5906666666667,11,302.5906666666667,25,25
736,1,25,21,26,22,-24,-20,625,525,46,24,4,441,20,-4,547.9653333333333,1,22.96533333333332,25,21
737,625,0,0,25,25,25,25,0,0,0,-25,0,0,-25,0,149.58,25,149.58,0,0
738,121,0,0,11,11,11,11,0,0,0,-11,0,0,-11,0,27.502666666666666,11,27.502666666666666,0,0
739,625,0,0,25,25,25,25,0,0,0,-25,0,0,-25,0,149.70666666666668,25,149.70666666666668,0,0
740,1,0,25,1,26,1,-24,0,0,25,-1,-25,625,24,25,12.6,1,12.6,0,25
741,4,0,50,2,27,2,-23,0,0,25,-2,-25,625,23,25,25.4,2,25.4,0,25
742,1,0,12,1,13,1,-11,0,0,12,-1,-12,144,11,12,6.288,1,6.288,0,12
743,49,0,133,7,26,7,-12,0,0,19,-7,-19,361,12,19,77.27466666666666,7,77.27466666666666,0,19
744,1,25,0,26,1,-24,1,625,0,25,24,25,0,-1,-25,12.366666666666667,1,12.366666666666667,25,0
745,625,625,0,50,25,0,25,625,0,25,0,25,0,-25,-25,462.91133333333335,25,462.91133333333335,25,0
746,625,0,0,25,25,25,25,0,0,0,-25,0,0,-25,0,150.16133333333335,25,150.16133333333335,0,0
747,121,0,275,11,36,11,-14,0,0,25,-11,-25,625,14,25,165.06733333333332,11,165.06733333333332,0,25
748,1,0,25,1,26,1,-24,0,0,25,-1,-25,625,24,25,12.316666666666666,1,12.316666666666666,0,25
749,4,0,50,2,27,2,-23,0,0,25,-2,-25,625,23,25,25.474666666666668,2,25.474666666666668,0,25
750,100,0,0,10,10,10,10,0,0,0,-10,0,0,-10,0,22.668666666666667,10,22.668666666666667,0,0
751,121,0,275,11,36,11,-14,0,0,25,-11,-25,625,14,25,166.78066666666666,11,166.78066666666666,0,25
752,1,0,12,1,13,1,-11,0,0,12,-1,-12,144,11,12,5.832,1,5.832,0,12
753,625,0,625,25,50,25,0,0,0,25,-25,-25,625,0,25,464.20933333333335,25,464.20933333333335,0,25
754,100,0,0,10,10,10,10,0,0,0,-10,0,0,-10,0,22.504666666666665,10,22.504666666666665,0,0
755,121,275,0,36,11,-14,11,625,0,25,14,25,0,-11,-25,164.982,11,164.982,25,0
756,1,25,0,26,1,-24,1,625,0,25,24,25,0,-1,-25,12.516666666666667,1,12.516666666666667,25,0
757,625,625,0,50,25,0,25,625,0,25,0,25,0,-25,-25,459.72,25,459.72,25,0
758,100,250,250,35,35,-15,-15,625,625,50,15,0,625,15,0,897.5133333333333,10,272.5133333333333,25,25
759,121,0,0,11,11,11,11,0,0,0,-11,0,0,-11,0,27.644,11,27.644,0,0
760,625,0,0,25,25,25,25,0,0,0,-25,0,0,-25,0,150.136,25,150.136,0,0
761,100,0,250,10,35,10,-15,0,0,25,-10,-25,625,15,25,146.35866666666666,10,146.35866666666666,0,25
762,625,0,0,25,25,25,25,0,0,0,-25,0,0,-25,0,149.712,25,149.712,0,0
763,169,0,0,13,13,13,13,0,0,0,-13,0,0,-13,0,38.948,13,38.948,0,0
764,1,25,25,26,26,-24,-24,625,625,50,24,0,625,24,0,650.0,1,25.0,25,25
765,1,25,0,26,1,-24,1,625,0,25,24,25,0,-1,-25,11.866666666666667,1,11.866666666666667,25,0
766,1,0,0,1,1,1,1,0,0,0,-1,0,0,-1,0,0.0,1,0.0,0,0
767,4,0,0,2,2,2,2,0,0,0,-2,0,0,-2,0,0.49933333333333335,2,0.49933333333333335,0,0
768,1,0,0,1,1,1,1,0,0,0,-1,0,0,-1,0,0.0,1,0.0,0,0
769,169,0,0,13,13,13,13,0,0,0,-13,0,0,-13,0,38.873333333333335,13,38.873333333333335,0,0
770,100,250,250,35,35,-15,-15,625,625,50,15,0,625,15,0,897.5133333333333,10,272.5133333333333,25,25
771,100,0,0,10,10,10,10,0,0,0,-10,0,0,-10,0,22.626666666666665,10,22.626666666666665,0,0
772,121,275,275,36,36,-14,-14,625,625,50,14,0,625,14,0,927.5906666666667,11,302.5906666666667,25,25
773,1,25,21,26,22,-24,-20,625,525,46,24,4,441,20,-4,547.9653333333333,1,22.96533333333332,25,21
774,625,0,0,25,25,25,25,0,0,0,-25,0,0,-25,0,149.58,25,149.58,0,0
775,121,0,0,11,11,11,11,0,0,0,-11,0,0,-11,0,27.502666666666666,11,27.502666666666666,0,0
776,625,0,0,25,25,25,25,0,0,0,-25,0,0,-25,0,149.70666666666668,25,149.70666666666668,0,0
777,1,0,25,1,26,1,-24,0,0,25,-1,-25,625,24,25,12.6,1,12.6,0,25
778,4,0,50,2,27,2,-23,0,0,25,-2,-25,625,23,25,25.4,2,25.4,0,25
779,1,0,12,1,13,1,-11,0,0,12,-1,-12,144,11,12,6.288,1,6.288,0,12
780,49,0,133,7,26,7,-12,0,0,19,-7,-19,361,12,19,77.27466666666666,7,77.27466666666666,0,19
781,1,25,0,26,1,-24,1,625,0,25,24,25,0,-1,-25,12.366666666666667,1,12.366666666666667,25,0
782,625,625,0,50,25,0,25,625,0,25,0,25,0,-25,-25,462.91133333333335,25,462.91133333333335,25,0
783,625,0,0,25,25,25,25,0,0,0,-25,0,0,-25,0,150.16133333333335,25,150.16133333333335,0,0
784,121,0,275,11,36,11,-14,0,0,25,-11,-25,625,14,25,165.06733333333332,11,165.06733333333332,0,25
785,1,0,25,1,26,1,-24,0,0,25,-1,-25,625,24,25,12.316666666666666,1,12.316666666666666,0,25
786,4,0,50,2,27,2,-23,0,0,25,-2,-25,625,23,25,25.474666666666668,2,25.474666666666668,0,25
787,100,0,0,10,10,10,10,0,0,0,-10,0,0,-10,0,22.668666666666667,10,22.668666666666667,0,0
788,121,0,275,11,36,11,-14,0,0,25,-11,-25,625,14,25,166.78066666666666,11,166.78066666666666,0,25
789,1,0,12,1,13,1,-11,0,0,12,-1,-12,144,11,12,5.832,1,5.832,0,12
790,625,0,625,25,50,25,0,0,0,25,-25,-25,625,0,25,464.20933333333335,25,464.20933333333335,0,25
791,100,0,0,10,10,10,10,0,0,0,-10,0,0,-10,0,22.504666666666665,10,22.504666666666665,0,0
792,121,275,0,36,11,-14,11,625,0,25,14,25,0,-11,-25,164.982,11,164.982,25,0
793,1,25,0,26,1,-24,1,625,0,25,24,25,0,-1,-25,12.516666666666667,1,12.516666666666667,25,0
794,625,625,0,50,25,0,25,625,0,25,0,25,0,-25,-25,459.72,25,459.72,25,0
795,100,250,250,35,35,-15,-15,625,625,50,15,0,625,15,0,897.5133333333333,10,272.5133333333333,25,25
796,121,0,0,11,11,11,11,0,0,0,-11,0,0,-11,0,27.644,11,27.644,0,0
797,625,0,0,25,25,25,25,0,0,0,-25,0,0,-25,0,150.136,25,150.136,0,0
798,100,0,250,10,35,10,-15,0,0,25,-10,-25,625,15,25,146.35866666666666,10,146.35866666666666,0,25
799,625,0,0,25,25,25,25,0,0,0,-25,0,0,-25,0,149.712,25,149.712,0,0
800,169,0,0,13,13,13,13,0,0,0,-13,0,0,-13,0,38.948,13,38.948,0,0
801,1,25,25,26,26,-24,-24,625,625,50,24,0,625,24,0,650.0,1,25.0,25,25
802,1,25,0,26,1,-24,1,625,0,25,24,25,0,-1,-25,11.866666666666667,1,11.866666666666667,25,0
803,1,0,0,1,1,1,1,0,0,0,-1,0,0,-1,0,0.0,1,0.0,0,0
804,4,0,0,2,2,2,2,0,0,0,-2,0,0,-2,0,0.49933333333333335,2,0.49933333333333335,0,0
805,1,0,0,1,1,1,1,0,0,0,-1,0,0,-1,0,0.0,1,0.0,0,0
806,169,0,0,13,13,13,13,0,0,0,-13,0,0,-13,0,38.873333333333335,13,38.873333333333335,0,0
807,100,250,250,35,35,-15,-15,625,625,50,15,0,625,15,0,897.5133333333333,10,272.5133333333333,25,25
808,100,0,0,10,10,10,10,0,0,0,-10,0,0,-10,0,22.626666666666665,10,22.626666666666665,0,0
809,121,275,275,36,36,-14,-14,625,625,50,14,0,625,14,0,927.5906666666667,11,302.5906666666667,25,25
810,1,25,21,26,22,-24,-20,625,525,46,24,4,441,20,-4,547.9653333333333,1,22.96533333333332,25,21
811,625,0,0,25,25,25,25,0,0,0,-25,0,0,-25,0,149.58,25,149.58,0,0
812,121,0,0,11,11,11,11,0,0,0,-11,0,0,-11,0,27.502666666666666,11,27.502666666666666,0,0
813,625,0,0,25,25,25,25,0,0,0,-25,0,0,-25,0,149.70666666666668,25,149.70666666666668,0,0
814,1,0,25,1,26,1,-24,0,0,25,-1,-25,625,24,25,12.6,1,12.6,0,25
815,4,0,50,2,27,2,-23,0,0,25,-2,-25,625,23,25,25.4,2,25.4,0,25
816,1,0,12,1,13,1,-11,0,0,12,-1,-12,144,11,12,6.288,1,6.288,0,12
817,49,0,133,7,26,7,-12,0,0,19,-7,-19,361,12,19,77.27466666666666,7,77.27466666666666,0,19
818,1,25,0,26,1,-24,1,625,0,25,24,25,0,-1,-25,12.366666666666667,1,12.366666666666667,25,0
819,625,625,0,50,25,0,25,625,0,25,0,25,0,-25,-25,462.91133333333335,25,462.91133333333335,25,0
820,625,0,0,25,25,25,25,0,0,0,-25,0,0,-25,0,150.16133333333335,25,150.16133333333335,0,0
821,121,0,275,11,36,11,-14,0,0,25,-11,-25,625,14,25,165.06733333333332,11,165.06733333333332,0,25
822,1,0,25,1,26,1,-24,0,0,25,-1,-25,625,24,25,12.316666666666666,1,12.316666666666666,0,25
823,4,0,50,2,27,2,-23,0,0,25,-2,-25,625,23,25,25.474666666666668,2,25.474666666666668,0,25
824,100,0,0,10,10,10,10,0,0,0,-10,0,0,-10,0,22.668666666666667,10,22.668666666666667,0,0
825,121,0,275,11,36,11,-14,0,0,25,-11,-25,625,14,25,166.78066666666666,11,166.78066666666666,0,25
826,1,0,12,1,13,1,-11,0,0,12,-1,-12,144,11,12,5.832,1,5.832,0,12
827,625,0,625,25,50,25,0,0,0,25,-25,-25,625,0,25,464.20933333333335,25,464.20933333333335,0,25
828,100,0,0,10,10,10,10,0,0,0,-10,0,0,-10,0,22.504666666666665,10,22.504666666666665,0,0
829,121,275,0,36,11,-14,11,625,0,25,14,25,0,-11,-25,164.982,11,164.982,25,0
830,1,25,0,26,1,-24,1,625,0,25,24,25,0,-1,-25,12.516666666666667,1,12.516666666666667,25,0
831,625,625,0,50,25,0,25,625,0,25,0,25,0,-25,-25,459.72,25,459.72,25,0
832,100,250,250,35,35,-15,-15,625,625,50,15,0,625,15,0,897.5133333333333,10,272.5133333333333,25,25
833,121,0,0,11,11,11,11,0,0,0,-11,0,0,-11,0,27.644,11,27.644,0,0
834,625,0,0,25,25,25,25,0,0,0,-25,0,0,-25,0,150.136,25,150.136,0,0
835,100,0,250,10,35,10,-15,0,0,25,-10,-25,625,15,25,146.35866666666666,10,146.35866666666666,0,25
836,625,0,0,25,25,25,25,0,0,0,-25,0,0,-25,0,149.712,25,149.712,0,0
837,169,0,0,13,13,13,13,0,0,0,-13,0,0,-13,0,38.948,13,38.948,0,0
838,1,25,25,26,26,-24,-24,625,625,50,24,0,625,24,0,650.0,1,25.0,25,25
839,1,25,0,26,1,-24,1,625,0,25,24,25,0,-1,-25,11.866666666666667,1,11.866666666666667,25,0
840,1,0,0,1,1,1,1,0,0,0,-1,0,0,-1,0,0.0,1,0.0,0,0
841,4,0,0,2,2,2,2,0,0,0,-2,0,0,-2,0,0.49933333333333335,2,0.49933333333333335,0,0
842,1,0,0,1,1,1,1,0,0,0,-1,0,0,-1,0,0.0,1,0.0,0,0
843,169,0,0,13,13,13,13,0,0,0,-13,0,0,-13,0,38.873333333333335,13,38.873333333333335,0,0
844,100,250,250,35,35,-15,-15,625,625,50,15,0,625,15,0,897.5133333333333,10,272.5133333333333,25,25
845,100,0,0,10,10,10,10,0,0,0,-10,0,0,-10,0,22.626666666666665,10,22.626666666666665,0,0
846,121,275,275,36,36,-14,-14,625,625,50,14,0,625,14,0,927.5906666666667,11,302.5906666666667,25,25
847,1,25,21,26,22,-24,-20,625,525,46,24,4,441,20,-4,547.9653333333333,1,22.96533333333332,25,21
848,625,0,0,25,25,25,25,0,0,0,-25,0,0,-25,0,149.58,25,149.58,0,0
849,121,0,0,11,11,11,11,0,0,0,-11,0,0,-11,0,27.502666666666666,11,27.502666666666666,0,0
850,625,0,0,25,25,25,25,0,0,0,-25,0,0,-25,0,149.70666666666668,25,149.70666666666668,0,0
851,1,0,25,1,26,1,-24,0,0,25,-1,-25,625,24,25,12.6,1,12.6,0,25
852,4,0,50,2,27,2,-23,0,0,25,-2,-25,625,23,25,25.4,2,25.4,0,25
853,1,0,12,1,13,1,-11,0,0,12,-1,-12,144,11,12,6.288,1,6.288,0,12
854,49,0,133,7,26,7,-12,0,0,19,-7,-19,361,12,19,77.27466666666666,7,77.27466666666666,0,19
855,1,25,0,26,1,-24,1,625,0,25,24,25,0,-1,-25,12.366666666666667,1,12.366666666666667,25,0
856,625,625,0,50,25,0,25,625,0,25,0,25,0,-25,-25,462.91133333333335,25,462.91133333333335,25,0
857,625,0,0,25,25,25,25,0,0,0,-25,0,0,-25,0,150.16133333333335,25,150.16133333333335,0,0
858,121,0,275,11,36,11,-14,0,0,25,-11,-25,625,14,25,165.06733333333332,11,165.06733333333332,0,25
859,1,0,25,1,26,1,-24,0,0,25,-1,-25,625,24,25,12.316666666666666,1,12.316666666666666,0,25
860,4,0,50,2,27,2,-23,0,0,25,-2,-25,625,23,25,25.474666666666668,2,25.474666666666668,0,25
861,100,0,0,10,10,10,10,0,0,0,-10,0,0,-10,0,22.668666666666667,10,22.668666666666667,0,0
862,121,0,275,11,36,11,-14,0,0,25,-11,-25,625,14,25,166.78066666666666,11,166.78066666666666,0,25
863,1,0,12,1,13,1,-11,0,0,12,-1,-12,144,11,12,5.832,1,5.832,0,12
864,625,0,625,25,50,25,0,0,0,25,-25,-25,625,0,25,464.20933333333335,25,464.20933333333335,0,25
865,100,0,0,10,10,10,10,0,0,0,-10,0,0,-10,0,22.504666666666665,10,22.504666666666665,0,0
866,121,275,0,36,11,-14,11,625,0,25,14,25,0,-11,-25,164.982,11,164.982,25,0
867,1,25,0,26,1,-24,1,625,0,25,24,25,0,-1,-25,12.516666666666667,1,12.516666666666667,25,0
868,625,625,0,50,25,0,25,625,0,25,0,25,0,-25,-25,459.72,25,459.72,25,0
869,100,250,250,35,35,-15,-15,625,625,50,15,0,625,15,0,897.5133333333333,10,272.5133333333333,25,25
870,121,0,0,11,11,11,11,0,0,0,-11,0,0,-11,0,27.644,11,27.644,0,0
871,625,0,0,25,25,25,25,0,0,0,-25,0,0,-25,0,150.136,25,150.136,0,0
872,100,0,250,10,35,10,-15,0,0,25,-10,-25,625,15,25,146.35866666666666,10,146.35866666666666,0,25
873,625,0,0,25,25,25,25,0,0,0,-25,0,0,-25,0,149.712,25,149.712,0,0
874,169,0,0,13,13,13,13,0,0,0,-13,0,0,-13,0,38.948,13,38.948,0,0
875,1,25,25,26,26,-24,-24,625,625,50,24,0,625,24,0,650.0,1,25.0,25,25
876,1,25,0,26,1,-24,1,625,0,25,24,25,0,-1,-25,11.866666666666667,1,11.866666666666667,25,0
877,1,0,0,1,1,1,1,0,0,0,-1,0,0,-1,0,0.0,1,0.0,0,0
878,4,0,0,2,2,2,2,0,0,0,-2,0,0,-2,0,0.49933333333333335,2,0.49933333333333335,0,0
879,1,0,0,1,1,1,1,0,0,0,-1,0,0,-1,0,0.0,1,0.0,0,0
880,169,0,0,13,13,13,13,0,0,0,-13,0,0,-13,0,38.873333333333335,13,38.873333333333335,0,0
881,100,250,250,35,35,-15,-15,625,625,50,15,0,625,15,0,897.5133333333333,10,272.5133333333333,25,25
882,100,0,0,10,10,10,10,0,0,0,-10,0,0,-10,0,22.626666666666665,10,22.626666666666665,0,0
883,121,275,275,36,36,-14,-14,625,625,50,14,0,625,14,0,927.5906666666667,11,302.5906666666667,25,25
884,1,25,21,26,22,-24,-20,625,525,46,24,4,441,20,-4,547.9653333333333,1,22.96533333333332,25,21
885,625,0,0,25,25,25,25,0,0,0,-25,0,0,-25,0,149.58,25,149.58,0,0
886,121,0,0,11,11,11,11,0,0,0,-11,0,0,-11,0,27.502666666666666,11,27.502666666666666,0,0
887,625,0,0,25,25,25,25,0,0,0,-25,0,0,-25,0,149.70666666666668,25,149.70666666666668,0,0
888,1,0,25,1,26,1,-24,0,0,25,-1,-25,625,24,25,12.6,1,12.6,0,25
889,4,0,50,2,27,2,-23,0,0,25,-2,-25,625,23,25,25.4,2,25.4,0,25
890,1,0,12,1,13,1,-11,0,0,12,-1,-12,144,11,12,6.288,1,6.288,0,12
891,49,0,133,7,26,7,-12,0,0,19,-7,-19,361,12,19,77.27466666666666,7,77.27466666666666,0,19
892,1,25,0,26,1,-24,1,625,0,25,24,25,0,-1,-25,12.366666666666667,1,12.366666666666667,25,0
893,625,625,0,50,25,0,25,625,0,25,0,25,0,-25,-25,462.91133333333335,25,462.91133333333335,25,0
894,625,0,0,25,25,25,25,0,0,0,-25,0,0,-25,0,150.16133333333335,25,150.16133333333335,0,0
895,121,0,275,11,36,11,-14,0,0,25,-11,-25,625,14,25,165.06733333333332,11,165.06733333333332,0,25
896,1,0,25,1,26,1,-24,0,0,25,-1,-25,625,24,25,12.316666666666666,1,12.316666666666666,0,25
897,4,0,50,2,27,2,-23,0,0,25,-2,-25,625,23,25,25.474666666666668,2,25.474666666666668,0,25
898,100,0,0,10,10,10,10,0,0,0,-10,0,0,-10,0,22.668666666666667,10,22.668666666666667,0,0
899,121,0,275,11,36,11,-14,0,0,25,-11,-25,625,14,25,166.78066666666666,11,166.78066666666666,0,25
900,1,0,12,1,13,1,-11,0,0,12,-1,-12,144,11,12,5.832,1,5.832,0,12
901,625,0,625,25,50,25,0,0,0,25,-25,-25,625,0,25,464.20933333333335,25,464.20933333333335,0,25
902,100,0,0,10,10,10,10,0,0,0,-10,0,0,-10,0,22.504666666666665,10,22.504666666666665,0,0
903,121,275,0,36,11,-14,11,625,0,25,14,25,0,-11,-25,164.982,11,164.982,25,0
904,1,25,0,26,1,-24,1,625,0,25,24,25,0,-1,-25,12.516666666666667,1,12.516666666666667,25,0
905,625,625,0,50,25,0,25,625,0,25,0,25,0,-25,-25,459.72,25,459.72,25,0
906,100,250,250,35,35,-15,-15,625,625,50,15,0,625,15,0,897.5133333333333,10,272.5133333333333,25,25
907,121,0,0,11,11,11,11,0,0,0,-11,0,0,-11,0,27.644,11,27.644,0,0
908,625,0,0,25,25,25,25,0,0,0,-25,0,0,-25,0,150.136,25,150.136,0,0
909,100,0,250,10,35,10,-15,0,0,25,-10,-25,625,15,25,146.35866666666666,10,146.35866666666666,0,25
910,625,0,0,25,25,25,25,0,0,0,-25,0,0,-25,0,149.712,25,149.712,0,0
911,169,0,0,13,13,13,13,0,0,0,-13,0,0,-13,0,38.948,13,38.948,0,0
912,1,25,25,26,26,-24,-24,625,625,50,24,0,625,24,0,650.0,1,25.0,25,25
913,1,25,0,26,1,-24,1,625,0,25,24,25,0,-1,-25,11.866666666666667,1,11.866666666666667,25,0
914,1,0,0,1,1,1,1,0,0,0,-1,0,0,-1,0,0.0,1,0.0,0,0
915,4,0,0,2,2,2,2,0,0,0,-2,0,0,-2,0,0.49933333333333335,2,0.49933333333333335,0,0
916,1,0,0,1,1,1,1,0,0,0,-1,0,0,-1,0,0.0,1,0.0,0,0
917,169,0,0,13,13,13,13,0,0,0,-13,0,0,-13,0,38.873333333333335,13,38.873333333333335,0,0
918,100,250,250,35,35,-15,-15,625,625,50,15,0,625,15,0,897.5133333333333,10,272.5133333333333,25,25
919,100,0,0,10,10,10,10,0,0,0,-10,0,0,-10,0,22.626666666666665,10,22.626666666666665,0,0
920,121,275,275,36,36,-14,-14,625,625,50,14,0,625,14,0,927.5906666666667,11,302.5906666666667,25,25
921,1,25,21,26,22,-24,-20,625,525,46,24,4,441,20,-4,547.9653333333333,1,22.96533333333332,25,21
922,625,0,0,25,25,25,25,0,0,0,-25,0,0,-25,0,149.58,25,149.58,0,0
923,121,0,0,11,11,11,11,0,0,0,-11,0,0,-11,0,27.502666666666666,11,27.502666666666666,0,0
924,625,0,0,25,25,25,25,0,0,0,-25,0,0,-25,0,149.70666666666668,25,149.70666666666668,0,0
925,1,0,25,1,26,1,-24,0,0,25,-1,-25,625,24,25,12.6,1,12.6,0,25
926,4,0,50,2,27,2,-23,0,0,25,-2,-25,625,23,25,25.4,2,25.4,0,25
927,1,0,12,1,13,1,-11,0,0,12,-1,-12,144,11,12,6.288,1,6.288,0,12
928,49,0,133,7,26,7,-12,0,0,19,-7,-19,361,12,19,77.27466666666666,7,77.27466666666666,0,19
929,1,25,0,26,1,-24,1,625,0,25,24,25,0,-1,-25,12.366666666666667,1,12.366666666666667,25,0
930,625,625,0,50,25,0,25,625,0,25,0,25,0,-25,-25,462.91133333333335,25,462.91133333333335,25,0
931,625,0,0,25,25,25,25,0,0,0,-25,0,0,-25,0,150.16133333333335,25,150.16133333333335,0,0
932,121,0,275,11,36,11,-14,0,0,25,-11,-25,625,14,25,165.06733333333332,11,165.06733333333332,0,25
933,1,0,25,1,26,1,-24,0,0,25,-1,-25,625,24,25,12.316666666666666,1,12.316666666666666,0,25
934,4,0,50,2,27,2,-23,0,0,25,-2,-25,625,23,25,25.474666666666668,2,25.474666666666668,0,25
935,100,0,0,10,10,10,10,0,0,0,-10,0,0,-10,0,22.668666666666667,10,22.668666666666667,0,0
936,121,0,275,11,36,11,-14,0,0,25,-11,-25,625,14,25,166.78066666666666,11,166.78066666666666,0,25
937,1,0,12,1,13,1,-11,0,0,12,-1,-12,144,11,12,5.832,1,5.832,0,12
938,625,0,625,25,50,25,0,0,0,25,-25,-25,625,0,25,464.20933333333335,25,464.20933333333335,0,25
939,100,0,0,10,10,10,10,0,0,0,-10,0,0,-10,0,22.504666666666665,10,22.504666666666665,0,0
940,121,275,0,36,11,-14,11,625,0,25,14,25,0,-11,-25,164.982,11,164.982,25,0
941,1,25,0,26,1,-24,1,625,0,25,24,25,0,-1,-25,12.516666666666667,1,12.516666666666667,25,0
942,625,625,0,50,25,0,25,625,0,25,0,25,0,-25,-25,459.72,25,459.72,25,0
943,100,250,250,35,35,-15,-15,625,625,50,15,0,625,15,0,897.5133333333333,10,272.5133333333333,25,25
944,121,0,0,11,11,11,11,0,0,0,-11,0,0,-11,0,27.644,11,27.644,0,0
945,625,0,0,25,25,25,25,0,0,0,-25,0,0,-25,0,150.136,25,150.136,0,0
946,100,0,250,10,35,10,-15,0,0,25,-10,-25,625,15,25,146.35866666666666,10,146.35866666666666,0,25
947,625,0,0,25,25,25,25,0,0,0,-25,0,0,-25,0,149.712,25,149.712,0,0
948,169,0,0,13,13,13,13,0,0,0,-13,0,0,-13,0,38.948,13,38.948,0,0
949,1,25,25,26,26,-24,-24,625,625,50,24,0,625,24,0,650.0,1,25.0,25,25
950,1,25,0,26,1,-24,1,625,0,25,24,25,0,-1,-25,11.866666666666667,1,11.866666666666667,25,0
951,1,0,0,1,1,1,1,0,0,0,-1,0,0,-1,0,0.0,1,0.0,0,0
952,4,0,0,2,2,2,2,0,0,0,-2,0,0,-2,0,0.49933333333333335,2,0.49933333333333335,0,0
953,1,0,0,1,1,1,1,0,0,0,-1,0,0,-1,0,0.0,1,0.0,0,0
954,169,0,0,13,13,13,13,0,0,0,-13,0,0,-13,0,38.873333333333335,13,38.873333333333335,0,0
955,100,250,250,35,35,-15,-15,625,625,50,15,0,625,15,0,897.5133333333333,10,272.5133333333333,25,25
956,100,0,0,10,10,10,10,0,0,0,-10,0,0,-10,0,22.626666666666665,10,22.626666666666665,0,0
957,121,275,275,36,36,-14,-14,625,625,50,14,0,625,14,0,927.5906666666667,11,302.5906666666667,25,25
958,1,25,21,26,22,-24,-20,625,525,46,24,4,441,20,-4,547.9653333333333,1,22.96533333333332,25,21
959,625,0,0,25,25,25,25,0,0,0,-25,0,0,-25,0,149.58,25,149.58,0,0
960,121,0,0,11,11,11,11,0,0,0,-11,0,0,-11,0,27.502666666666666,11,27.502666666666666,0,0
961,625,0,0,25,25,25,25,0,0,0,-25,0,0,-25,0,149.70666666666668,25,149.70666666666668,0,0
962,1,0,25,1,26,1,-24,0,0,25,-1,-25,625,24,25,12.6,1,12.6,0,25
963,4,0,50,2,27,2,-23,0,0,25,-2,-25,625,23,25,25.4,2,25.4,0,25
964,1,0,12,1,13,1,-11,0,0,12,-1,-12,144,11,12,6.288,1,6.288,0,12
965,49,0,133,7,26,7,-12,0,0,19,-7,-19,361,12,19,77.27466666666666,7,77.27466666666666,0,19
966,1,25,0,26,1,-24,1,625,0,25,24,25,0,-1,-25,12.366666666666667,1,12.366666666666667,25,0
967,625,625,0,50,25,0,25,625,0,25,0,25,0,-25,-25,462.91133333333335,25,462.91133333333335,25,0
968,625,0,0,25,25,25,25,0,0,0,-25,0,0,-25,0,150.16133333333335,25,150.16133333333335,0,0
969,121,0,275,11,36,11,-14,0,0,25,-11,-25,625,14,25,165.06733333333332,11,165.06733333333332,0,25
970,1,0,25,1,26,1,-24,0,0,25,-1,-25,625,24,25,12.316666666666666,1,12.316666666666666,0,25
971,4,0,50,2,27,2,-23,0,0,25,-2,-25,625,23,25,25.474666666666668,2,25.474666666666668,0,25
972,100,0,0,10,10,10,10,0,0,0,-10,0,0,-10,0,22.668666666666667,10,22.668666666666667,0,0
973,121,0,275,11,36,11,-14,0,0,25,-11,-25,625,14,25,166.78066666666666,11,166.78066666666666,0,25
974,1,0,12,1,13,1,-11,0,0,12,-1,-12,144,11,12,5.832,1,5.832,0,12
975,625,0,625,25,50,25,0,0,0,25,-25,-25,625,0,25,464.20933333333335,25,464.20933333333335,0,25
976,100,0,0,10,10,10,10,0,0,0,-10,0,0,-10,0,22.504666666666665,10,22.504666666666665,0,0
977,121,275,0,36,11,-14,11,625,0,25,14,25,0,-11,-25,164.982,11,164.982,25,0
978,1,25,0,26,1,-24,1,625,0,25,24,25,0,-1,-25,12.516666666666667,1,12.516666666666667,25,0
979,625,625,0,50,25,0,25,625,0,25,0,25,0,-25,-25,459.72,25,459.72,25,0
980,100,250,250,35,35,-15,-15,625,625,50,15,0,625,15,0,897.5133333333333,10,272.5133333333333,25,25
981,121,0,0,11,11,11,11,0,0,0,-11,0,0,-11,0,27.644,11,27.644,0,0
982,625,0,0,25,25,25,25,0,0,0,-25,0,0,-25,0,150.136,25,150.136,0,0
983,100,0,250,10,35,10,-15,0,0,25,-10,-25,625,15,25,146.35866666666666,10,146.35866666666666,0,25
984,625,0,0,25,25,25,25,0,0,0,-25,0,0,-25,0,149.712,25,149.712,0,0
985,169,0,0,13,13,13,13,0,0,0,-13,0,0,-13,0,38.948,13,38.948,0,0
986,1,25,25,26,26,-24,-24,625,625,50,24,0,625,24,0,650.0,1,25.0,25,25
987,1,25,0,26,1,-24,1,625,0,25,24,25,0,-1,-25,11.866666666666667,1,11.866666666666667,25,0
988,1,0,0,1,1,1,1,0,0,0,-1,0,0,-1,0,0.0,1,0.0,0,0
989,4,0,0,2,2,2,2,0,0,0,-2,0,0,-2,0,0.49933333333333335,2,0.49933333333333335,0,0
990,1,0,0,1,1,1,1,0,0,0,-1,0,0,-1,0,0.0,1,0.0,0,0
991,169,0,0,13,13,13,13,0,0,0,-13,0,0,-13,0,38.873333333333335,13,38.873333333333335,0,0
992,100,250,250,35,35,-15,-15,625,625,50,15,0,625,15,0,897.5133333333333,10,272.5133333333333,25,25
993,100,0,0,10,10,10,10,0,0,0,-10,0,0,-10,0,22.626666666666665,10,22.626666666666665,0,0
994,121,275,275,36,36,-14,-14,625,625,50,14,0,625,14,0,927.5906666666667,11,302.5906666666667,25,25
995,1,25,21,26,22,-24,-20,625,525,46,24,4,441,20,-4,547.9653333333333,1,22.96533333333332,25,21
996,625,0,0,25,25,25,25,0,0,0,-25,0,0,-25,0,149.58,25,149.58,0,0
997,121,0,0,11,11,11,11,0,0,0,-11,0,0,-11,0,27.502666666666666,11,27.502666666666666,0,0
998,625,0,0,25,25,25,25,0,0,0,-25,0,0,-25,0,149.70666666666668,25,149.70666666666668,0,0
999,1,0,25,1,26,1,-24,0,0,25,-1,-25,625,24,25,12.6,1,12.6,0,25
1000,4,0,50,2,27,2,-23,0,0,25,-2,-25,625,23,25,25.4,2,25.4,0,25
1001,1,0,12,1,13,1,-11,0,0,12,-1,-12,144,11,12,6.288,1,6.288,0,12
1002,49,0,133,7,26,7,-12,0,0,19,-7,-19,361,12,19,77.27466666666666,7,77.27466666666666,0,19
1003,1,25,0,26,1,-24,1,625,0,25,24,25,0,-1,-25,12.366666666666667,1,12.366666666666667,25,0
1004,625,625,0,50,25,0,25,625,0,25,0,25,0,-25,-25,462.91133333333335,25,462.91133333333335,25,0
1005,625,0,0,25,25,25,25,0,0,0,-25,0,0,-25,0,150.16133333333335,25,150.16133333333335,0,0
1006,121,0,275,11,36,11,-14,0,0,25,-11,-25,625,14,25,165.06733333333332,11,165.06733333333332,0,25
1007,1,0,25,1,26,1,-24,0,0,25,-1,-25,625,24,25,12.316666666666666,1,12.316666666666666,0,25
1008,4,0,50,2,27,2,-23,0,0,25,-2,-25,625,23,25,25.474666666666668,2,25.474666666666668,0,25
1009,100,0,0,10,10,10,10,0,0,0,-10,0,0,-10,0,22.668666666666667,10,22.668666666666667,0,0
1010,121,0,275,11,36,11,-14,0,0,25,-11,-25,625,14,25,166.78066666666666,11,166.78066666666666,0,25
1011,1,0,12,1,13,1,-11,0,0,12,-1,-12,144,11,12,5.832,1,5.832,0,12
1012,625,0,625,25,50,25,0,0,0,25,-25,-25,625,0,25,464.20933333333335,25,464.20933333333335,0,25
1013,100,0,0,10,10,10,10,0,0,0,-10,0,0,-10,0,22.504666666666665,10,22.504666666666665,0,0
1014,121,275,0,36,11,-14,11,625,0,25,14,25,0,-11,-25,164.982,11,164.982,25,0
1015,1,25,0,26,1,-24,1,625,0,25,24,25,0,-1,-25,12.516666666666667,1,12.516666666666667,25,0
1016,625,625,0,50,25,0,25,625,0,25,0,25,0,-25,-25,459.72,25,459.72,25,0
1017,100,250,250,35,35,-15,-15,625,625,50,15,0,625,15,0,897.5133333333333,10,272.5133333333333,25,25
1018,121,0,0,11,11,11,11,0,0,0,-11,0,0,-11,0,27.644,11,27.644,0,0
1019,625,0,0,25,25,25,25,0,0,0,-25,0,0,-25,0,150.136,25,150.136,0,0
1020,100,0,250,10,35,10,-15,0,0,25,-10,-25,625,15,25,146.35866666666666,10,146.35866666666666,0,25
1021,625,0,0,25,25,25,25,0,0,0,-25,0,0,-25,0,149.712,25,149.712,0,0
1022,169,0,0,13,13,13,13,0,0,0,-13,0,0,-13,0,38.948,13,38.948,0,0
1023,1,25,25,26,26,-24,-24,625,625,50,24,0,625,24,0,650.0,1,25.0,25,25
1024,1,25,0,26,1,-24,1,625,0,25,24,25,0,-1,-25,11.866666666666667,1,11.866666666666667,25,0
1025,1,0,0,1,1,1,1,0,0,0,-1,0,0,-1,0,0.0,1,0.0,0,0
1026,4,0,0,2,2,2,2,0,0,0,-2,0,0,-2,0,0.49933333333333335,2,0.49933333333333335,0,0
1027,1,0,0,1,1,1,1,0,0,0,-1,0,0,-1,0,0.0,1,0.0,0,0
1028,169,0,0,13,13,13,13,0,0,0,-13,0,0,-13,0,38.873333333333335,13,38.873333333333335,0,0
1029,100,250,250,35,35,-15,-15,625,625,50,15,0,625,15,0,897.5133333333333,10,272.5133333333333,25,25
1030,100,0,0,10,10,10,10,0,0,0,-10,0,0,-10,0,22.626666666666665,10,22.626666666666665,0,0
1031,121,275,275,36,36,-14,-14,625,625,50,14,0,625,14,0,927.5906666666667,11,302.5906666666667,25,25
1032,1,25,21,26,22,-24,-20,625,525,46,24,4,441,20,-4,547.9653333333333,1,22.96533333333332,25,21
1033,625,0,0,25,25,25,25,0,0,0,-25,0,0,-25,0,149.58,25,149.58,0,0
1034,121,0,0,11,11,11,11,0,0,0,-11,0,0,-11,0,27.502666666666666,11,27.502666666666666,0,0
1035,625,0,0,25,25,25,25,0,0,0,-25,0,0,-25,0,149.70666666666668,25,149.70666666666668,0,0
1036,1,0,25,1,26,1,-24,0,0,25,-1,-25,625,24,25,12.6,1,12.6,0,25
1037,4,0,50,2,27,2,-23,0,0,25,-2,-25,625,23,25,25.4,2,25.4,0,25
1038,1,0,12,1,13,1,-11,0,0,12,-1,-12,144,11,12,6.288,1,6.288,0,12
1039,49,0,133,7,26,7,-12,0,0,19,-7,-19,361,12,19,77.27466666666666,7,77.27466666666666,0,19
1040,1,25,0,26,1,-24,1,625,0,25,24,25,0,-1,-25,12.366666666666667,1,12.366666666666667,25,0
1041,625,625,0,50,25,0,25,625,0,25,0,25,0,-25,-25,462.91133333333335,25,462.91133333333335,25,0
1042,625,0,0,25,25,25,25,0,0,0,-25,0,0,-25,0,150.16133333333335,25,150.16133333333335,0,0
1043,121,0,275,11,36,11,-14,0,0,25,-11,-25,625,14,25,165.06733333333332,11,165.06733333333332,0,25
1044,1,0,25,1,26,1,-24,0,0,25,-1,-25,625,24,25,12.316666666666666,1,12.316666666666666,0,25
1045,4,0,50,2,27,2,-23,0,0,25,-2,-25,625,23,25,25.474666666666668,2,25.474666666666668,0,25
1046,100,0,0,10,10,10,10,0,0,0,-10,0,0,-10,0,22.668666666666667,10,22.668666666666667,0,0
1047,121,0,275,11,36,11,-14,0,0,25,-11,-25,625,14,25,166.78066666666666,11,166.78066666666666,0,25
1048,1,0,12,1,13,1,-11,0,0,12,-1,-12,144,11,12,5.832,1,5.832,0,12
1049,625,0,625,25,50,25,0,0,0,25,-25,-25,625,0,25,464.20933333333335,25,464.20933333333335,0,25
1050,100,0,0,10,10,10,10,0,0,0,-10,0,0,-10,0,22.504666666666665,10,22.504666666666665,0,0
1051,121,275,0,36,11,-14,11,625,0,25,14,25,0,-11,-25,164.982,11,164.982,25,0
1052,1,25,0,26,1,-24,1,625,0,25,24,25,0,-1,-25,12.516666666666667,1,12.516666666666667,25,0
1053,625,625,0,50,25,0,25,625,0,25,0,25,0,-25,-25,459.72,25,459.72,25,0
1054,100,250,250,35,35,-15,-15,625,625,50,15,0,625,15,0,897.5133333333333,10,272.5133333333333,25,25
1055,121,0,0,11,11,11,11,0,0,0,-11,0,0,-11,0,27.644,11,27.644,0,0
1056,625,0,0,25,25,25,25,0,0,0,-25,0,0,-25,0,150.136,25,150.136,0,0
1057,100,0,250,10,35,10,-15,0,0,25,-10,-25,625,15,25,146.35866666666666,10,146.35866666666666,0,25
1058,625,0,0,25,25,25,25,0,0,0,-25,0,0,-25,0,149.712,25,149.712,0,0
1059,169,0,0,13,13,13,13,0,0,0,-13,0,0,-13,0,38.948,13,38.948,0,0
1060,1,25,25,26,26,-24,-24,625,625,50,24,0,625,24,0,650.0,1,25.0,25,25
1061,1,25,0,26,1,-24,1,625,0,25,24,25,0,-1,-25,11.866666666666667,1,11.866666666666667,25,0
1062,1,0,0,1,1,1,1,0,0,0,-1,0,0,-1,0,0.0,1,0.0,0,0
1063,4,0,0,2,2,2,2,0,0,0,-2,0,0,-2,0,0.49933333333333335,2,0.49933333333333335,0,0
1064,1,0,0,1,1,1,1,0,0,0,-1,0,0,-1,0,0.0,1,0.0,0,0
1065,169,0,0,13,13,13,13,0,0,0,-13,0,0,-13,0,38.873333333333335,13,38.873333333333335,0,0
1066,100,250,250,35,35,-15,-15,625,625,50,15,0,625,15,0,897.5133333333333,10,272.5133333333333,25,25
1067,100,0,0,10,10,10,10,0,0,0,-10,0,0,-10,0,22.626666666666665,10,22.626666666666665,0,0
1068,121,275,275,36,36,-14,-14,625,625,50,14,0,625,14,0,927.5906666666667,11,302.5906666666667,25,25
1069,1,25,21,26,22,-24,-20,625,525,46,24,4,441,20,-4,547.9653333333333,1,22.96533333333332,25,21
1070,625,0,0,25,25,25,25,0,0,0,-25,0,0,-25,0,149.58,25,149.58,0,0
1071,121,0,0,11,11,11,11,0,0,0,-11,0,0,-11,0,27.502666666666666,11,27.502666666666666,0,0
1072,625,0,0,25,25,25,25,0,0,0,-25,0,0,-25,0,149.70666666666668,25,149.70666666666668,0,0
1073,1,0,25,1,26,1,-24,0,0,25,-1,-25,625,24,25,12.6,1,12.6,0,25
1074,4,0,50,2,27,2,-23,0,0,25,-2,-25,625,23,25,25.4,2,25.4,0,25
1075,1,0,12,1,13,1,-11,0,0,12,-1,-12,144,11,12,6.288,1,6.288,0,12
1076,49,0,133,7,26,7,-12,0,0,19,-7,-19,361,12,19,77.27466666666666,7,77.27466666666666,0,19
1077,1,25,0,26,1,-24,1,625,0,25,24,25,0,-1,-25,12.366666666666667,1,12.366666666666667,25,0
1078,625,625,0,50,25,0,25,625,0,25,0,25,0,-25,-25,462.91133333333335,25,462.91133333333335,25,0
1079,625,0,0,25,25,25,25,0,0,0,-25,0,0,-25,0,150.16133333333335,25,150.16133333333335,0,0
1080,121,0,275,11,36,11,-14,0,0,25,-11,-25,625,14,25,165.06733333333332,11,165.06733333333332,0,25
1081,1,0,25,1,26,1,-24,0,0,25,-1,-25,625,24,25,12.316666666666666,1,12.316666666666666,0,25
1082,4,0,50,2,27,2,-23,0,0,25,-2,-25,625,23,25,25.474666666666668,2,25.474666666666668,0,25
1083,100,0,0,10,10,10,10,0,0,0,-10,0,0,-10,0,22.668666666666667,10,22.668666666666667,0,0
1084,121,0,275,11,36,11,-14,0,0,25,-11,-25,625,14,25,166.78066666666666,11,166.78066666666666,0,25
1085,1,0,12,1,13,1,-11,0,0,12,-1,-12,144,11,12,5.832,1,5.832,0,12
1086,625,0,625,25,50,25,0,0,0,25,-25,-25,625,0,25,464.20933333333335,25,464.20933333333335,0,25
1087,100,0,0,10,10,10,10,0,0,0,-10,0,0,-10,0,22.504666666666665,10,22.504666666666665,0,0
1088,121,275,0,36,11,-14,11,625,0,25,14,25,0,-11,-25,164.982,11,164.982,25,0
1089,1,25,0,26,1,-24,1,625,0,25,24,25,0,-1,-25,12.516666666666667,1,12.516666666666667,25,0
1090,625,625,0,50,25,0,25,625,0,25,0,25,0,-25,-25,459.72,25,459.72,25,0
1091,100,250,250,35,35,-15,-15,625,625,50,15,0,625,15,0,897.5133333333333,10,272.5133333333333,25,25
1092,121,0,0,11,11,11,11,0,0,0,-11,0,0,-11,0,27.644,11,27.644,0,0
1093,625,0,0,25,25,25,25,0,0,0,-25,0,0,-25,0,150.136,25,150.136,0,0
1094,100,0,250,10,35,10,-15,0,0,25,-10,-25,625,15,25,146.35866666666666,10,146.35866666666666,0,25
1095,625,0,0,25,25,25,25,0,0,0,-25,0,0,-25,0,149.712,25,149.712,0,0
1096,169,0,0,13,13,13,13,0,0,0,-13,0,0,-13,0,38.948,13,38.948,0,0
1097,1,25,25,26,26,-24,-24,625,625,50,24,0,625,24,0,650.0,1,25.0,25,25
1098,1,25,0,26,1,-24,1,625,0,25,24,25,0,-1,-25,11.866666666666667,1,11.866666666666667,25,0
1099,1,0,0,1,1,1,1,0,0,0,-1,0,0,-1,0,0.0,1,0.0,0,0
1100,4,0,0,2,2,2,2,0,0,0,-2,0,0,-2,0,0.49933333333333335,2,0.49933333333333335,0,0
1101,1,0,0,1,1,1,1,0,0,0,-1,0,0,-1,0,0.0,1,0.0,0,0
1102,169,0,0,13,13,13,13,0,0,0,-13,0,0,-13,0,38.873333333333335,13,38.873333333333335,0,0
1103,100,250,250,35,35,-15,-15,625,625,50,15,0,625,15,0,897.5133333333333,10,272.5133333333333,25,25
1104,100,0,0,10,10,10,10,0,0,0,-10,0,0,-10,0,22.626666666666665,10,22.626666666666665,0,0
1105,121,275,275,36,36,-14,-14,625,625,50,14,0,625,14,0,927.5906666666667,11,302.5906666666667,25,25
1106,1,25,21,26,22,-24,-20,625,525,46,24,4,441,20,-4,547.9653333333333,1,22.96533333333332,25,21
1107,625,0,0,25,25,25,25,0,0,0,-25,0,0,-25,0,149.58,25,149.58,0,0
1108,121,0,0,11,11,11,11,0,0,0,-11,0,0,-11,0,27.502666666666666,11,27.502666666666666,0,0
1109,625,0,0,25,25,25,25,0,0,0,-25,0,0,-25,0,149.70666666666668,25,149.70666666666668,0,0
0,400,180,0,29,20,11,20,81,0,9,-11,9,0,-20,-9,186.26,20,186.26,9,0
1,64,40,136,13,25,3,-9,25,85,22,-3,-12,289,9,12,187.668,8,102.668,5,17
2,9,12,54,7,21,-1,-15,16,72,22,1,-14,324,15,14,105.988,3,33.988,4,18
3,4,12,30,8,17,-4,-13,36,90,21,4,-9,225,13,9,111.34,2,21.340000000000003,6,15
4,49,112,56,23,15,-9,-1,256,128,24,9,8,64,1,-8,222.832,7,94.832,16,8
5,289,204,255,29,32,5,2,144,180,27,-5,-3,225,-2,3,477.598,17,297.598,12,15
6,64,112,88,22,19,-6,-3,196,154,25,6,3,121,3,-3,267.816,8,113.81599999999997,14,11
7,256,128,224,24,30,8,2,64,112,22,-8,-6,196,-2,6,348.364,16,236.36399999999998,8,14
8,361,285,380,34,39,4,-1,225,300,35,-4,-5,400,1,5,718.676,19,418.67600000000004,15,20
9,361,361,247,38,32,0,6,361,247,32,0,6,169,-6,-6,636.812,19,389.812,19,13
10,324,36,144,20,26,16,10,4,16,10,-16,-6,64,-10,6,182.888,18,166.888,2,8
11,49,28,91,11,20,3,-6,16,52,17,-3,-9,169,6,9,121.336,7,69.336,4,13
12,144,96,24,20,14,4,10,64,16,10,-4,6,4,-10,-6,109.118,12,93.118,8,2
13,4,28,12,16,8,-12,-4,196,84,20,12,8,36,4,-8,104.886,2,20.885999999999996,14,6
14,289,187,136,28,25,6,9,121,88,19,-6,3,64,-9,-3,317.73,17,229.73000000000002,11,8
15,1,7,16,8,17,-6,-15,49,112,23,6,-9,256,15,9,123.518,1,11.518,7,16
16,361,152,152,27,27,11,11,64,64,16,-11,0,64,-11,0,302.284,19,238.284,8,8
17,324,108,288,24,34,12,2,36,96,22,-12,-10,256,-2,10,371.336,18,275.336,6,16
18,16,8,8,6,6,2,2,4,4,4,-2,0,4,-2,0,15.1,4,11.1,2,2
19,256,176,272,27,33,5,-1,121,187,28,-5,-6,289,1,6,470.908,16,283.908,11,17
20,196,98,56,21,18,7,10,49,28,11,-7,3,16,-10,-3,150.432,14,122.43199999999999,7,4
21,81,72,90,17,19,1,-1,64,80,18,-1,-2,100,1,2,179.032,9,99.03200000000001,8,10
22,4,12,32,8,18,-4,-14,36,96,22,4,-10,256,14,10,118.586,2,22.586,6,16
23,4,34,40,19,22,-15,-18,289,340,37,15,-3,400,18,3,377.6,2,37.60000000000002,17,20
24,361,171,95,28,24,10,14,81,45,14,-10,4,25,-14,-4,263.624,19,218.62400000000002,9,5
25,144,240,144,32,24,-8,0,400,240,32,8,8,144,0,-8,465.392,12,225.392,20,12
26,324,270,270,33,33,3,3,225,225,30,-3,0,225,-3,0,571.352,18,346.352,15,15
27,16,24,76,10,23,-2,-15,36,114,25,2,-13,361,15,13,166.424,4,52.42400000000001,6,19
28,36,48,24,14,10,-2,2,64,32,12,2,4,16,-2,-4,75.174,6,43.17400000000001,8,4
29,49,49,42,14,13,0,1,49,42,13,0,1,36,-1,-1,97.878,7,55.878,7,6
30,4,0,0,2,2,2,2,0,0,0,-2,0,0,-2,0,0.518,2,0.518,0,0
31,196,154,168,25,26,3,2,121,132,23,-3,-1,144,-2,1,338.244,14,206.24400000000003,11,12
32,64,0,56,8,15,8,1,0,0,7,-8,-7,49,-1,7,41.672,8,41.672,0,7
33,144,216,132,30,23,-6,1,324,198,29,6,7,121,-1,-7,404.168,12,206.168,18,11
34,9,48,57,19,22,-13,-16,256,304,35,13,-3,361,16,3,358.126,3,54.125999999999976,16,19
35,196,126,98,23,21,5,7,81,63,16,-5,2,49,-7,-2,220.306,14,157.306,9,7
36,64,160,48,28,14,-12,2,400,120,26,12,14,36,-2,-14,239.064,8,119.064,20,6
37,324,18,108,19,24,17,12,1,6,7,-17,-5,36,-12,5,145.576,18,139.576,1,6
38,121,44,11,15,12,7,10,16,4,5,-7,3,1,-10,-3,58.404,11,54.404,4,1
39,121,165,99,26,20,-4,2,225,135,24,4,6,81,-2,-6,294.172,11,159.17200000000003,15,9
40,144,204,96,29,20,-5,4,289,136,25,5,9,64,-4,-9,320.296,12,184.296,17,8
41,400,380,80,39,24,1,16,361,76,23,-1,15,16,-16,-15,400.232,20,324.232,19,4
42,100,90,40,19,14,1,6,81,36,13,-1,5,16,-6,-5,123.468,10,87.468,9,4
43,100,190,110,29,21,-9,-1,361,209,30,9,8,121,1,-8,382.102,10,173.10199999999998,19,11
44,256,272,176,33,27,-1,5,289,187,28,1,6,121,-5,-6,470.676,16,283.676,17,11
45,1,0,19,1,20,1,-18,0,0,19,-1,-19,361,18,19,9.652,1,9.652,0,19
46,9,39,51,16,20,-10,-14,169,221,30,10,-4,289,14,4,267.6,3,46.60000000000002,13,17
0,1,0,25,1,26,1,-24,0,0,25,-1,-25,625,24,25,12.816666666666666,1,12.816666666666666,0,25
1,4,0,50,2,27,2,-23,0,0,25,-2,-25,625,23,25,25.686666666666667,2,25.686666666666667,0,25
2,1,0,12,1,13,1,-11,0,0,12,-1,-12,144,11,12,5.888,1,5.888,0,12
3,49,0,133,7,26,7,-12,0,0,19,-7,-19,361,12,19,77.178,7,77.178,0,19
4,1,25,0,26,1,-24,1,625,0,25,24,25,0,-1,-25,12.4,1,12.4,25,0
5,625,625,0,50,25,0,25,625,0,25,0,25,0,-25,-25,462.79066666666665,25,462.79066666666665,25,0
6,625,0,0,25,25,25,25,0,0,0,-25,0,0,-25,0,149.88666666666666,25,149.88666666666666,0,0
7,121,0,275,11,36,11,-14,0,0,25,-11,-25,625,14,25,165.51666666666668,11,165.51666666666668,0,25
8,1,0,25,1,26,1,-24,0,0,25,-1,-25,625,24,25,12.7,1,12.7,0,25
9,4,0,50,2,27,2,-23,0,0,25,-2,-25,625,23,25,25.204,2,25.204,0,25
10,100,0,0,10,10,10,10,0,0,0,-10,0,0,-10,0,22.683333333333334,10,22.683333333333334,0,0
11,121,0,275,11,36,11,-14,0,0,25,-11,-25,625,14,25,164.332,11,164.332,0,25
12,1,0,12,1,13,1,-11,0,0,12,-1,-12,144,11,12,5.848,1,5.848,0,12
13,625,0,625,25,50,25,0,0,0,25,-25,-25,625,0,25,462.6193333333333,25,462.6193333333333,0,25
14,100,0,0,10,10,10,10,0,0,0,-10,0,0,-10,0,22.651333333333334,10,22.651333333333334,0,0
15,121,275,0,36,11,-14,11,625,0,25,14,25,0,-11,-25,164.78133333333332,11,164.78133333333332,25,0
16,1,25,0,26,1,-24,1,625,0,25,24,25,0,-1,-25,12.666666666666666,1,12.666666666666666,25,0
17,625,625,0,50,25,0,25,625,0,25,0,25,0,-25,-25,462.25666666666666,25,462.25666666666666,25,0
18,100,250,250,35,35,-15,-15,625,625,50,15,0,625,15,0,897.54,10,272.53999999999996,25,25
19,121,0,0,11,11,11,11,0,0,0,-11,0,0,-11,0,27.626666666666665,11,27.626666666666665,0,0
20,625,0,0,25,25,25,25,0,0,0,-25,0,0,-25,0,150.112,25,150.112,0,0
21,100,0,250,10,35,10,-15,0,0,25,-10,-25,625,15,25,147.38,10,147.38,0,25
22,1,25,12,26,13,-24,-11,625,300,37,24,13,144,11,-13,318.474,1,18.47399999999999,25,12
23,625,0,0,25,25,25,25,0,0,0,-25,0,0,-25,0,150.18666666666667,25,150.18666666666667,0,0
24,1,0,0,1,1,1,1,0,0,0,-1,0,0,-1,0,0.0,1,0.0,0,0
25,169,0,0,13,13,13,13,0,0,0,-13,0,0,-13,0,38.949333333333335,13,38.949333333333335,0,0
26,1,25,0,26,1,-24,1,625,0,25,24,25,0,-1,-25,12.2,1,12.2,25,0
27,1,25,0,26,1,-24,1,625,0,25,24,25,0,-1,-25,12.966666666666667,1,12.966666666666667,25,0
28,1,0,0,1,1,1,1,0,0,0,-1,0,0,-1,0,0.0,1,0.0,0,0
29,1,0,0,1,1,1,1,0,0,0,-1,0,0,-1,0,0.0,1,0.0,0,0
30,169,0,0,13,13,13,13,0,0,0,-13,0,0,-13,0,38.996,13,38.996,0,0
31,100,250,250,35,35,-15,-15,625,625,50,15,0,625,15,0,897.5426666666667,10,272.5426666666667,25,25
32,100,0,0,10,10,10,10,0,0,0,-10,0,0,-10,0,22.388666666666666,10,22.388666666666666,0,0
33,121,275,275,36,36,-14,-14,625,625,50,14,0,625,14,0,927.4666666666667,11,302.4666666666667,25,25
34,1,25,21,26,22,-24,-20,625,525,46,24,4,441,20,-4,547.9893333333333,1,22.98933333333332,25,21
35,625,0,0,25,25,25,25,0,0,0,-25,0,0,-25,0,150.18533333333335,25,150.18533333333335,0,0
36,121,0,0,11,11,11,11,0,0,0,-11,0,0,-11,0,27.685333333333332,11,27.685333333333332,0,0
37,625,0,0,25,25,25,25,0,0,0,-25,0,0,-25,0,149.87866666666667,25,149.87866666666667,0,0
38,1,0,25,1,26,1,-24,0,0,25,-1,-25,625,24,25,12.816666666666666,1,12.816666666666666,0,25
39,4,0,50,2,27,2,-23,0,0,25,-2,-25,625,23,25,25.686666666666667,2,25.686666666666667,0,25
40,1,0,12,1,13,1,-11,0,0,12,-1,-12,144,11,12,5.888,1,5.888,0,12
41,49,0,133,7,26,7,-12,0,0,19,-7,-19,361,12,19,77.178,7,77.178,0,19
42,1,25,0,26,1,-24,1,625,0,25,24,25,0,-1,-25,12.4,1,12.4,25,0
43,625,625,0,50,25,0,25,625,0,25,0,25,0,-25,-25,462.79066666666665,25,462.79066666666665,25,0
44,625,0,0,25,25,25,25,0,0,0,-25,0,0,-25,0,149.88666666666666,25,149.88666666666666,0,0
45,121,0,275,11,36,11,-14,0,0,25,-11,-25,625,14,25,165.51666666666668,11,165.51666666666668,0,25
46,1,0,25,1,26,1,-24,0,0,25,-1,-25,625,24,25,12.7,1,12.7,0,25
47,4,0,50,2,27,2,-23,0,0,25,-2,-25,625,23,25,25.204,2,25.204,0,25
48,100,0,0,10,10,10,10,0,0,0,-10,0,0,-10,0,22.683333333333334,10,22.683333333333334,0,0
49,121,0,275,11,36,11,-14,0,0,25,-11,-25,625,14,25,164.332,11,164.332,0,25
50,1,0,12,1,13,1,-11,0,0,12,-1,-12,144,11,12,5.848,1,5.848,0,12
51,625,0,625,25,50,25,0,0,0,25,-25,-25,625,0,25,462.6193333333333,25,462.6193333333333,0,25
52,100,0,0,10,10,10,10,0,0,0,-10,0,0,-10,0,22.651333333333334,10,22.651333333333334,0,0
53,121,275,0,36,11,-14,11,625,0,25,14,25,0,-11,-25,164.78133333333332,11,164.78133333333332,25,0
54,1,25,0,26,1,-24,1,625,0,25,24,25,0,-1,-25,12.666666666666666,1,12.666666666666666,25,0
55,625,625,0,50,25,0,25,625,0,25,0,25,0,-25,-25,462.25666666666666,25,462.25666666666666,25,0
56,100,250,250,35,35,-15,-15,625,625,50,15,0,625,15,0,897.54,10,272.53999999999996,25,25
57,121,0,0,11,11,11,11,0,0,0,-11,0,0,-11,0,27.626666666666665,11,27.626666666666665,0,0
58,625,0,0,25,25,25,25,0,0,0,-25,0,0,-25,0,150.112,25,150.112,0,0
59,100,0,250,10,35,10,-15,0,0,25,-10,-25,625,15,25,147.38,10,147.38,0,25
60,1,25,12,26,13,-24,-11,625,300,37,24,13,144,11,-13,318.474,1,18.47399999999999,25,12
61,625,0,0,25,25,25,25,0,0,0,-25,0,0,-25,0,150.18666666666667,25,150.18666666666667,0,0
62,1,0,0,1,1,1,1,0,0,0,-1,0,0,-1,0,0.0,1,0.0,0,0
63,169,0,0,13,13,13,13,0,0,0,-13,0,0,-13,0,38.949333333333335,13,38.949333333333335,0,0
64,1,25,0,26,1,-24,1,625,0,25,24,25,0,-1,-25,12.2,1,12.2,25,0
65,1,25,0,26,1,-24,1,625,0,25,24,25,0,-1,-25,12.966666666666667,1,12.966666666666667,25,0
66,1,0,0,1,1,1,1,0,0,0,-1,0,0,-1,0,0.0,1,0.0,0,0
67,1,0,0,1,1,1,1,0,0,0,-1,0,0,-1,0,0.0,1,0.0,0,0
68,169,0,0,13,13,13,13,0,0,0,-13,0,0,-13,0,38.996,13,38.996,0,0
69,100,250,250,35,35,-15,-15,625,625,50,15,0,625,15,0,897.5426666666667,10,272.5426666666667,25,25
70,100,0,0,10,10,10,10,0,0,0,-10,0,0,-10,0,22.388666666666666,10,22.388666666666666,0,0
71,121,275,275,36,36,-14,-14,625,625,50,14,0,625,14,0,927.4666666666667,11,302.4666666666667,25,25
72,1,25,21,26,22,-24,-20,625,525,46,24,4,441,20,-4,547.9893333333333,1,22.98933333333332,25,21
73,625,0,0,25,25,25,25,0,0,0,-25,0,0,-25,0,150.18533333333335,25,150.18533333333335,0,0
74,121,0,0,11,11,11,11,0,0,0,-11,0,0,-11,0,27.685333333333332,11,27.685333333333332,0,0
75,625,0,0,25,25,25,25,0,0,0,-25,0,0,-25,0,149.87866666666667,25,149.87866666666667,0,0
76,1,0,25,1,26,1,-24,0,0,25,-1,-25,625,24,25,12.816666666666666,1,12.816666666666666,0,25
77,4,0,50,2,27,2,-23,0,0,25,-2,-25,625,23,25,25.686666666666667,2,25.686666666666667,0,25
78,1,0,12,1,13,1,-11,0,0,12,-1,-12,144,11,12,5.888,1,5.888,0,12
79,49,0,133,7,26,7,-12,0,0,19,-7,-19,361,12,19,77.178,7,77.178,0,19
80,1,25,0,26,1,-24,1,625,0,25,24,25,0,-1,-25,12.4,1,12.4,25,0
81,625,625,0,50,25,0,25,625,0,25,0,25,0,-25,-25,462.79066666666665,25,462.79066666666665,25,0
82,625,0,0,25,25,25,25,0,0,0,-25,0,0,-25,0,149.88666666666666,25,149.88666666666666,0,0
83,121,0,275,11,36,11,-14,0,0,25,-11,-25,625,14,25,165.51666666666668,11,165.51666666666668,0,25
84,1,0,25,1,26,1,-24,0,0,25,-1,-25,625,24,25,12.7,1,12.7,0,25
85,4,0,50,2,27,2,-23,0,0,25,-2,-25,625,23,25,25.204,2,25.204,0,25
86,100,0,0,10,10,10,10,0,0,0,-10,0,0,-10,0,22.683333333333334,10,22.683333333333334,0,0
87,121,0,275,11,36,11,-14,0,0,25,-11,-25,625,14,25,164.332,11,164.332,0,25
88,1,0,12,1,13,1,-11,0,0,12,-1,-12,144,11,12,5.848,1,5.848,0,12
89,625,0,625,25,50,25,0,0,0,25,-25,-25,625,0,25,462.6193333333333,25,462.6193333333333,0,25
90,100,0,0,10,10,10,10,0,0,0,-10,0,0,-10,0,22.651333333333334,10,22.651333333333334,0,0
91,121,275,0,36,11,-14,11,625,0,25,14,25,0,-11,-25,164.78133333333332,11,164.78133333333332,25,0
92,1,25,0,26,1,-24,1,625,0,25,24,25,0,-1,-25,12.666666666666666,1,12.666666666666666,25,0
93,625,625,0,50,25,0,25,625,0,25,0,25,0,-25,-25,462.25666666666666,25,462.25666666666666,25,0
94,100,250,250,35,35,-15,-15,625,625,50,15,0,625,15,0,897.54,10,272.53999999999996,25,25
95,121,0,0,11,11,11,11,0,0,0,-11,0,0,-11,0,27.626666666666665,11,27.626666666666665,0,0
96,625,0,0,25,25,25,25,0,0,0,-25,0,0,-25,0,150.112,25,150.112,0,0
97,100,0,250,10,35,10,-15,0,0,25,-10,-25,625,15,25,147.38,10,147.38,0,25
98,1,25,12,26,13,-24,-11,625,300,37,24,13,144,11,-13,318.474,1,18.47399999999999,25,12
99,625,0,0,25,25,25,25,0,0,0,-25,0,0,-25,0,150.18666666666667,25,150.18666666666667,0,0
100,1,0,0,1,1,1,1,0,0,0,-1,0,0,-1,0,0.0,1,0.0,0,0
101,169,0,0,13,13,13,13,0,0,0,-13,0,0,-13,0,38.949333333333335,13,38.949333333333335,0,0
102,1,25,0,26,1,-24,1,625,0,25,24,25,0,-1,-25,12.2,1,12.2,25,0
103,1,25,0,26,1,-24,1,625,0,25,24,25,0,-1,-25,12.966666666666667,1,12.966666666666667,25,0
104,1,0,0,1,1,1,1,0,0,0,-1,0,0,-1,0,0.0,1,0.0,0,0
105,1,0,0,1,1,1,1,0,0,0,-1,0,0,-1,0,0.0,1,0.0,0,0
106,169,0,0,13,13,13,13,0,0,0,-13,0,0,-13,0,38.996,13,38.996,0,0
107,100,250,250,35,35,-15,-15,625,625,50,15,0,625,15,0,897.5426666666667,10,272.5426666666667,25,25
108,100,0,0,10,10,10,10,0,0,0,-10,0,0,-10,0,22.388666666666666,10,22.388666666666666,0,0
109,121,275,275,36,36,-14,-14,625,625,50,14,0,625,14,0,927.4666666666667,11,302.4666666666667,25,25
110,1,25,21,26,22,-24,-20,625,525,46,24,4,441,20,-4,547.9893333333333,1,22.98933333333332,25,21
111,625,0,0,25,25,25,25,0,0,0,-25,0,0,-25,0,150.18533333333335,25,150.18533333333335,0,0
112,121,0,0,11,11,11,11,0,0,0,-11,0,0,-11,0,27.685333333333332,11,27.685333333333332,0,0
113,625,0,0,25,25,25,25,0,0,0,-25,0,0,-25,0,149.87866666666667,25,149.87866666666667,0,0
114,1,0,25,1,26,1,-24,0,0,25,-1,-25,625,24,25,12.816666666666666,1,12.816666666666666,0,25
115,4,0,50,2,27,2,-23,0,0,25,-2,-25,625,23,25,25.686666666666667,2,25.686666666666667,0,25
116,1,0,12,1,13,1,-11,0,0,12,-1,-12,144,11,12,5.888,1,5.888,0,12
117,49,0,133,7,26,7,-12,0,0,19,-7,-19,361,12,19,77.178,7,77.178,0,19
118,1,25,0,26,1,-24,1,625,0,25,24,25,0,-1,-25,12.4,1,12.4,25,0
119,625,625,0,50,25,0,25,625,0,25,0,25,0,-25,-25,462.79066666666665,25,462.79066666666665,25,0
120,625,0,0,25,25,25,25,0,0,0,-25,0,0,-25,0,149.88666666666666,25,149.88666666666666,0,0
121,121,0,275,11,36,11,-14,0,0,25,-11,-25,625,14,25,165.51666666666668,11,165.51666666666668,0,25
122,1,0,25,1,26,1,-24,0,0,25,-1,-25,625,24,25,12.7,1,12.7,0,25
123,4,0,50,2,27,2,-23,0,0,25,-2,-25,625,23,25,25.204,2,25.204,0,25
124,100,0,0,10,10,10,10,0,0,0,-10,0,0,-10,0,22.683333333333334,10,22.683333333333334,0,0
125,121,0,275,11,36,11,-14,0,0,25,-11,-25,625,14,25,164.332,11,164.332,0,25
126,1,0,12,1,13,1,-11,0,0,12,-1,-12,144,11,12,5.848,1,5.848,0,12
127,625,0,625,25,50,25,0,0,0,25,-25,-25,625,0,25,462.6193333333333,25,462.6193333333333,0,25
128,100,0,0,10,10,10,10,0,0,0,-10,0,0,-10,0,22.651333333333334,10,22.651333333333334,0,0
129,121,275,0,36,11,-14,11,625,0,25,14,25,0,-11,-25,164.78133333333332,11,164.78133333333332,25,0
130,1,25,0,26,1,-24,1,625,0,25,24,25,0,-1,-25,12.666666666666666,1,12.666666666666666,25,0
131,625,625,0,50,25,0,25,625,0,25,0,25,0,-25,-25,462.25666666666666,25,462.25666666666666,25,0
132,100,250,250,35,35,-15,-15,625,625,50,15,0,625,15,0,897.54,10,272.53999999999996,25,25
133,121,0,0,11,11,11,11,0,0,0,-11,0,0,-11,0,27.626666666666665,11,27.626666666666665,0,0
134,625,0,0,25,25,25,25,0,0,0,-25,0,0,-25,0,150.112,25,150.112,0,0
135,100,0,250,10,35,10,-15,0,0,25,-10,-25,625,15,25,147.38,10,147.38,0,25
136,1,25,12,26,13,-24,-11,625,300,37,24,13,144,11,-13,318.474,1,18.47399999999999,25,12
137,625,0,0,25,25,25,25,0,0,0,-25,0,0,-25,0,150.18666666666667,25,150.18666666666667,0,0
138,1,0,0,1,1,1,1,0,0,0,-1,0,0,-1,0,0.0,1,0.0,0,0
139,169,0,0,13,13,13,13,0,0,0,-13,0,0,-13,0,38.949333333333335,13,38.949333333333335,0,0
140,1,25,0,26,1,-24,1,625,0,25,24,25,0,-1,-25,12.2,1,12.2,25,0
141,1,25,0,26,1,-24,1,625,0,25,24,25,0,-1,-25,12.966666666666667,1,12.966666666666667,25,0
142,1,0,0,1,1,1,1,0,0,0,-1,0,0,-1,0,0.0,1,0.0,0,0
143,1,0,0,1,1,1,1,0,0,0,-1,0,0,-1,0,0.0,1,0.0,0,0
144,169,0,0,13,13,13,13,0,0,0,-13,0,0,-13,0,38.996,13,38.996,0,0
145,100,250,250,35,35,-15,-15,625,625,50,15,0,625,15,0,897.5426666666667,10,272.5426666666667,25,25
146,100,0,0,10,10,10,10,0,0,0,-10,0,0,-10,0,22.388666666666666,10,22.388666666666666,0,0
147,121,275,275,36,36,-14,-14,625,625,50,14,0,625,14,0,927.4666666666667,11,302.4666666666667,25,25
148,1,25,21,26,22,-24,-20,625,525,46,24,4,441,20,-4,547.9893333333333,1,22.98933333333332,25,21
149,625,0,0,25,25,25,25,0,0,0,-25,0,0,-25,0,150.18533333333335,25,150.18533333333335,0,0
150,121,0,0,11,11,11,11,0,0,0,-11,0,0,-11,0,27.685333333333332,11,27.685333333333332,0,0
151,625,0,0,25,25,25,25,0,0,0,-25,0,0,-25,0,149.87866666666667,25,149.87866666666667,0,0
152,1,0,25,1,26,1,-24,0,0,25,-1,-25,625,24,25,12.816666666666666,1,12.816666666666666,0,25
153,4,0,50,2,27,2,-23,0,0,25,-2,-25,625,23,25,25.686666666666667,2,25.686666666666667,0,25
154,1,0,12,1,13,1,-11,0,0,12,-1,-12,144,11,12,5.888,1,5.888,0,12
155,49,0,133,7,26,7,-12,0,0,19,-7,-19,361,12,19,77.178,7,77.178,0,19
156,1,25,0,26,1,-24,1,625,0,25,24,25,0,-1,-25,12.4,1,12.4,25,0
157,625,625,0,50,25,0,25,625,0,25,0,25,0,-25,-25,462.79066666666665,25,462.79066666666665,25,0
158,625,0,0,25,25,25,25,0,0,0,-25,0,0,-25,0,149.88666666666666,25,149.88666666666666,0,0
159,121,0,275,11,36,11,-14,0,0,25,-11,-25,625,14,25,165.51666666666668,11,165.51666666666668,0,25
160,1,0,25,1,26,1,-24,0,0,25,-1,-25,625,24,25,12.7,1,12.7,0,25
161,4,0,50,2,27,2,-23,0,0,25,-2,-25,625,23,25,25.204,2,25.204,0,25
162,100,0,0,10,10,10,10,0,0,0,-10,0,0,-10,0,22.683333333333334,10,22.683333333333334,0,0
163,121,0,275,11,36,11,-14,0,0,25,-11,-25,625,14,25,164.332,11,164.332,0,25
164,1,0,12,1,13,1,-11,0,0,12,-1,-12,144,11,12,5.848,1,5.848,0,12
165,625,0,625,25,50,25,0,0,0,25,-25,-25,625,0,25,462.6193333333333,25,462.6193333333333,0,25
166,100,0,0,10,10,10,10,0,0,0,-10,0,0,-10,0,22.651333333333334,10,22.651333333333334,0,0
167,121,275,0,36,11,-14,11,625,0,25,14,25,0,-11,-25,164.78133333333332,11,164.78133333333332,25,0
168,1,25,0,26,1,-24,1,625,0,25,24,25,0,-1,-25,12.666666666666666,1,12.666666666666666,25,0
169,625,625,0,50,25,0,25,625,0,25,0,25,0,-25,-25,462.25666666666666,25,462.25666666666666,25,0
170,100,250,250,35,35,-15,-15,625,625,50,15,0,625,15,0,897.54,10,272.53999999999996,25,25
171,121,0,0,11,11,11,11,0,0,0,-11,0,0,-11,0,27.626666666666665,11,27.626666666666665,0,0
172,625,0,0,25,25,25,25,0,0,0,-25,0,0,-25,0,150.112,25,150.112,0,0
173,100,0,250,10,35,10,-15,0,0,25,-10,-25,625,15,25,147.38,10,147.38,0,25
174,1,25,12,26,13,-24,-11,625,300,37,24,13,144,11,-13,318.474,1,18.47399999999999,25,12
175,625,0,0,25,25,25,25,0,0,0,-25,0,0,-25,0,150.18666666666667,25,150.18666666666667,0,0
176,1,0,0,1,1,1,1,0,0,0,-1,0,0,-1,0,0.0,1,0.0,0,0
177,169,0,0,13,13,13,13,0,0,0,-13,0,0,-13,0,38.949333333333335,13,38.949333333333335,0,0
178,1,25,0,26,1,-24,1,625,0,25,24,25,0,-1,-25,12.2,1,12.2,25,0
179,1,25,0,26,1,-24,1,625,0,25,24,25,0,-1,-25,12.966666666666667,1,12.966666666666667,25,0
180,1,0,0,1,1,1,1,0,0,0,-1,0,0,-1,0,0.0,1,0.0,0,0
181,1,0,0,1,1,1,1,0,0,0,-1,0,0,-1,0,0.0,1,0.0,0,0
182,169,0,0,13,13,13,13,0,0,0,-13,0,0,-13,0,38.996,13,38.996,0,0
183,100,250,250,35,35,-15,-15,625,625,50,15,0,625,15,0,897.5426666666667,10,272.5426666666667,25,25
184,100,0,0,10,10,10,10,0,0,0,-10,0,0,-10,0,22.388666666666666,10,22.388666666666666,0,0
185,121,275,275,36,36,-14,-14,625,625,50,14,0,625,14,0,927.4666666666667,11,302.4666666666667,25,25
186,1,25,21,26,22,-24,-20,625,525,46,24,4,441,20,-4,547.9893333333333,1,22.98933333333332,25,21
187,625,0,0,25,25,25,25,0,0,0,-25,0,0,-25,0,150.18533333333335,25,150.18533333333335,0,0
188,121,0,0,11,11,11,11,0,0,0,-11,0,0,-11,0,27.685333333333332,11,27.685333333333332,0,0
189,625,0,0,25,25,25,25,0,0,0,-25,0,0,-25,0,149.87866666666667,25,149.87866666666667,0,0
190,1,0,25,1,26,1,-24,0,0,25,-1,-25,625,24,25,12.816666666666666,1,12.816666666666666,0,25
191,4,0,50,2,27,2,-23,0,0,25,-2,-25,625,23,25,25.686666666666667,2,25.686666666666667,0,25
192,1,0,12,1,13,1,-11,0,0,12,-1,-12,144,11,12,5.888,1,5.888,0,12
193,49,0,133,7,26,7,-12,0,0,19,-7,-19,361,12,19,77.178,7,77.178,0,19
194,1,25,0,26,1,-24,1,625,0,25,24,25,0,-1,-25,12.4,1,12.4,25,0
195,625,625,0,50,25,0,25,625,0,25,0,25,0,-25,-25,462.79066666666665,25,462.79066666666665,25,0
196,625,0,0,25,25,25,25,0,0,0,-25,0,0,-25,0,149.88666666666666,25,149.88666666666666,0,0
197,121,0,275,11,36,11,-14,0,0,25,-11,-25,625,14,25,165.51666666666668,11,165.51666666666668,0,25
198,1,0,25,1,26,1,-24,0,0,25,-1,-25,625,24,25,12.7,1,12.7,0,25
199,4,0,50,2,27,2,-23,0,0,25,-2,-25,625,23,25,25.204,2,25.204,0,25
200,100,0,0,10,10,10,10,0,0,0,-10,0,0,-10,0,22.683333333333334,10,22.683333333333334,0,0
201,121,0,275,11,36,11,-14,0,0,25,-11,-25,625,14,25,164.332,11,164.332,0,25
202,1,0,12,1,13,1,-11,0,0,12,-1,-12,144,11,12,5.848,1,5.848,0,12
203,625,0,625,25,50,25,0,0,0,25,-25,-25,625,0,25,462.6193333333333,25,462.6193333333333,0,25
204,100,0,0,10,10,10,10,0,0,0,-10,0,0,-10,0,22.651333333333334,10,22.651333333333334,0,0
205,121,275,0,36,11,-14,11,625,0,25,14,25,0,-11,-25,164.78133333333332,11,164.78133333333332,25,0
206,1,25,0,26,1,-24,1,625,0,25,24,25,0,-1,-25,12.666666666666666,1,12.666666666666666,25,0
207,625,625,0,50,25,0,25,625,0,25,0,25,0,-25,-25,462.25666666666666,25,462.25666666666666,25,0
208,100,250,250,35,35,-15,-15,625,625,50,15,0,625,15,0,897.54,10,272.53999999999996,25,25
209,121,0,0,11,11,11,11,0,0,0,-11,0,0,-11,0,27.626666666666665,11,27.626666666666665,0,0
210,625,0,0,25,25,25,25,0,0,0,-25,0,0,-25,0,150.112,25,150.112,0,0
211,100,0,250,10,35,10,-15,0,0,25,-10,-25,625,15,25,147.38,10,147.38,0,25
212,1,25,12,26,13,-24,-11,625,300,37,24,13,144,11,-13,318.474,1,18.47399999999999,25,12
213,625,0,0,25,25,25,25,0,0,0,-25,0,0,-25,0,150.18666666666667,25,150.18666666666667,0,0
214,1,0,0,1,1,1,1,0,0,0,-1,0,0,-1,0,0.0,1,0.0,0,0
215,169,0,0,13,13,13,13,0,0,0,-13,0,0,-13,0,38.949333333333335,13,38.949333333333335,0,0
216,1,25,0,26,1,-24,1,625,0,25,24,25,0,-1,-25,12.2,1,12.2,25,0
217,1,25,0,26,1,-24,1,625,0,25,24,25,0,-1,-25,12.966666666666667,1,12.966666666666667,25,0
218,1,0,0,1,1,1,1,0,0,0,-1,0,0,-1,0,0.0,1,0.0,0,0
219,1,0,0,1,1,1,1,0,0,0,-1,0,0,-1,0,0.0,1,0.0,0,0
220,169,0,0,13,13,13,13,0,0,0,-13,0,0,-13,0,38.996,13,38.996,0,0
221,100,250,250,35,35,-15,-15,625,625,50,15,0,625,15,0,897.5426666666667,10,272.5426666666667,25,25
222,100,0,0,10,10,10,10,0,0,0,-10,0,0,-10,0,22.388666666666666,10,22.388666666666666,0,0
223,121,275,275,36,36,-14,-14,625,625,50,14,0,625,14,0,927.4666666666667,11,302.4666666666667,25,25
224,1,25,21,26,22,-24,-20,625,525,46,24,4,441,20,-4,547.9893333333333,1,22.98933333333332,25,21
225,625,0,0,25,25,25,25,0,0,0,-25,0,0,-25,0,150.18533333333335,25,150.18533333333335,0,0
226,121,0,0,11,11,11,11,0,0,0,-11,0,0,-11,0,27.685333333333332,11,27.685333333333332,0,0
227,625,0,0,25,25,25,25,0,0,0,-25,0,0,-25,0,149.87866666666667,25,149.87866666666667,0,0
228,1,0,25,1,26,1,-24,0,0,25,-1,-25,625,24,25,12.816666666666666,1,12.816666666666666,0,25
229,4,0,50,2,27,2,-23,0,0,25,-2,-25,625,23,25,25.686666666666667,2,25.686666666666667,0,25
230,1,0,12,1,13,1,-11,0,0,12,-1,-12,144,11,12,5.888,1,5.888,0,12
231,49,0,133,7,26,7,-12,0,0,19,-7,-19,361,12,19,77.178,7,77.178,0,19
232,1,25,0,26,1,-24,1,625,0,25,24,25,0,-1,-25,12.4,1,12.4,25,0
233,625,625,0,50,25,0,25,625,0,25,0,25,0,-25,-25,462.79066666666665,25,462.79066666666665,25,0
234,625,0,0,25,25,25,25,0,0,0,-25,0,0,-25,0,149.88666666666666,25,149.88666666666666,0,0
235,121,0,275,11,36,11,-14,0,0,25,-11,-25,625,14,25,165.51666666666668,11,165.51666666666668,0,25
236,1,0,25,1,26,1,-24,0,0,25,-1,-25,625,24,25,12.7,1,12.7,0,25
237,4,0,50,2,27,2,-23,0,0,25,-2,-25,625,23,25,25.204,2,25.204,0,25
238,100,0,0,10,10,10,10,0,0,0,-10,0,0,-10,0,22.683333333333334,10,22.683333333333334,0,0
239,121,0,275,11,36,11,-14,0,0,25,-11,-25,625,14,25,164.332,11,164.332,0,25
240,1,0,12,1,13,1,-11,0,0,12,-1,-12,144,11,12,5.848,1,5.848,0,12
241,625,0,625,25,50,25,0,0,0,25,-25,-25,625,0,25,462.6193333333333,25,462.6193333333333,0,25
242,100,0,0,10,10,10,10,0,0,0,-10,0,0,-10,0,22.651333333333334,10,22.651333333333334,0,0
243,121,275,0,36,11,-14,11,625,0,25,14,25,0,-11,-25,164.78133333333332,11,164.78133333333332,25,0
244,1,25,0,26,1,-24,1,625,0,25,24,25,0,-1,-25,12.666666666666666,1,12.666666666666666,25,0
245,625,625,0,50,25,0,25,625,0,25,0,25,0,-25,-25,462.25666666666666,25,462.25666666666666,25,0
246,100,250,250,35,35,-15,-15,625,625,50,15,0,625,15,0,897.54,10,272.53999999999996,25,25
247,121,0,0,11,11,11,11,0,0,0,-11,0,0,-11,0,27.626666666666665,11,27.626666666666665,0,0
248,625,0,0,25,25,25,25,0,0,0,-25,0,0,-25,0,150.112,25,150.112,0,0
249,100,0,250,10,35,10,-15,0,0,25,-10,-25,625,15,25,147.38,10,147.38,0,25
250,1,25,12,26,13,-24,-11,625,300,37,24,13,144,11,-13,318.474,1,18.47399999999999,25,12
251,625,0,0,25,25,25,25,0,0,0,-25,0,0,-25,0,150.18666666666667,25,150.18666666666667,0,0
252,1,0,0,1,1,1,1,0,0,0,-1,0,0,-1,0,0.0,1,0.0,0,0
253,169,0,0,13,13,13,13,0,0,0,-13,0,0,-13,0,38.949333333333335,13,38.949333333333335,0,0
254,1,25,0,26,1,-24,1,625,0,25,24,25,0,-1,-25,12.2,1,12.2,25,0
255,1,25,0,26,1,-24,1,625,0,25,24,25,0,-1,-25,12.966666666666667,1,12.966666666666667,25,0
256,1,0,0,1,1,1,1,0,0,0,-1,0,0,-1,0,0.0,1,0.0,0,0
257,1,0,0,1,1,1,1,0,0,0,-1,0,0,-1,0,0.0,1,0.0,0,0
258,169,0,0,13,13,13,13,0,0,0,-13,0,0,-13,0,38.996,13,38.996,0,0
259,100,250,250,35,35,-15,-15,625,625,50,15,0,625,15,0,897.5426666666667,10,272.5426666666667,25,25
260,100,0,0,10,10,10,10,0,0,0,-10,0,0,-10,0,22.388666666666666,10,22.388666666666666,0,0
261,121,275,275,36,36,-14,-14,625,625,50,14,0,625,14,0,927.4666666666667,11,302.4666666666667,25,25
262,1,25,21,26,22,-24,-20,625,525,46,24,4,441,20,-4,547.9893333333333,1,22.98933333333332,25,21
263,625,0,0,25,25,25,25,0,0,0,-25,0,0,-25,0,150.18533333333335,25,150.18533333333335,0,0
264,121,0,0,11,11,11,11,0,0,0,-11,0,0,-11,0,27.685333333333332,11,27.685333333333332,0,0
265,625,0,0,25,25,25,25,0,0,0,-25,0,0,-25,0,149.87866666666667,25,149.87866666666667,0,0
266,1,0,25,1,26,1,-24,0,0,25,-1,-25,625,24,25,12.816666666666666,1,12.816666666666666,0,25
267,4,0,50,2,27,2,-23,0,0,25,-2,-25,625,23,25,25.686666666666667,2,25.686666666666667,0,25
268,1,0,12,1,13,1,-11,0,0,12,-1,-12,144,11,12,5.888,1,5.888,0,12
269,49,0,133,7,26,7,-12,0,0,19,-7,-19,361,12,19,77.178,7,77.178,0,19
270,1,25,0,26,1,-24,1,625,0,25,24,25,0,-1,-25,12.4,1,12.4,25,0
271,625,625,0,50,25,0,25,625,0,25,0,25,0,-25,-25,462.79066666666665,25,462.79066666666665,25,0
272,625,0,0,25,25,25,25,0,0,0,-25,0,0,-25,0,149.88666666666666,25,149.88666666666666,0,0
273,121,0,275,11,36,11,-14,0,0,25,-11,-25,625,14,25,165.51666666666668,11,165.51666666666668,0,25
274,1,0,25,1,26,1,-24,0,0,25,-1,-25,625,24,25,12.7,1,12.7,0,25
275,4,0,50,2,27,2,-23,0,0,25,-2,-25,625,23,25,25.204,2,25.204,0,25
276,100,0,0,10,10,10,10,0,0,0,-10,0,0,-10,0,22.683333333333334,10,22.683333333333334,0,0
277,121,0,275,11,36,11,-14,0,0,25,-11,-25,625,14,25,164.332,11,164.332,0,25
278,1,0,12,1,13,1,-11,0,0,12,-1,-12,144,11,12,5.848,1,5.848,0,12
279,625,0,625,25,50,25,0,0,0,25,-25,-25,625,0,25,462.6193333333333,25,462.6193333333333,0,25
280,100,0,0,10,10,10,10,0,0,0,-10,0,0,-10,0,22.651333333333334,10,22.651333333333334,0,0
281,121,275,0,36,11,-14,11,625,0,25,14,25,0,-11,-25,164.78133333333332,11,164.78133333333332,25,0
282,1,25,0,26,1,-24,1,625,0,25,24,25,0,-1,-25,12.666666666666666,1,12.666666666666666,25,0
283,625,625,0,50,25,0,25,625,0,25,0,25,0,-25,-25,462.25666666666666,25,462.25666666666666,25,0
284,100,250,250,35,35,-15,-15,625,625,50,15,0,625,15,0,897.54,10,272.53999999999996,25,25
285,121,0,0,11,11,11,11,0,0,0,-11,0,0,-11,0,27.626666666666665,11,27.626666666666665,0,0
286,625,0,0,25,25,25,25,0,0,0,-25,0,0,-25,0,150.112,25,150.112,0,0
287,100,0,250,10,35,10,-15,0,0,25,-10,-25,625,15,25,147.38,10,147.38,0,25
288,1,25,12,26,13,-24,-11,625,300,37,24,13,144,11,-13,318.474,1,18.47399999999999,25,12
289,625,0,0,25,25,25,25,0,0,0,-25,0,0,-25,0,150.18666666666667,25,150.18666666666667,0,0
290,1,0,0,1,1,1,1,0,0,0,-1,0,0,-1,0,0.0,1,0.0,0,0
291,169,0,0,13,13,13,13,0,0,0,-13,0,0,-13,0,38.949333333333335,13,38.949333333333335,0,0
292,1,25,0,26,1,-24,1,625,0,25,24,25,0,-1,-25,12.2,1,12.2,25,0
293,1,25,0,26,1,-24,1,625,0,25,24,25,0,-1,-25,12.966666666666667,1,12.966666666666667,25,0
294,1,0,0,1,1,1,1,0,0,0,-1,0,0,-1,0,0.0,1,0.0,0,0
295,1,0,0,1,1,1,1,0,0,0,-1,0,0,-1,0,0.0,1,0.0,0,0
296,169,0,0,13,13,13,13,0,0,0,-13,0,0,-13,0,38.996,13,38.996,0,0
297,100,250,250,35,35,-15,-15,625,625,50,15,0,625,15,0,897.5426666666667,10,272.5426666666667,25,25
298,100,0,0,10,10,10,10,0,0,0,-10,0,0,-10,0,22.388666666666666,10,22.388666666666666,0,0
299,121,275,275,36,36,-14,-14,625,625,50,14,0,625,14,0,927.4666666666667,11,302.4666666666667,25,25
300,1,25,21,26,22,-24,-20,625,525,46,24,4,441,20,-4,547.9893333333333,1,22.98933333333332,25,21
301,625,0,0,25,25,25,25,0,0,0,-25,0,0,-25,0,150.18533333333335,25,150.18533333333335,0,0
302,121,0,0,11,11,11,11,0,0,0,-11,0,0,-11,0,27.685333333333332,11,27.685333333333332,0,0
303,625,0,0,25,25,25,25,0,0,0,-25,0,0,-25,0,149.87866666666667,25,149.87866666666667,0,0
304,1,0,25,1,26,1,-24,0,0,25,-1,-25,625,24,25,12.816666666666666,1,12.816666666666666,0,25
305,4,0,50,2,27,2,-23,0,0,25,-2,-25,625,23,25,25.686666666666667,2,25.686666666666667,0,25
306,1,0,12,1,13,1,-11,0,0,12,-1,-12,144,11,12,5.888,1,5.888,0,12
307,49,0,133,7,26,7,-12,0,0,19,-7,-19,361,12,19,77.178,7,77.178,0,19
308,1,25,0,26,1,-24,1,625,0,25,24,25,0,-1,-25,12.4,1,12.4,25,0
309,625,625,0,50,25,0,25,625,0,25,0,25,0,-25,-25,462.79066666666665,25,462.79066666666665,25,0
310,625,0,0,25,25,25,25,0,0,0,-25,0,0,-25,0,149.88666666666666,25,149.88666666666666,0,0
311,121,0,275,11,36,11,-14,0,0,25,-11,-25,625,14,25,165.51666666666668,11,165.51666666666668,0,25
312,1,0,25,1,26,1,-24,0,0,25,-1,-25,625,24,25,12.7,1,12.7,0,25
313,4,0,50,2,27,2,-23,0,0,25,-2,-25,625,23,25,25.204,2,25.204,0,25
314,100,0,0,10,10,10,10,0,0,0,-10,0,0,-10,0,22.683333333333334,10,22.683333333333334,0,0
315,121,0,275,11,36,11,-14,0,0,25,-11,-25,625,14,25,164.332,11,164.332,0,25
316,1,0,12,1,13,1,-11,0,0,12,-1,-12,144,11,12,5.848,1,5.848,0,12
317,625,0,625,25,50,25,0,0,0,25,-25,-25,625,0,25,462.6193333333333,25,462.6193333333333,0,25
318,100,0,0,10,10,10,10,0,0,0,-10,0,0,-10,0,22.651333333333334,10,22.651333333333334,0,0
319,121,275,0,36,11,-14,11,625,0,25,14,25,0,-11,-25,164.78133333333332,11,164.78133333333332,25,0
320,1,25,0,26,1,-24,1,625,0,25,24,25,0,-1,-25,12.666666666666666,1,12.666666666666666,25,0
321,625,625,0,50,25,0,25,625,0,25,0,25,0,-25,-25,462.25666666666666,25,462.25666666666666,25,0
322,100,250,250,35,35,-15,-15,625,625,50,15,0,625,15,0,897.54,10,272.53999999999996,25,25
323,121,0,0,11,11,11,11,0,0,0,-11,0,0,-11,0,27.626666666666665,11,27.626666666666665,0,0
324,625,0,0,25,25,25,25,0,0,0,-25,0,0,-25,0,150.112,25,150.112,0,0
325,100,0,250,10,35,10,-15,0,0,25,-10,-25,625,15,25,147.38,10,147.38,0,25
326,1,25,12,26,13,-24,-11,625,300,37,24,13,144,11,-13,318.474,1,18.47399999999999,25,12
327,625,0,0,25,25,25,25,0,0,0,-25,0,0,-25,0,150.18666666666667,25,150.18666666666667,0,0
328,1,0,0,1,1,1,1,0,0,0,-1,0,0,-1,0,0.0,1,0.0,0,0
329,169,0,0,13,13,13,13,0,0,0,-13,0,0,-13,0,38.949333333333335,13,38.949333333333335,0,0
330,1,25,0,26,1,-24,1,625,0,25,24,25,0,-1,-25,12.2,1,12.2,25,0
331,1,25,0,26,1,-24,1,625,0,25,24,25,0,-1,-25,12.966666666666667,1,12.966666666666667,25,0
332,1,0,0,1,1,1,1,0,0,0,-1,0,0,-1,0,0.0,1,0.0,0,0
333,1,0,0,1,1,1,1,0,0,0,-1,0,0,-1,0,0.0,1,0.0,0,0
334,169,0,0,13,13,13,13,0,0,0,-13,0,0,-13,0,38.996,13,38.996,0,0
335,100,250,250,35,35,-15,-15,625,625,50,15,0,625,15,0,897.5426666666667,10,272.5426666666667,25,25
336,100,0,0,10,10,10,10,0,0,0,-10,0,0,-10,0,22.388666666666666,10,22.388666666666666,0,0
337,121,275,275,36,36,-14,-14,625,625,50,14,0,625,14,0,927.4666666666667,11,302.4666666666667,25,25
338,1,25,21,26,22,-24,-20,625,525,46,24,4,441,20,-4,547.9893333333333,1,22.98933333333332,25,21
339,625,0,0,25,25,25,25,0,0,0,-25,0,0,-25,0,150.18533333333335,25,150.18533333333335,0,0
340,121,0,0,11,11,11,11,0,0,0,-11,0,0,-11,0,27.685333333333332,11,27.685333333333332,0,0
341,625,0,0,25,25,25,25,0,0,0,-25,0,0,-25,0,149.87866666666667,25,149.87866666666667,0,0
342,1,0,25,1,26,1,-24,0,0,25,-1,-25,625,24,25,12.816666666666666,1,12.816666666666666,0,25
343,4,0,50,2,27,2,-23,0,0,25,-2,-25,625,23,25,25.686666666666667,2,25.686666666666667,0,25
344,1,0,12,1,13,1,-11,0,0,12,-1,-12,144,11,12,5.888,1,5.888,0,12
345,49,0,133,7,26,7,-12,0,0,19,-7,-19,361,12,19,77.178,7,77.178,0,19
346,1,25,0,26,1,-24,1,625,0,25,24,25,0,-1,-25,12.4,1,12.4,25,0
347,625,625,0,50,25,0,25,625,0,25,0,25,0,-25,-25,462.79066666666665,25,462.79066666666665,25,0
348,625,0,0,25,25,25,25,0,0,0,-25,0,0,-25,0,149.88666666666666,25,149.88666666666666,0,0
349,121,0,275,11,36,11,-14,0,0,25,-11,-25,625,14,25,165.51666666666668,11,165.51666666666668,0,25
350,1,0,25,1,26,1,-24,0,0,25,-1,-25,625,24,25,12.7,1,12.7,0,25
351,4,0,50,2,27,2,-23,0,0,25,-2,-25,625,23,25,25.204,2,25.204,0,25
352,100,0,0,10,10,10,10,0,0,0,-10,0,0,-10,0,22.683333333333334,10,22.683333333333334,0,0
353,121,0,275,11,36,11,-14,0,0,25,-11,-25,625,14,25,164.332,11,164.332,0,25
354,1,0,12,1,13,1,-11,0,0,12,-1,-12,144,11,12,5.848,1,5.848,0,12
355,625,0,625,25,50,25,0,0,0,25,-25,-25,625,0,25,462.6193333333333,25,462.6193333333333,0,25
356,100,0,0,10,10,10,10,0,0,0,-10,0,0,-10,0,22.651333333333334,10,22.651333333333334,0,0
357,121,275,0,36,11,-14,11,625,0,25,14,25,0,-11,-25,164.78133333333332,11,164.78133333333332,25,0
358,1,25,0,26,1,-24,1,625,0,25,24,25,0,-1,-25,12.666666666666666,1,12.666666666666666,25,0
359,625,625,0,50,25,0,25,625,0,25,0,25,0,-25,-25,462.25666666666666,25,462.25666666666666,25,0
360,100,250,250,35,35,-15,-15,625,625,50,15,0,625,15,0,897.54,10,272.53999999999996,25,25
361,121,0,0,11,11,11,11,0,0,0,-11,0,0,-11,0,27.626666666666665,11,27.626666666666665,0,0
362,625,0,0,25,25,25,25,0,0,0,-25,0,0,-25,0,150.112,25,150.112,0,0
363,100,0,250,10,35,10,-15,0,0,25,-10,-25,625,15,25,147.38,10,147.38,0,25
364,1,25,12,26,13,-24,-11,625,300,37,24,13,144,11,-13,318.474,1,18.47399999999999,25,12
365,625,0,0,25,25,25,25,0,0,0,-25,0,0,-25,0,150.18666666666667,25,150.18666666666667,0,0
366,1,0,0,1,1,1,1,0,0,0,-1,0,0,-1,0,0.0,1,0.0,0,0
367,169,0,0,13,13,13,13,0,0,0,-13,0,0,-13,0,38.949333333333335,13,38.949333333333335,0,0
368,1,25,0,26,1,-24,1,625,0,25,24,25,0,-1,-25,12.2,1,12.2,25,0
369,1,25,0,26,1,-24,1,625,0,25,24,25,0,-1,-25,12.966666666666667,1,12.966666666666667,25,0
370,1,0,0,1,1,1,1,0,0,0,-1,0,0,-1,0,0.0,1,0.0,0,0
371,1,0,0,1,1,1,1,0,0,0,-1,0,0,-1,0,0.0,1,0.0,0,0
372,169,0,0,13,13,13,13,0,0,0,-13,0,0,-13,0,38.996,13,38.996,0,0
373,100,250,250,35,35,-15,-15,625,625,50,15,0,625,15,0,897.5426666666667,10,272.5426666666667,25,25
374,100,0,0,10,10,10,10,0,0,0,-10,0,0,-10,0,22.388666666666666,10,22.388666666666666,0,0
375,121,275,275,36,36,-14,-14,625,625,50,14,0,625,14,0,927.4666666666667,11,302.4666666666667,25,25
376,1,25,21,26,22,-24,-20,625,525,46,24,4,441,20,-4,547.9893333333333,1,22.98933333333332,25,21
377,625,0,0,25,25,25,25,0,0,0,-25,0,0,-25,0,150.18533333333335,25,150.18533333333335,0,0
378,121,0,0,11,11,11,11,0,0,0,-11,0,0,-11,0,27.685333333333332,11,27.685333333333332,0,0
379,625,0,0,25,25,25,25,0,0,0,-25,0,0,-25,0,149.87866666666667,25,149.87866666666667,0,0
380,1,0,25,1,26,1,-24,0,0,25,-1,-25,625,24,25,12.816666666666666,1,12.816666666666666,0,25
381,4,0,50,2,27,2,-23,0,0,25,-2,-25,625,23,25,25.686666666666667,2,25.686666666666667,0,25
382,1,0,12,1,13,1,-11,0,0,12,-1,-12,144,11,12,5.888,1,5.888,0,12
383,49,0,133,7,26,7,-12,0,0,19,-7,-19,361,12,19,77.178,7,77.178,0,19
384,1,25,0,26,1,-24,1,625,0,25,24,25,0,-1,-25,12.4,1,12.4,25,0
385,625,625,0,50,25,0,25,625,0,25,0,25,0,-25,-25,462.79066666666665,25,462.79066666666665,25,0
386,625,0,0,25,25,25,25,0,0,0,-25,0,0,-25,0,149.88666666666666,25,149.88666666666666,0,0
387,121,0,275,11,36,11,-14,0,0,25,-11,-25,625,14,25,165.51666666666668,11,165.51666666666668,0,25
388,1,0,25,1,26,1,-24,0,0,25,-1,-25,625,24,25,12.7,1,12.7,0,25
389,4,0,50,2,27,2,-23,0,0,25,-2,-25,625,23,25,25.204,2,25.204,0,25
390,100,0,0,10,10,10,10,0,0,0,-10,0,0,-10,0,22.683333333333334,10,22.683333333333334,0,0
391,121,0,275,11,36,11,-14,0,0,25,-11,-25,625,14,25,164.332,11,164.332,0,25
392,1,0,12,1,13,1,-11,0,0,12,-1,-12,144,11,12,5.848,1,5.848,0,12
393,625,0,625,25,50,25,0,0,0,25,-25,-25,625,0,25,462.6193333333333,25,462.6193333333333,0,25
394,100,0,0,10,10,10,10,0,0,0,-10,0,0,-10,0,22.651333333333334,10,22.651333333333334,0,0
395,121,275,0,36,11,-14,11,625,0,25,14,25,0,-11,-25,164.78133333333332,11,164.78133333333332,25,0
396,1,25,0,26,1,-24,1,625,0,25,24,25,0,-1,-25,12.666666666666666,1,12.666666666666666,25,0
397,625,625,0,50,25,0,25,625,0,25,0,25,0,-25,-25,462.25666666666666,25,462.25666666666666,25,0
398,100,250,250,35,35,-15,-15,625,625,50,15,0,625,15,0,897.54,10,272.53999999999996,25,25
399,121,0,0,11,11,11,11,0,0,0,-11,0,0,-11,0,27.626666666666665,11,27.626666666666665,0,0
400,625,0,0,25,25,25,25,0,0,0,-25,0,0,-25,0,150.112,25,150.112,0,0
401,100,0,250,10,35,10,-15,0,0,25,-10,-25,625,15,25,147.38,10,147.38,0,25
402,1,25,12,26,13,-24,-11,625,300,37,24,13,144,11,-13,318.474,1,18.47399999999999,25,12
403,625,0,0,25,25,25,25,0,0,0,-25,0,0,-25,0,150.18666666666667,25,150.18666666666667,0,0
404,1,0,0,1,1,1,1,0,0,0,-1,0,0,-1,0,0.0,1,0.0,0,0
405,169,0,0,13,13,13,13,0,0,0,-13,0,0,-13,0,38.949333333333335,13,38.949333333333335,0,0
406,1,25,0,26,1,-24,1,625,0,25,24,25,0,-1,-25,12.2,1,12.2,25,0
407,1,25,0,26,1,-24,1,625,0,25,24,25,0,-1,-25,12.966666666666667,1,12.966666666666667,25,0
408,1,0,0,1,1,1,1,0,0,0,-1,0,0,-1,0,0.0,1,0.0,0,0
409,1,0,0,1,1,1,1,0,0,0,-1,0,0,-1,0,0.0,1,0.0,0,0
410,169,0,0,13,13,13,13,0,0,0,-13,0,0,-13,0,38.996,13,38.996,0,0
411,100,250,250,35,35,-15,-15,625,625,50,15,0,625,15,0,897.5426666666667,10,272.5426666666667,25,25
412,100,0,0,10,10,10,10,0,0,0,-10,0,0,-10,0,22.388666666666666,10,22.388666666666666,0,0
413,121,275,275,36,36,-14,-14,625,625,50,14,0,625,14,0,927.4666666666667,11,302.4666666666667,25,25
414,1,25,21,26,22,-24,-20,625,525,46,24,4,441,20,-4,547.9893333333333,1,22.98933333333332,25,21
415,625,0,0,25,25,25,25,0,0,0,-25,0,0,-25,0,150.18533333333335,25,150.18533333333335,0,0
416,121,0,0,11,11,11,11,0,0,0,-11,0,0,-11,0,27.685333333333332,11,27.685333333333332,0,0
417,625,0,0,25,25,25,25,0,0,0,-25,0,0,-25,0,149.87866666666667,25,149.87866666666667,0,0
418,1,0,25,1,26,1,-24,0,0,25,-1,-25,625,24,25,12.816666666666666,1,12.816666666666666,0,25
419,4,0,50,2,27,2,-23,0,0,25,-2,-25,625,23,25,25.686666666666667,2,25.686666666666667,0,25
420,1,0,12,1,13,1,-11,0,0,12,-1,-12,144,11,12,5.888,1,5.888,0,12
421,49,0,133,7,26,7,-12,0,0,19,-7,-19,361,12,19,77.178,7,77.178,0,19
422,1,25,0,26,1,-24,1,625,0,25,24,25,0,-1,-25,12.4,1,12.4,25,0
423,625,625,0,50,25,0,25,625,0,25,0,25,0,-25,-25,462.79066666666665,25,462.79066666666665,25,0
424,625,0,0,25,25,25,25,0,0,0,-25,0,0,-25,0,149.88666666666666,25,149.88666666666666,0,0
425,121,0,275,11,36,11,-14,0,0,25,-11,-25,625,14,25,165.51666666666668,11,165.51666666666668,0,25
426,1,0,25,1,26,1,-24,0,0,25,-1,-25,625,24,25,12.7,1,12.7,0,25
427,4,0,50,2,27,2,-23,0,0,25,-2,-25,625,23,25,25.204,2,25.204,0,25
428,100,0,0,10,10,10,10,0,0,0,-10,0,0,-10,0,22.683333333333334,10,22.683333333333334,0,0
429,121,0,275,11,36,11,-14,0,0,25,-11,-25,625,14,25,164.332,11,164.332,0,25
430,1,0,12,1,13,1,-11,0,0,12,-1,-12,144,11,12,5.848,1,5.848,0,12
431,625,0,625,25,50,25,0,0,0,25,-25,-25,625,0,25,462.6193333333333,25,462.6193333333333,0,25
432,100,0,0,10,10,10,10,0,0,0,-10,0,0,-10,0,22.651333333333334,10,22.651333333333334,0,0
433,121,275,0,36,11,-14,11,625,0,25,14,25,0,-11,-25,164.78133333333332,11,164.78133333333332,25,0
434,1,25,0,26,1,-24,1,625,0,25,24,25,0,-1,-25,12.666666666666666,1,12.666666666666666,25,0
435,625,625,0,50,25,0,25,625,0,25,0,25,0,-25,-25,462.25666666666666,25,462.25666666666666,25,0
436,100,250,250,35,35,-15,-15,625,625,50,15,0,625,15,0,897.54,10,272.53999999999996,25,25
437,121,0,0,11,11,11,11,0,0,0,-11,0,0,-11,0,27.626666666666665,11,27.626666666666665,0,0
438,625,0,0,25,25,25,25,0,0,0,-25,0,0,-25,0,150.112,25,150.112,0,0
439,100,0,250,10,35,10,-15,0,0,25,-10,-25,625,15,25,147.38,10,147.38,0,25
440,1,25,12,26,13,-24,-11,625,300,37,24,13,144,11,-13,318.474,1,18.47399999999999,25,12
441,625,0,0,25,25,25,25,0,0,0,-25,0,0,-25,0,150.18666666666667,25,150.18666666666667,0,0
442,1,0,0,1,1,1,1,0,0,0,-1,0,0,-1,0,0.0,1,0.0,0,0
443,169,0,0,13,13,13,13,0,0,0,-13,0,0,-13,0,38.949333333333335,13,38.949333333333335,0,0
444,1,25,0,26,1,-24,1,625,0,25,24,25,0,-1,-25,12.2,1,12.2,25,0
445,1,25,0,26,1,-24,1,625,0,25,24,25,0,-1,-25,12.966666666666667,1,12.966666666666667,25,0
446,1,0,0,1,1,1,1,0,0,0,-1,0,0,-1,0,0.0,1,0.0,0,0
447,1,0,0,1,1,1,1,0,0,0,-1,0,0,-1,0,0.0,1,0.0,0,0
448,169,0,0,13,13,13,13,0,0,0,-13,0,0,-13,0,38.996,13,38.996,0,0
449,100,250,250,35,35,-15,-15,625,625,50,15,0,625,15,0,897.5426666666667,10,272.5426666666667,25,25
450,100,0,0,10,10,10,10,0,0,0,-10,0,0,-10,0,22.388666666666666,10,22.388666666666666,0,0
451,121,275,275,36,36,-14,-14,625,625,50,14,0,625,14,0,927.4666666666667,11,302.4666666666667,25,25
452,1,25,21,26,22,-24,-20,625,525,46,24,4,441,20,-4,547.9893333333333,1,22.98933333333332,25,21
453,625,0,0,25,25,25,25,0,0,0,-25,0,0,-25,0,150.18533333333335,25,150.18533333333335,0,0
454,121,0,0,11,11,11,11,0,0,0,-11,0,0,-11,0,27.685333333333332,11,27.685333333333332,0,0
455,625,0,0,25,25,25,25,0,0,0,-25,0,0,-25,0,149.87866666666667,25,149.87866666666667,0,0
456,1,0,25,1,26,1,-24,0,0,25,-1,-25,625,24,25,12.816666666666666,1,12.816666666666666,0,25
457,4,0,50,2,27,2,-23,0,0,25,-2,-25,625,23,25,25.686666666666667,2,25.686666666666667,0,25
458,1,0,12,1,13,1,-11,0,0,12,-1,-12,144,11,12,5.888,1,5.888,0,12
459,49,0,133,7,26,7,-12,0,0,19,-7,-19,361,12,19,77.178,7,77.178,0,19
460,1,25,0,26,1,-24,1,625,0,25,24,25,0,-1,-25,12.4,1,12.4,25,0
461,625,625,0,50,25,0,25,625,0,25,0,25,0,-25,-25,462.79066666666665,25,462.79066666666665,25,0
462,625,0,0,25,25,25,25,0,0,0,-25,0,0,-25,0,149.88666666666666,25,149.88666666666666,0,0
463,121,0,275,11,36,11,-14,0,0,25,-11,-25,625,14,25,165.51666666666668,11,165.51666666666668,0,25
464,1,0,25,1,26,1,-24,0,0,25,-1,-25,625,24,25,12.7,1,12.7,0,25
465,4,0,50,2,27,2,-23,0,0,25,-2,-25,625,23,25,25.204,2,25.204,0,25
466,100,0,0,10,10,10,10,0,0,0,-10,0,0,-10,0,22.683333333333334,10,22.683333333333334,0,0
467,121,0,275,11,36,11,-14,0,0,25,-11,-25,625,14,25,164.332,11,164.332,0,25
468,1,0,12,1,13,1,-11,0,0,12,-1,-12,144,11,12,5.848,1,5.848,0,12
469,625,0,625,25,50,25,0,0,0,25,-25,-25,625,0,25,462.6193333333333,25,462.6193333333333,0,25
470,100,0,0,10,10,10,10,0,0,0,-10,0,0,-10,0,22.651333333333334,10,22.651333333333334,0,0
471,121,275,0,36,11,-14,11,625,0,25,14,25,0,-11,-25,164.78133333333332,11,164.78133333333332,25,0
472,1,25,0,26,1,-24,1,625,0,25,24,25,0,-1,-25,12.666666666666666,1,12.666666666666666,25,0
473,625,625,0,50,25,0,25,625,0,25,0,25,0,-25,-25,462.25666666666666,25,462.25666666666666,25,0
474,100,250,250,35,35,-15,-15,625,625,50,15,0,625,15,0,897.54,10,272.53999999999996,25,25
475,121,0,0,11,11,11,11,0,0,0,-11,0,0,-11,0,27.626666666666665,11,27.626666666666665,0,0
476,625,0,0,25,25,25,25,0,0,0,-25,0,0,-25,0,150.112,25,150.112,0,0
477,100,0,250,10,35,10,-15,0,0,25,-10,-25,625,15,25,147.38,10,147.38,0,25
478,1,25,12,26,13,-24,-11,625,300,37,24,13,144,11,-13,318.474,1,18.47399999999999,25,12
479,625,0,0,25,25,25,25,0,0,0,-25,0,0,-25,0,150.18666666666667,25,150.18666666666667,0,0
480,1,0,0,1,1,1,1,0,0,0,-1,0,0,-1,0,0.0,1,0.0,0,0
481,169,0,0,13,13,13,13,0,0,0,-13,0,0,-13,0,38.949333333333335,13,38.949333333333335,0,0
482,1,25,0,26,1,-24,1,625,0,25,24,25,0,-1,-25,12.2,1,12.2,25,0
483,1,25,0,26,1,-24,1,625,0,25,24,25,0,-1,-25,12.966666666666667,1,12.966666666666667,25,0
484,1,0,0,1,1,1,1,0,0,0,-1,0,0,-1,0,0.0,1,0.0,0,0
485,1,0,0,1,1,1,1,0,0,0,-1,0,0,-1,0,0.0,1,0.0,0,0
486,169,0,0,13,13,13,13,0,0,0,-13,0,0,-13,0,38.996,13,38.996,0,0
487,100,250,250,35,35,-15,-15,625,625,50,15,0,625,15,0,897.5426666666667,10,272.5426666666667,25,25
488,100,0,0,10,10,10,10,0,0,0,-10,0,0,-10,0,22.388666666666666,10,22.388666666666666,0,0
489,121,275,275,36,36,-14,-14,625,625,50,14,0,625,14,0,927.4666666666667,11,302.4666666666667,25,25
490,1,25,21,26,22,-24,-20,625,525,46,24,4,441,20,-4,547.9893333333333,1,22.98933333333332,25,21
491,625,0,0,25,25,25,25,0,0,0,-25,0,0,-25,0,150.18533333333335,25,150.18533333333335,0,0
492,121,0,0,11,11,11,11,0,0,0,-11,0,0,-11,0,27.685333333333332,11,27.685333333333332,0,0
493,625,0,0,25,25,25,25,0,0,0,-25,0,0,-25,0,149.87866666666667,25,149.87866666666667,0,0
494,1,0,25,1,26,1,-24,0,0,25,-1,-25,625,24,25,12.816666666666666,1,12.816666666666666,0,25
495,4,0,50,2,27,2,-23,0,0,25,-2,-25,625,23,25,25.686666666666667,2,25.686666666666667,0,25
496,1,0,12,1,13,1,-11,0,0,12,-1,-12,144,11,12,5.888,1,5.888,0,12
497,49,0,133,7,26,7,-12,0,0,19,-7,-19,361,12,19,77.178,7,77.178,0,19
498,1,25,0,26,1,-24,1,625,0,25,24,25,0,-1,-25,12.4,1,12.4,25,0
499,625,625,0,50,25,0,25,625,0,25,0,25,0,-25,-25,462.79066666666665,25,462.79066666666665,25,0
500,625,0,0,25,25,25,25,0,0,0,-25,0,0,-25,0,149.88666666666666,25,149.88666666666666,0,0
501,121,0,275,11,36,11,-14,0,0,25,-11,-25,625,14,25,165.51666666666668,11,165.51666666666668,0,25
502,1,0,25,1,26,1,-24,0,0,25,-1,-25,625,24,25,12.7,1,12.7,0,25
503,4,0,50,2,27,2,-23,0,0,25,-2,-25,625,23,25,25.204,2,25.204,0,25
504,100,0,0,10,10,10,10,0,0,0,-10,0,0,-10,0,22.683333333333334,10,22.683333333333334,0,0
505,121,0,275,11,36,11,-14,0,0,25,-11,-25,625,14,25,164.332,11,164.332,0,25
506,1,0,12,1,13,1,-11,0,0,12,-1,-12,144,11,12,5.848,1,5.848,0,12
507,625,0,625,25,50,25,0,0,0,25,-25,-25,625,0,25,462.6193333333333,25,462.6193333333333,0,25
508,100,0,0,10,10,10,10,0,0,0,-10,0,0,-10,0,22.651333333333334,10,22.651333333333334,0,0
509,121,275,0,36,11,-14,11,625,0,25,14,25,0,-11,-25,164.78133333333332,11,164.78133333333332,25,0
510,1,25,0,26,1,-24,1,625,0,25,24,25,0,-1,-25,12.666666666666666,1,12.666666666666666,25,0
511,625,625,0,50,25,0,25,625,0,25,0,25,0,-25,-25,462.25666666666666,25,462.25666666666666,25,0
512,100,250,250,35,35,-15,-15,625,625,50,15,0,625,15,0,897.54,10,272.53999999999996,25,25
513,121,0,0,11,11,11,11,0,0,0,-11,0,0,-11,0,27.626666666666665,11,27.626666666666665,0,0
514,625,0,0,25,25,25,25,0,0,0,-25,0,0,-25,0,150.112,25,150.112,0,0
515,100,0,250,10,35,10,-15,0,0,25,-10,-25,625,15,25,147.38,10,147.38,0,25
516,1,25,12,26,13,-24,-11,625,300,37,24,13,144,11,-13,318.474,1,18.47399999999999,25,12
517,625,0,0,25,25,25,25,0,0,0,-25,0,0,-25,0,150.18666666666667,25,150.18666666666667,0,0
518,1,0,0,1,1,1,1,0,0,0,-1,0,0,-1,0,0.0,1,0.0,0,0
519,169,0,0,13,13,13,13,0,0,0,-13,0,0,-13,0,38.949333333333335,13,38.949333333333335,0,0
520,1,25,0,26,1,-24,1,625,0,25,24,25,0,-1,-25,12.2,1,12.2,25,0
521,1,25,0,26,1,-24,1,625,0,25,24,25,0,-1,-25,12.966666666666667,1,12.966666666666667,25,0
522,1,0,0,1,1,1,1,0,0,0,-1,0,0,-1,0,0.0,1,0.0,0,0
523,1,0,0,1,1,1,1,0,0,0,-1,0,0,-1,0,0.0,1,0.0,0,0
524,169,0,0,13,13,13,13,0,0,0,-13,0,0,-13,0,38.996,13,38.996,0,0
525,100,250,250,35,35,-15,-15,625,625,50,15,0,625,15,0,897.5426666666667,10,272.5426666666667,25,25
526,100,0,0,10,10,10,10,0,0,0,-10,0,0,-10,0,22.388666666666666,10,22.388666666666666,0,0
527,121,275,275,36,36,-14,-14,625,625,50,14,0,625,14,0,927.4666666666667,11,302.4666666666667,25,25
528,1,25,21,26,22,-24,-20,625,525,46,24,4,441,20,-4,547.9893333333333,1,22.98933333333332,25,21
529,625,0,0,25,25,25,25,0,0,0,-25,0,0,-25,0,150.18533333333335,25,150.18533333333335,0,0
530,121,0,0,11,11,11,11,0,0,0,-11,0,0,-11,0,27.685333333333332,11,27.685333333333332,0,0
531,625,0,0,25,25,25,25,0,0,0,-25,0,0,-25,0,149.87866666666667,25,149.87866666666667,0,0
532,1,0,25,1,26,1,-24,0,0,25,-1,-25,625,24,25,12.816666666666666,1,12.816666666666666,0,25
533,4,0,50,2,27,2,-23,0,0,25,-2,-25,625,23,25,25.686666666666667,2,25.686666666666667,0,25
534,1,0,12,1,13,1,-11,0,0,12,-1,-12,144,11,12,5.888,1,5.888,0,12
535,49,0,133,7,26,7,-12,0,0,19,-7,-19,361,12,19,77.178,7,77.178,0,19
536,1,25,0,26,1,-24,1,625,0,25,24,25,0,-1,-25,12.4,1,12.4,25,0
537,625,625,0,50,25,0,25,625,0,25,0,25,0,-25,-25,462.79066666666665,25,462.79066666666665,25,0
538,625,0,0,25,25,25,25,0,0,0,-25,0,0,-25,0,149.88666666666666,25,149.88666666666666,0,0
539,121,0,275,11,36,11,-14,0,0,25,-11,-25,625,14,25,165.51666666666668,11,165.51666666666668,0,25
540,1,0,25,1,26,1,-24,0,0,25,-1,-25,625,24,25,12.7,1,12.7,0,25
541,4,0,50,2,27,2,-23,0,0,25,-2,-25,625,23,25,25.204,2,25.204,0,25
542,100,0,0,10,10,10,10,0,0,0,-10,0,0,-10,0,22.683333333333334,10,22.683333333333334,0,0
543,121,0,275,11,36,11,-14,0,0,25,-11,-25,625,14,25,164.332,11,164.332,0,25
544,1,0,12,1,13,1,-11,0,0,12,-1,-12,144,11,12,5.848,1,5.848,0,12
545,625,0,625,25,50,25,0,0,0,25,-25,-25,625,0,25,462.6193333333333,25,462.6193333333333,0,25
546,100,0,0,10,10,10,10,0,0,0,-10,0,0,-10,0,22.651333333333334,10,22.651333333333334,0,0
547,121,275,0,36,11,-14,11,625,0,25,14,25,0,-11,-25,164.78133333333332,11,164.78133333333332,25,0
548,1,25,0,26,1,-24,1,625,0,25,24,25,0,-1,-25,12.666666666666666,1,12.666666666666666,25,0
549,625,625,0,50,25,0,25,625,0,25,0,25,0,-25,-25,462.25666666666666,25,462.25666666666666,25,0
550,100,250,250,35,35,-15,-15,625,625,50,15,0,625,15,0,897.54,10,272.53999999999996,25,25
551,121,0,0,11,11,11,11,0,0,0,-11,0,0,-11,0,27.626666666666665,11,27.626666666666665,0,0
552,625,0,0,25,25,25,25,0,0,0,-25,0,0,-25,0,150.112,25,150.112,0,0
553,100,0,250,10,35,10,-15,0,0,25,-10,-25,625,15,25,147.38,10,147.38,0,25
554,1,25,12,26,13,-24,-11,625,300,37,24,13,144,11,-13,318.474,1,18.47399999999999,25,12
555,625,0,0,25,25,25,25,0,0,0,-25,0,0,-25,0,150.18666666666667,25,150.18666666666667,0,0
556,1,0,0,1,1,1,1,0,0,0,-1,0,0,-1,0,0.0,1,0.0,0,0
557,169,0,0,13,13,13,13,0,0,0,-13,0,0,-13,0,38.949333333333335,13,38.949333333333335,0,0
558,1,25,0,26,1,-24,1,625,0,25,24,25,0,-1,-25,12.2,1,12.2,25,0
559,1,25,0,26,1,-24,1,625,0,25,24,25,0,-1,-25,12.966666666666667,1,12.966666666666667,25,0
560,1,0,0,1,1,1,1,0,0,0,-1,0,0,-1,0,0.0,1,0.0,0,0
561,1,0,0,1,1,1,1,0,0,0,-1,0,0,-1,0,0.0,1,0.0,0,0
562,169,0,0,13,13,13,13,0,0,0,-13,0,0,-13,0,38.996,13,38.996,0,0
563,100,250,250,35,35,-15,-15,625,625,50,15,0,625,15,0,897.5426666666667,10,272.5426666666667,25,25
564,100,0,0,10,10,10,10,0,0,0,-10,0,0,-10,0,22.388666666666666,10,22.388666666666666,0,0
565,121,275,275,36,36,-14,-14,625,625,50,14,0,625,14,0,927.4666666666667,11,302.4666666666667,25,25
566,1,25,21,26,22,-24,-20,625,525,46,24,4,441,20,-4,547.9893333333333,1,22.98933333333332,25,21
567,625,0,0,25,25,25,25,0,0,0,-25,0,0,-25,0,150.18533333333335,25,150.18533333333335,0,0
568,121,0,0,11,11,11,11,0,0,0,-11,0,0,-11,0,27.685333333333332,11,27.685333333333332,0,0
569,625,0,0,25,25,25,25,0,0,0,-25,0,0,-25,0,149.87866666666667,25,149.87866666666667,0,0
570,1,0,25,1,26,1,-24,0,0,25,-1,-25,625,24,25,12.816666666666666,1,12.816666666666666,0,25
571,4,0,50,2,27,2,-23,0,0,25,-2,-25,625,23,25,25.686666666666667,2,25.686666666666667,0,25
572,1,0,12,1,13,1,-11,0,0,12,-1,-12,144,11,12,5.888,1,5.888,0,12
573,49,0,133,7,26,7,-12,0,0,19,-7,-19,361,12,19,77.178,7,77.178,0,19
574,1,25,0,26,1,-24,1,625,0,25,24,25,0,-1,-25,12.4,1,12.4,25,0
575,625,625,0,50,25,0,25,625,0,25,0,25,0,-25,-25,462.79066666666665,25,462.79066666666665,25,0
576,625,0,0,25,25,25,25,0,0,0,-25,0,0,-25,0,149.88666666666666,25,149.88666666666666,0,0
577,121,0,275,11,36,11,-14,0,0,25,-11,-25,625,14,25,165.51666666666668,11,165.51666666666668,0,25
578,1,0,25,1,26,1,-24,0,0,25,-1,-25,625,24,25,12.7,1,12.7,0,25
579,4,0,50,2,27,2,-23,0,0,25,-2,-25,625,23,25,25.204,2,25.204,0,25
580,100,0,0,10,10,10,10,0,0,0,-10,0,0,-10,0,22.683333333333334,10,22.683333333333334,0,0
581,121,0,275,11,36,11,-14,0,0,25,-11,-25,625,14,25,164.332,11,164.332,0,25
582,1,0,12,1,13,1,-11,0,0,12,-1,-12,144,11,12,5.848,1,5.848,0,12
583,625,0,625,25,50,25,0,0,0,25,-25,-25,625,0,25,462.6193333333333,25,462.6193333333333,0,25
584,100,0,0,10,10,10,10,0,0,0,-10,0,0,-10,0,22.651333333333334,10,22.651333333333334,0,0
585,121,275,0,36,11,-14,11,625,0,25,14,25,0,-11,-25,164.78133333333332,11,164.78133333333332,25,0
586,1,25,0,26,1,-24,1,625,0,25,24,25,0,-1,-25,12.666666666666666,1,12.666666666666666,25,0
587,625,625,0,50,25,0,25,625,0,25,0,25,0,-25,-25,462.25666666666666,25,462.25666666666666,25,0
588,100,250,250,35,35,-15,-15,625,625,50,15,0,625,15,0,897.54,10,272.53999999999996,25,25
589,121,0,0,11,11,11,11,0,0,0,-11,0,0,-11,0,27.626666666666665,11,27.626666666666665,0,0
590,625,0,0,25,25,25,25,0,0,0,-25,0,0,-25,0,150.112,25,150.112,0,0
591,100,0,250,10,35,10,-15,0,0,25,-10,-25,625,15,25,147.38,10,147.38,0,25
592,1,25,12,26,13,-24,-11,625,300,37,24,13,144,11,-13,318.474,1,18.47399999999999,25,12
593,625,0,0,25,25,25,25,0,0,0,-25,0,0,-25,0,150.18666666666667,25,150.18666666666667,0,0
594,1,0,0,1,1,1,1,0,0,0,-1,0,0,-1,0,0.0,1,0.0,0,0
595,169,0,0,13,13,13,13,0,0,0,-13,0,0,-13,0,38.949333333333335,13,38.949333333333335,0,0
596,1,25,0,26,1,-24,1,625,0,25,24,25,0,-1,-25,12.2,1,12.2,25,0
597,1,25,0,26,1,-24,1,625,0,25,24,25,0,-1,-25,12.966666666666667,1,12.966666666666667,25,0
598,1,0,0,1,1,1,1,0,0,0,-1,0,0,-1,0,0.0,1,0.0,0,0
599,1,0,0,1,1,1,1,0,0,0,-1,0,0,-1,0,0.0,1,0.0,0,0
600,169,0,0,13,13,13,13,0,0,0,-13,0,0,-13,0,38.996,13,38.996,0,0
601,100,250,250,35,35,-15,-15,625,625,50,15,0,625,15,0,897.5426666666667,10,272.5426666666667,25,25
602,100,0,0,10,10,10,10,0,0,0,-10,0,0,-10,0,22.388666666666666,10,22.388666666666666,0,0
603,121,275,275,36,36,-14,-14,625,625,50,14,0,625,14,0,927.4666666666667,11,302.4666666666667,25,25
604,1,25,21,26,22,-24,-20,625,525,46,24,4,441,20,-4,547.9893333333333,1,22.98933333333332,25,21
605,625,0,0,25,25,25,25,0,0,0,-25,0,0,-25,0,150.18533333333335,25,150.18533333333335,0,0
606,121,0,0,11,11,11,11,0,0,0,-11,0,0,-11,0,27.685333333333332,11,27.685333333333332,0,0
607,625,0,0,25,25,25,25,0,0,0,-25,0,0,-25,0,149.87866666666667,25,149.87866666666667,0,0
608,1,0,25,1,26,1,-24,0,0,25,-1,-25,625,24,25,12.816666666666666,1,12.816666666666666,0,25
609,4,0,50,2,27,2,-23,0,0,25,-2,-25,625,23,25,25.686666666666667,2,25.686666666666667,0,25
610,1,0,12,1,13,1,-11,0,0,12,-1,-12,144,11,12,5.888,1,5.888,0,12
611,49,0,133,7,26,7,-12,0,0,19,-7,-19,361,12,19,77.178,7,77.178,0,19
612,1,25,0,26,1,-24,1,625,0,25,24,25,0,-1,-25,12.4,1,12.4,25,0
613,625,625,0,50,25,0,25,625,0,25,0,25,0,-25,-25,462.79066666666665,25,462.79066666666665,25,0
614,625,0,0,25,25,25,25,0,0,0,-25,0,0,-25,0,149.88666666666666,25,149.88666666666666,0,0
615,121,0,275,11,36,11,-14,0,0,25,-11,-25,625,14,25,165.51666666666668,11,165.51666666666668,0,25
616,1,0,25,1,26,1,-24,0,0,25,-1,-25,625,24,25,12.7,1,12.7,0,25
617,4,0,50,2,27,2,-23,0,0,25,-2,-25,625,23,25,25.204,2,25.204,0,25
618,100,0,0,10,10,10,10,0,0,0,-10,0,0,-10,0,22.683333333333334,10,22.683333333333334,0,0
619,121,0,275,11,36,11,-14,0,0,25,-11,-25,625,14,25,164.332,11,164.332,0,25
620,1,0,12,1,13,1,-11,0,0,12,-1,-12,144,11,12,5.848,1,5.848,0,12
621,625,0,625,25,50,25,0,0,0,25,-25,-25,625,0,25,462.6193333333333,25,462.6193333333333,0,25
622,100,0,0,10,10,10,10,0,0,0,-10,0,0,-10,0,22.651333333333334,10,22.651333333333334,0,0
623,121,275,0,36,11,-14,11,625,0,25,14,25,0,-11,-25,164.78133333333332,11,164.78133333333332,25,0
624,1,25,0,26,1,-24,1,625,0,25,24,25,0,-1,-25,12.666666666666666,1,12.666666666666666,25,0
625,625,625,0,50,25,0,25,625,0,25,0,25,0,-25,-25,462.25666666666666,25,462.25666666666666,25,0
626,100,250,250,35,35,-15,-15,625,625,50,15,0,625,15,0,897.54,10,272.53999999999996,25,25
627,121,0,0,11,11,11,11,0,0,0,-11,0,0,-11,0,27.626666666666665,11,27.626666666666665,0,0
628,625,0,0,25,25,25,25,0,0,0,-25,0,0,-25,0,150.112,25,150.112,0,0
629,100,0,250,10,35,10,-15,0,0,25,-10,-25,625,15,25,147.38,10,147.38,0,25
630,1,25,12,26,13,-24,-11,625,300,37,24,13,144,11,-13,318.474,1,18.47399999999999,25,12
631,625,0,0,25,25,25,25,0,0,0,-25,0,0,-25,0,150.18666666666667,25,150.18666666666667,0,0
632,1,0,0,1,1,1,1,0,0,0,-1,0,0,-1,0,0.0,1,0.0,0,0
633,169,0,0,13,13,13,13,0,0,0,-13,0,0,-13,0,38.949333333333335,13,38.949333333333335,0,0
634,1,25,0,26,1,-24,1,625,0,25,24,25,0,-1,-25,12.2,1,12.2,25,0
635,1,25,0,26,1,-24,1,625,0,25,24,25,0,-1,-25,12.966666666666667,1,12.966666666666667,25,0
636,1,0,0,1,1,1,1,0,0,0,-1,0,0,-1,0,0.0,1,0.0,0,0
637,1,0,0,1,1,1,1,0,0,0,-1,0,0,-1,0,0.0,1,0.0,0,0
638,169,0,0,13,13,13,13,0,0,0,-13,0,0,-13,0,38.996,13,38.996,0,0
639,100,250,250,35,35,-15,-15,625,625,50,15,0,625,15,0,897.5426666666667,10,272.5426666666667,25,25
640,100,0,0,10,10,10,10,0,0,0,-10,0,0,-10,0,22.388666666666666,10,22.388666666666666,0,0
641,121,275,275,36,36,-14,-14,625,625,50,14,0,625,14,0,927.4666666666667,11,302.4666666666667,25,25
642,1,25,21,26,22,-24,-20,625,525,46,24,4,441,20,-4,547.9893333333333,1,22.98933333333332,25,21
643,625,0,0,25,25,25,25,0,0,0,-25,0,0,-25,0,150.18533333333335,25,150.18533333333335,0,0
644,121,0,0,11,11,11,11,0,0,0,-11,0,0,-11,0,27.685333333333332,11,27.685333333333332,0,0
645,625,0,0,25,25,25,25,0,0,0,-25,0,0,-25,0,149.87866666666667,25,149.87866666666667,0,0
646,1,0,25,1,26,1,-24,0,0,25,-1,-25,625,24,25,12.816666666666666,1,12.816666666666666,0,25
647,4,0,50,2,27,2,-23,0,0,25,-2,-25,625,23,25,25.686666666666667,2,25.686666666666667,0,25
648,1,0,12,1,13,1,-11,0,0,12,-1,-12,144,11,12,5.888,1,5.888,0,12
649,49,0,133,7,26,7,-12,0,0,19,-7,-19,361,12,19,77.178,7,77.178,0,19
650,1,25,0,26,1,-24,1,625,0,25,24,25,0,-1,-25,12.4,1,12.4,25,0
651,625,625,0,50,25,0,25,625,0,25,0,25,0,-25,-25,462.79066666666665,25,462.79066666666665,25,0
652,625,0,0,25,25,25,25,0,0,0,-25,0,0,-25,0,149.88666666666666,25,149.88666666666666,0,0
653,121,0,275,11,36,11,-14,0,0,25,-11,-25,625,14,25,165.51666666666668,11,165.51666666666668,0,25
654,1,0,25,1,26,1,-24,0,0,25,-1,-25,625,24,25,12.7,1,12.7,0,25
655,4,0,50,2,27,2,-23,0,0,25,-2,-25,625,23,25,25.204,2,25.204,0,25
656,100,0,0,10,10,10,10,0,0,0,-10,0,0,-10,0,22.683333333333334,10,22.683333333333334,0,0
657,121,0,275,11,36,11,-14,0,0,25,-11,-25,625,14,25,164.332,11,164.332,0,25
658,1,0,12,1,13,1,-11,0,0,12,-1,-12,144,11,12,5.848,1,5.848,0,12
659,625,0,625,25,50,25,0,0,0,25,-25,-25,625,0,25,462.6193333333333,25,462.6193333333333,0,25
660,100,0,0,10,10,10,10,0,0,0,-10,0,0,-10,0,22.651333333333334,10,22.651333333333334,0,0
661,121,275,0,36,11,-14,11,625,0,25,14,25,0,-11,-25,164.78133333333332,11,164.78133333333332,25,0
662,1,25,0,26,1,-24,1,625,0,25,24,25,0,-1,-25,12.666666666666666,1,12.666666666666666,25,0
663,625,625,0,50,25,0,25,625,0,25,0,25,0,-25,-25,462.25666666666666,25,462.25666666666666,25,0
664,100,250,250,35,35,-15,-15,625,625,50,15,0,625,15,0,897.54,10,272.53999999999996,25,25
665,121,0,0,11,11,11,11,0,0,0,-11,0,0,-11,0,27.626666666666665,11,27.626666666666665,0,0
666,625,0,0,25,25,25,25,0,0,0,-25,0,0,-25,0,150.112,25,150.112,0,0
667,100,0,250,10,35,10,-15,0,0,25,-10,-25,625,15,25,147.38,10,147.38,0,25
668,1,25,12,26,13,-24,-11,625,300,37,24,13,144,11,-13,318.474,1,18.47399999999999,25,12
669,625,0,0,25,25,25,25,0,0,0,-25,0,0,-25,0,150.18666666666667,25,150.18666666666667,0,0
670,1,0,0,1,1,1,1,0,0,0,-1,0,0,-1,0,0.0,1,0.0,0,0
671,169,0,0,13,13,13,13,0,0,0,-13,0,0,-13,0,38.949333333333335,13,38.949333333333335,0,0
672,1,25,0,26,1,-24,1,625,0,25,24,25,0,-1,-25,12.2,1,12.2,25,0
673,1,25,0,26,1,-24,1,625,0,25,24,25,0,-1,-25,12.966666666666667,1,12.966666666666667,25,0
674,1,0,0,1,1,1,1,0,0,0,-1,0,0,-1,0,0.0,1,0.0,0,0
675,1,0,0,1,1,1,1,0,0,0,-1,0,0,-1,0,0.0,1,0.0,0,0
676,169,0,0,13,13,13,13,0,0,0,-13,0,0,-13,0,38.996,13,38.996,0,0
677,100,250,250,35,35,-15,-15,625,625,50,15,0,625,15,0,897.5426666666667,10,272.5426666666667,25,25
678,100,0,0,10,10,10,10,0,0,0,-10,0,0,-10,0,22.388666666666666,10,22.388666666666666,0,0
679,121,275,275,36,36,-14,-14,625,625,50,14,0,625,14,0,927.4666666666667,11,302.4666666666667,25,25
680,1,25,21,26,22,-24,-20,625,525,46,24,4,441,20,-4,547.9893333333333,1,22.98933333333332,25,21
681,625,0,0,25,25,25,25,0,0,0,-25,0,0,-25,0,150.18533333333335,25,150.18533333333335,0,0
682,121,0,0,11,11,11,11,0,0,0,-11,0,0,-11,0,27.685333333333332,11,27.685333333333332,0,0
683,625,0,0,25,25,25,25,0,0,0,-25,0,0,-25,0,149.87866666666667,25,149.87866666666667,0,0
684,1,0,25,1,26,1,-24,0,0,25,-1,-25,625,24,25,12.816666666666666,1,12.816666666666666,0,25
685,4,0,50,2,27,2,-23,0,0,25,-2,-25,625,23,25,25.686666666666667,2,25.686666666666667,0,25
686,1,0,12,1,13,1,-11,0,0,12,-1,-12,144,11,12,5.888,1,5.888,0,12
687,49,0,133,7,26,7,-12,0,0,19,-7,-19,361,12,19,77.178,7,77.178,0,19
688,1,25,0,26,1,-24,1,625,0,25,24,25,0,-1,-25,12.4,1,12.4,25,0
689,625,625,0,50,25,0,25,625,0,25,0,25,0,-25,-25,462.79066666666665,25,462.79066666666665,25,0
690,625,0,0,25,25,25,25,0,0,0,-25,0,0,-25,0,149.88666666666666,25,149.88666666666666,0,0
691,121,0,275,11,36,11,-14,0,0,25,-11,-25,625,14,25,165.51666666666668,11,165.51666666666668,0,25
692,1,0,25,1,26,1,-24,0,0,25,-1,-25,625,24,25,12.7,1,12.7,0,25
693,4,0,50,2,27,2,-23,0,0,25,-2,-25,625,23,25,25.204,2,25.204,0,25
694,100,0,0,10,10,10,10,0,0,0,-10,0,0,-10,0,22.683333333333334,10,22.683333333333334,0,0
695,121,0,275,11,36,11,-14,0,0,25,-11,-25,625,14,25,164.332,11,164.332,0,25
696,1,0,12,1,13,1,-11,0,0,12,-1,-12,144,11,12,5.848,1,5.848,0,12
697,625,0,625,25,50,25,0,0,0,25,-25,-25,625,0,25,462.6193333333333,25,462.6193333333333,0,25
698,100,0,0,10,10,10,10,0,0,0,-10,0,0,-10,0,22.651333333333334,10,22.651333333333334,0,0
699,121,275,0,36,11,-14,11,625,0,25,14,25,0,-11,-25,164.78133333333332,11,164.78133333333332,25,0
700,1,25,0,26,1,-24,1,625,0,25,24,25,0,-1,-25,12.666666666666666,1,12.666666666666666,25,0
701,625,625,0,50,25,0,25,625,0,25,0,25,0,-25,-25,462.25666666666666,25,462.25666666666666,25,0
702,100,250,250,35,35,-15,-15,625,625,50,15,0,625,15,0,897.54,10,272.53999999999996,25,25
703,121,0,0,11,11,11,11,0,0,0,-11,0,0,-11,0,27.626666666666665,11,27.626666666666665,0,0
704,625,0,0,25,25,25,25,0,0,0,-25,0,0,-25,0,150.112,25,150.112,0,0
705,100,0,250,10,35,10,-15,0,0,25,-10,-25,625,15,25,147.38,10,147.38,0,25
706,1,25,12,26,13,-24,-11,625,300,37,24,13,144,11,-13,318.474,1,18.47399999999999,25,12
707,625,0,0,25,25,25,25,0,0,0,-25,0,0,-25,0,150.18666666666667,25,150.18666666666667,0,0
708,1,0,0,1,1,1,1,0,0,0,-1,0,0,-1,0,0.0,1,0.0,0,0
709,169,0,0,13,13,13,13,0,0,0,-13,0,0,-13,0,38.949333333333335,13,38.949333333333335,0,0
710,1,25,0,26,1,-24,1,625,0,25,24,25,0,-1,-25,12.2,1,12.2,25,0
711,1,25,0,26,1,-24,1,625,0,25,24,25,0,-1,-25,12.966666666666667,1,12.966666666666667,25,0
712,1,0,0,1,1,1,1,0,0,0,-1,0,0,-1,0,0.0,1,0.0,0,0
713,1,0,0,1,1,1,1,0,0,0,-1,0,0,-1,0,0.0,1,0.0,0,0
714,169,0,0,13,13,13,13,0,0,0,-13,0,0,-13,0,38.996,13,38.996,0,0
715,100,250,250,35,35,-15,-15,625,625,50,15,0,625,15,0,897.5426666666667,10,272.5426666666667,25,25
716,100,0,0,10,10,10,10,0,0,0,-10,0,0,-10,0,22.388666666666666,10,22.388666666666666,0,0
717,121,275,275,36,36,-14,-14,625,625,50,14,0,625,14,0,927.4666666666667,11,302.4666666666667,25,25
718,1,25,21,26,22,-24,-20,625,525,46,24,4,441,20,-4,547.9893333333333,1,22.98933333333332,25,21
719,625,0,0,25,25,25,25,0,0,0,-25,0,0,-25,0,150.18533333333335,25,150.18533333333335,0,0
720,121,0,0,11,11,11,11,0,0,0,-11,0,0,-11,0,27.685333333333332,11,27.685333333333332,0,0
721,625,0,0,25,25,25,25,0,0,0,-25,0,0,-25,0,149.87866666666667,25,149.87866666666667,0,0
722,1,0,25,1,26,1,-24,0,0,25,-1,-25,625,24,25,12.816666666666666,1,12.816666666666666,0,25
723,4,0,50,2,27,2,-23,0,0,25,-2,-25,625,23,25,25.686666666666667,2,25.686666666666667,0,25
724,1,0,12,1,13,1,-11,0,0,12,-1,-12,144,11,12,5.888,1,5.888,0,12
725,49,0,133,7,26,7,-12,0,0,19,-7,-19,361,12,19,77.178,7,77.178,0,19
726,1,25,0,26,1,-24,1,625,0,25,24,25,0,-1,-25,12.4,1,12.4,25,0
727,625,625,0,50,25,0,25,625,0,25,0,25,0,-25,-25,462.79066666666665,25,462.79066666666665,25,0
728,625,0,0,25,25,25,25,0,0,0,-25,0,0,-25,0,149.88666666666666,25,149.88666666666666,0,0
729,121,0,275,11,36,11,-14,0,0,25,-11,-25,625,14,25,165.51666666666668,11,165.51666666666668,0,25
730,1,0,25,1,26,1,-24,0,0,25,-1,-25,625,24,25,12.7,1,12.7,0,25
731,4,0,50,2,27,2,-23,0,0,25,-2,-25,625,23,25,25.204,2,25.204,0,25
732,100,0,0,10,10,10,10,0,0,0,-10,0,0,-10,0,22.683333333333334,10,22.683333333333334,0,0
733,121,0,275,11,36,11,-14,0,0,25,-11,-25,625,14,25,164.332,11,164.332,0,25
734,1,0,12,1,13,1,-11,0,0,12,-1,-12,144,11,12,5.848,1,5.848,0,12
735,625,0,625,25,50,25,0,0,0,25,-25,-25,625,0,25,462.6193333333333,25,462.6193333333333,0,25
736,100,0,0,10,10,10,10,0,0,0,-10,0,0,-10,0,22.651333333333334,10,22.651333333333334,0,0
737,121,275,0,36,11,-14,11,625,0,25,14,25,0,-11,-25,164.78133333333332,11,164.78133333333332,25,0
738,1,25,0,26,1,-24,1,625,0,25,24,25,0,-1,-25,12.666666666666666,1,12.666666666666666,25,0
739,625,625,0,50,25,0,25,625,0,25,0,25,0,-25,-25,462.25666666666666,25,462.25666666666666,25,0
740,100,250,250,35,35,-15,-15,625,625,50,15,0,625,15,0,897.54,10,272.53999999999996,25,25
741,121,0,0,11,11,11,11,0,0,0,-11,0,0,-11,0,27.626666666666665,11,27.626666666666665,0,0
742,625,0,0,25,25,25,25,0,0,0,-25,0,0,-25,0,150.112,25,150.112,0,0
743,100,0,250,10,35,10,-15,0,0,25,-10,-25,625,15,25,147.38,10,147.38,0,25
744,1,25,12,26,13,-24,-11,625,300,37,24,13,144,11,-13,318.474,1,18.47399999999999,25,12
745,625,0,0,25,25,25,25,0,0,0,-25,0,0,-25,0,150.18666666666667,25,150.18666666666667,0,0
746,1,0,0,1,1,1,1,0,0,0,-1,0,0,-1,0,0.0,1,0.0,0,0
747,169,0,0,13,13,13,13,0,0,0,-13,0,0,-13,0,38.949333333333335,13,38.949333333333335,0,0
748,1,25,0,26,1,-24,1,625,0,25,24,25,0,-1,-25,12.2,1,12.2,25,0
749,1,25,0,26,1,-24,1,625,0,25,24,25,0,-1,-25,12.966666666666667,1,12.966666666666667,25,0
750,1,0,0,1,1,1,1,0,0,0,-1,0,0,-1,0,0.0,1,0.0,0,0
751,1,0,0,1,1,1,1,0,0,0,-1,0,0,-1,0,0.0,1,0.0,0,0
752,169,0,0,13,13,13,13,0,0,0,-13,0,0,-13,0,38.996,13,38.996,0,0
753,100,250,250,35,35,-15,-15,625,625,50,15,0,625,15,0,897.5426666666667,10,272.5426666666667,25,25
754,100,0,0,10,10,10,10,0,0,0,-10,0,0,-10,0,22.388666666666666,10,22.388666666666666,0,0
755,121,275,275,36,36,-14,-14,625,625,50,14,0,625,14,0,927.4666666666667,11,302.4666666666667,25,25
756,1,25,21,26,22,-24,-20,625,525,46,24,4,441,20,-4,547.9893333333333,1,22.98933333333332,25,21
757,625,0,0,25,25,25,25,0,0,0,-25,0,0,-25,0,150.18533333333335,25,150.18533333333335,0,0
758,121,0,0,11,11,11,11,0,0,0,-11,0,0,-11,0,27.685333333333332,11,27.685333333333332,0,0
759,625,0,0,25,25,25,25,0,0,0,-25,0,0,-25,0,149.87866666666667,25,149.87866666666667,0,0
760,1,0,25,1,26,1,-24,0,0,25,-1,-25,625,24,25,12.816666666666666,1,12.816666666666666,0,25
761,4,0,50,2,27,2,-23,0,0,25,-2,-25,625,23,25,25.686666666666667,2,25.686666666666667,0,25
762,1,0,12,1,13,1,-11,0,0,12,-1,-12,144,11,12,5.888,1,5.888,0,12
763,49,0,133,7,26,7,-12,0,0,19,-7,-19,361,12,19,77.178,7,77.178,0,19
764,1,25,0,26,1,-24,1,625,0,25,24,25,0,-1,-25,12.4,1,12.4,25,0
765,625,625,0,50,25,0,25,625,0,25,0,25,0,-25,-25,462.79066666666665,25,462.79066666666665,25,0
766,625,0,0,25,25,25,25,0,0,0,-25,0,0,-25,0,149.88666666666666,25,149.88666666666666,0,0
767,121,0,275,11,36,11,-14,0,0,25,-11,-25,625,14,25,165.51666666666668,11,165.51666666666668,0,25
768,1,0,25,1,26,1,-24,0,0,25,-1,-25,625,24,25,12.7,1,12.7,0,25
769,4,0,50,2,27,2,-23,0,0,25,-2,-25,625,23,25,25.204,2,25.204,0,25
770,100,0,0,10,10,10,10,0,0,0,-10,0,0,-10,0,22.683333333333334,10,22.683333333333334,0,0
771,121,0,275,11,36,11,-14,0,0,25,-11,-25,625,14,25,164.332,11,164.332,0,25
772,1,0,12,1,13,1,-11,0,0,12,-1,-12,144,11,12,5.848,1,5.848,0,12
773,625,0,625,25,50,25,0,0,0,25,-25,-25,625,0,25,462.6193333333333,25,462.6193333333333,0,25
774,100,0,0,10,10,10,10,0,0,0,-10,0,0,-10,0,22.651333333333334,10,22.651333333333334,0,0
775,121,275,0,36,11,-14,11,625,0,25,14,25,0,-11,-25,164.78133333333332,11,164.78133333333332,25,0
776,1,25,0,26,1,-24,1,625,0,25,24,25,0,-1,-25,12.666666666666666,1,12.666666666666666,25,0
777,625,625,0,50,25,0,25,625,0,25,0,25,0,-25,-25,462.25666666666666,25,462.25666666666666,25,0
778,100,250,250,35,35,-15,-15,625,625,50,15,0,625,15,0,897.54,10,272.53999999999996,25,25
779,121,0,0,11,11,11,11,0,0,0,-11,0,0,-11,0,27.626666666666665,11,27.626666666666665,0,0
780,625,0,0,25,25,25,25,0,0,0,-25,0,0,-25,0,150.112,25,150.112,0,0
781,100,0,250,10,35,10,-15,0,0,25,-10,-25,625,15,25,147.38,10,147.38,0,25
782,1,25,12,26,13,-24,-11,625,300,37,24,13,144,11,-13,318.474,1,18.47399999999999,25,12
783,625,0,0,25,25,25,25,0,0,0,-25,0,0,-25,0,150.18666666666667,25,150.18666666666667,0,0
784,1,0,0,1,1,1,1,0,0,0,-1,0,0,-1,0,0.0,1,0.0,0,0
785,169,0,0,13,13,13,13,0,0,0,-13,0,0,-13,0,38.949333333333335,13,38.949333333333335,0,0
786,1,25,0,26,1,-24,1,625,0,25,24,25,0,-1,-25,12.2,1,12.2,25,0
787,1,25,0,26,1,-24,1,625,0,25,24,25,0,-1,-25,12.966666666666667,1,12.966666666666667,25,0
788,1,0,0,1,1,1,1,0,0,0,-1,0,0,-1,0,0.0,1,0.0,0,0
789,1,0,0,1,1,1,1,0,0,0,-1,0,0,-1,0,0.0,1,0.0,0,0
790,169,0,0,13,13,13,13,0,0,0,-13,0,0,-13,0,38.996,13,38.996,0,0
791,100,250,250,35,35,-15,-15,625,625,50,15,0,625,15,0,897.5426666666667,10,272.5426666666667,25,25
792,100,0,0,10,10,10,10,0,0,0,-10,0,0,-10,0,22.388666666666666,10,22.388666666666666,0,0
793,121,275,275,36,36,-14,-14,625,625,50,14,0,625,14,0,927.4666666666667,11,302.4666666666667,25,25
794,1,25,21,26,22,-24,-20,625,525,46,24,4,441,20,-4,547.9893333333333,1,22.98933333333332,25,21
795,625,0,0,25,25,25,25,0,0,0,-25,0,0,-25,0,150.18533333333335,25,150.18533333333335,0,0
796,121,0,0,11,11,11,11,0,0,0,-11,0,0,-11,0,27.685333333333332,11,27.685333333333332,0,0
797,625,0,0,25,25,25,25,0,0,0,-25,0,0,-25,0,149.87866666666667,25,149.87866666666667,0,0
798,1,0,25,1,26,1,-24,0,0,25,-1,-25,625,24,25,12.816666666666666,1,12.816666666666666,0,25
799,4,0,50,2,27,2,-23,0,0,25,-2,-25,625,23,25,25.686666666666667,2,25.686666666666667,0,25
800,1,0,12,1,13,1,-11,0,0,12,-1,-12,144,11,12,5.888,1,5.888,0,12
801,49,0,133,7,26,7,-12,0,0,19,-7,-19,361,12,19,77.178,7,77.178,0,19
802,1,25,0,26,1,-24,1,625,0,25,24,25,0,-1,-25,12.4,1,12.4,25,0
803,625,625,0,50,25,0,25,625,0,25,0,25,0,-25,-25,462.79066666666665,25,462.79066666666665,25,0
804,625,0,0,25,25,25,25,0,0,0,-25,0,0,-25,0,149.88666666666666,25,149.88666666666666,0,0
805,121,0,275,11,36,11,-14,0,0,25,-11,-25,625,14,25,165.51666666666668,11,165.51666666666668,0,25
806,1,0,25,1,26,1,-24,0,0,25,-1,-25,625,24,25,12.7,1,12.7,0,25
807,4,0,50,2,27,2,-23,0,0,25,-2,-25,625,23,25,25.204,2,25.204,0,25
808,100,0,0,10,10,10,10,0,0,0,-10,0,0,-10,0,22.683333333333334,10,22.683333333333334,0,0
809,121,0,275,11,36,11,-14,0,0,25,-11,-25,625,14,25,164.332,11,164.332,0,25
810,1,0,12,1,13,1,-11,0,0,12,-1,-12,144,11,12,5.848,1,5.848,0,12
811,625,0,625,25,50,25,0,0,0,25,-25,-25,625,0,25,462.6193333333333,25,462.6193333333333,0,25
812,100,0,0,10,10,10,10,0,0,0,-10,0,0,-10,0,22.651333333333334,10,22.651333333333334,0,0
813,121,275,0,36,11,-14,11,625,0,25,14,25,0,-11,-25,164.78133333333332,11,164.78133333333332,25,0
814,1,25,0,26,1,-24,1,625,0,25,24,25,0,-1,-25,12.666666666666666,1,12.666666666666666,25,0
815,625,625,0,50,25,0,25,625,0,25,0,25,0,-25,-25,462.25666666666666,25,462.25666666666666,25,0
816,100,250,250,35,35,-15,-15,625,625,50,15,0,625,15,0,897.54,10,272.53999999999996,25,25
817,121,0,0,11,11,11,11,0,0,0,-11,0,0,-11,0,27.626666666666665,11,27.626666666666665,0,0
818,625,0,0,25,25,25,25,0,0,0,-25,0,0,-25,0,150.112,25,150.112,0,0
819,100,0,250,10,35,10,-15,0,0,25,-10,-25,625,15,25,147.38,10,147.38,0,25
820,1,25,12,26,13,-24,-11,625,300,37,24,13,144,11,-13,318.474,1,18.47399999999999,25,12
821,625,0,0,25,25,25,25,0,0,0,-25,0,0,-25,0,150.18666666666667,25,150.18666666666667,0,0
822,1,0,0,1,1,1,1,0,0,0,-1,0,0,-1,0,0.0,1,0.0,0,0
823,169,0,0,13,13,13,13,0,0,0,-13,0,0,-13,0,38.949333333333335,13,38.949333333333335,0,0
824,1,25,0,26,1,-24,1,625,0,25,24,25,0,-1,-25,12.2,1,12.2,25,0
825,1,25,0,26,1,-24,1,625,0,25,24,25,0,-1,-25,12.966666666666667,1,12.966666666666667,25,0
826,1,0,0,1,1,1,1,0,0,0,-1,0,0,-1,0,0.0,1,0.0,0,0
827,1,0,0,1,1,1,1,0,0,0,-1,0,0,-1,0,0.0,1,0.0,0,0
828,169,0,0,13,13,13,13,0,0,0,-13,0,0,-13,0,38.996,13,38.996,0,0
829,100,250,250,35,35,-15,-15,625,625,50,15,0,625,15,0,897.5426666666667,10,272.5426666666667,25,25
830,100,0,0,10,10,10,10,0,0,0,-10,0,0,-10,0,22.388666666666666,10,22.388666666666666,0,0
831,121,275,275,36,36,-14,-14,625,625,50,14,0,625,14,0,927.4666666666667,11,302.4666666666667,25,25
832,1,25,21,26,22,-24,-20,625,525,46,24,4,441,20,-4,547.9893333333333,1,22.98933333333332,25,21
833,625,0,0,25,25,25,25,0,0,0,-25,0,0,-25,0,150.18533333333335,25,150.18533333333335,0,0
834,121,0,0,11,11,11,11,0,0,0,-11,0,0,-11,0,27.685333333333332,11,27.685333333333332,0,0
835,625,0,0,25,25,25,25,0,0,0,-25,0,0,-25,0,149.87866666666667,25,149.87866666666667,0,0
836,1,0,25,1,26,1,-24,0,0,25,-1,-25,625,24,25,12.816666666666666,1,12.816666666666666,0,25
837,4,0,50,2,27,2,-23,0,0,25,-2,-25,625,23,25,25.686666666666667,2,25.686666666666667,0,25
838,1,0,12,1,13,1,-11,0,0,12,-1,-12,144,11,12,5.888,1,5.888,0,12
839,49,0,133,7,26,7,-12,0,0,19,-7,-19,361,12,19,77.178,7,77.178,0,19
840,1,25,0,26,1,-24,1,625,0,25,24,25,0,-1,-25,12.4,1,12.4,25,0
841,625,625,0,50,25,0,25,625,0,25,0,25,0,-25,-25,462.79066666666665,25,462.79066666666665,25,0
842,625,0,0,25,25,25,25,0,0,0,-25,0,0,-25,0,149.88666666666666,25,149.88666666666666,0,0
843,121,0,275,11,36,11,-14,0,0,25,-11,-25,625,14,25,165.51666666666668,11,165.51666666666668,0,25
844,1,0,25,1,26,1,-24,0,0,25,-1,-25,625,24,25,12.7,1,12.7,0,25
845,4,0,50,2,27,2,-23,0,0,25,-2,-25,625,23,25,25.204,2,25.204,0,25
846,100,0,0,10,10,10,10,0,0,0,-10,0,0,-10,0,22.683333333333334,10,22.683333333333334,0,0
847,121,0,275,11,36,11,-14,0,0,25,-11,-25,625,14,25,164.332,11,164.332,0,25
848,1,0,12,1,13,1,-11,0,0,12,-1,-12,144,11,12,5.848,1,5.848,0,12
849,625,0,625,25,50,25,0,0,0,25,-25,-25,625,0,25,462.6193333333333,25,462.6193333333333,0,25
850,100,0,0,10,10,10,10,0,0,0,-10,0,0,-10,0,22.651333333333334,10,22.651333333333334,0,0
851,121,275,0,36,11,-14,11,625,0,25,14,25,0,-11,-25,164.78133333333332,11,164.78133333333332,25,0
852,1,25,0,26,1,-24,1,625,0,25,24,25,0,-1,-25,12.666666666666666,1,12.666666666666666,25,0
853,625,625,0,50,25,0,25,625,0,25,0,25,0,-25,-25,462.25666666666666,25,462.25666666666666,25,0
854,100,250,250,35,35,-15,-15,625,625,50,15,0,625,15,0,897.54,10,272.53999999999996,25,25
855,121,0,0,11,11,11,11,0,0,0,-11,0,0,-11,0,27.626666666666665,11,27.626666666666665,0,0
856,625,0,0,25,25,25,25,0,0,0,-25,0,0,-25,0,150.112,25,150.112,0,0
857,100,0,250,10,35,10,-15,0,0,25,-10,-25,625,15,25,147.38,10,147.38,0,25
858,1,25,12,26,13,-24,-11,625,300,37,24,13,144,11,-13,318.474,1,18.47399999999999,25,12
859,625,0,0,25,25,25,25,0,0,0,-25,0,0,-25,0,150.18666666666667,25,150.18666666666667,0,0
860,1,0,0,1,1,1,1,0,0,0,-1,0,0,-1,0,0.0,1,0.0,0,0
861,169,0,0,13,13,13,13,0,0,0,-13,0,0,-13,0,38.949333333333335,13,38.949333333333335,0,0
862,1,25,0,26,1,-24,1,625,0,25,24,25,0,-1,-25,12.2,1,12.2,25,0
863,1,25,0,26,1,-24,1,625,0,25,24,25,0,-1,-25,12.966666666666667,1,12.966666666666667,25,0
864,1,0,0,1,1,1,1,0,0,0,-1,0,0,-1,0,0.0,1,0.0,0,0
865,1,0,0,1,1,1,1,0,0,0,-1,0,0,-1,0,0.0,1,0.0,0,0
866,169,0,0,13,13,13,13,0,0,0,-13,0,0,-13,0,38.996,13,38.996,0,0
867,100,250,250,35,35,-15,-15,625,625,50,15,0,625,15,0,897.5426666666667,10,272.5426666666667,25,25
868,100,0,0,10,10,10,10,0,0,0,-10,0,0,-10,0,22.388666666666666,10,22.388666666666666,0,0
869,121,275,275,36,36,-14,-14,625,625,50,14,0,625,14,0,927.4666666666667,11,302.4666666666667,25,25
870,1,25,21,26,22,-24,-20,625,525,46,24,4,441,20,-4,547.9893333333333,1,22.98933333333332,25,21
871,625,0,0,25,25,25,25,0,0,0,-25,0,0,-25,0,150.18533333333335,25,150.18533333333335,0,0
872,121,0,0,11,11,11,11,0,0,0,-11,0,0,-11,0,27.685333333333332,11,27.685333333333332,0,0
873,625,0,0,25,25,25,25,0,0,0,-25,0,0,-25,0,149.87866666666667,25,149.87866666666667,0,0
874,1,0,25,1,26,1,-24,0,0,25,-1,-25,625,24,25,12.816666666666666,1,12.816666666666666,0,25
875,4,0,50,2,27,2,-23,0,0,25,-2,-25,625,23,25,25.686666666666667,2,25.686666666666667,0,25
876,1,0,12,1,13,1,-11,0,0,12,-1,-12,144,11,12,5.888,1,5.888,0,12
877,49,0,133,7,26,7,-12,0,0,19,-7,-19,361,12,19,77.178,7,77.178,0,19
878,1,25,0,26,1,-24,1,625,0,25,24,25,0,-1,-25,12.4,1,12.4,25,0
879,625,625,0,50,25,0,25,625,0,25,0,25,0,-25,-25,462.79066666666665,25,462.79066666666665,25,0
880,625,0,0,25,25,25,25,0,0,0,-25,0,0,-25,0,149.88666666666666,25,149.88666666666666,0,0
881,121,0,275,11,36,11,-14,0,0,25,-11,-25,625,14,25,165.51666666666668,11,165.51666666666668,0,25
882,1,0,25,1,26,1,-24,0,0,25,-1,-25,625,24,25,12.7,1,12.7,0,25
883,4,0,50,2,27,2,-23,0,0,25,-2,-25,625,23,25,25.204,2,25.204,0,25
884,100,0,0,10,10,10,10,0,0,0,-10,0,0,-10,0,22.683333333333334,10,22.683333333333334,0,0
885,121,0,275,11,36,11,-14,0,0,25,-11,-25,625,14,25,164.332,11,164.332,0,25
886,1,0,12,1,13,1,-11,0,0,12,-1,-12,144,11,12,5.848,1,5.848,0,12
887,625,0,625,25,50,25,0,0,0,25,-25,-25,625,0,25,462.6193333333333,25,462.6193333333333,0,25
888,100,0,0,10,10,10,10,0,0,0,-10,0,0,-10,0,22.651333333333334,10,22.651333333333334,0,0
889,121,275,0,36,11,-14,11,625,0,25,14,25,0,-11,-25,164.78133333333332,11,164.78133333333332,25,0
890,1,25,0,26,1,-24,1,625,0,25,24,25,0,-1,-25,12.666666666666666,1,12.666666666666666,25,0
891,625,625,0,50,25,0,25,625,0,25,0,25,0,-25,-25,462.25666666666666,25,462.25666666666666,25,0
892,100,250,250,35,35,-15,-15,625,625,50,15,0,625,15,0,897.54,10,272.53999999999996,25,25
893,121,0,0,11,11,11,11,0,0,0,-11,0,0,-11,0,27.626666666666665,11,27.626666666666665,0,0
894,625,0,0,25,25,25,25,0,0,0,-25,0,0,-25,0,150.112,25,150.112,0,0
895,100,0,250,10,35,10,-15,0,0,25,-10,-25,625,15,25,147.38,10,147.38,0,25
896,1,25,12,26,13,-24,-11,625,300,37,24,13,144,11,-13,318.474,1,18.47399999999999,25,12
897,625,0,0,25,25,25,25,0,0,0,-25,0,0,-25,0,150.18666666666667,25,150.18666666666667,0,0
898,1,0,0,1,1,1,1,0,0,0,-1,0,0,-1,0,0.0,1,0.0,0,0
899,169,0,0,13,13,13,13,0,0,0,-13,0,0,-13,0,38.949333333333335,13,38.949333333333335,0,0
900,1,25,0,26,1,-24,1,625,0,25,24,25,0,-1,-25,12.2,1,12.2,25,0
901,1,25,0,26,1,-24,1,625,0,25,24,25,0,-1,-25,12.966666666666667,1,12.966666666666667,25,0
902,1,0,0,1,1,1,1,0,0,0,-1,0,0,-1,0,0.0,1,0.0,0,0
903,1,0,0,1,1,1,1,0,0,0,-1,0,0,-1,0,0.0,1,0.0,0,0
904,169,0,0,13,13,13,13,0,0,0,-13,0,0,-13,0,38.996,13,38.996,0,0
905,100,250,250,35,35,-15,-15,625,625,50,15,0,625,15,0,897.5426666666667,10,272.5426666666667,25,25
906,100,0,0,10,10,10,10,0,0,0,-10,0,0,-10,0,22.388666666666666,10,22.388666666666666,0,0
907,121,275,275,36,36,-14,-14,625,625,50,14,0,625,14,0,927.4666666666667,11,302.4666666666667,25,25
908,1,25,21,26,22,-24,-20,625,525,46,24,4,441,20,-4,547.9893333333333,1,22.98933333333332,25,21
909,625,0,0,25,25,25,25,0,0,0,-25,0,0,-25,0,150.18533333333335,25,150.18533333333335,0,0
910,121,0,0,11,11,11,11,0,0,0,-11,0,0,-11,0,27.685333333333332,11,27.685333333333332,0,0
911,625,0,0,25,25,25,25,0,0,0,-25,0,0,-25,0,149.87866666666667,25,149.87866666666667,0,0
912,1,0,25,1,26,1,-24,0,0,25,-1,-25,625,24,25,12.816666666666666,1,12.816666666666666,0,25
913,4,0,50,2,27,2,-23,0,0,25,-2,-25,625,23,25,25.686666666666667,2,25.686666666666667,0,25
914,1,0,12,1,13,1,-11,0,0,12,-1,-12,144,11,12,5.888,1,5.888,0,12
915,49,0,133,7,26,7,-12,0,0,19,-7,-19,361,12,19,77.178,7,77.178,0,19
916,1,25,0,26,1,-24,1,625,0,25,24,25,0,-1,-25,12.4,1,12.4,25,0
917,625,625,0,50,25,0,25,625,0,25,0,25,0,-25,-25,462.79066666666665,25,462.79066666666665,25,0
918,625,0,0,25,25,25,25,0,0,0,-25,0,0,-25,0,149.88666666666666,25,149.88666666666666,0,0
919,121,0,275,11,36,11,-14,0,0,25,-11,-25,625,14,25,165.51666666666668,11,165.51666666666668,0,25
920,1,0,25,1,26,1,-24,0,0,25,-1,-25,625,24,25,12.7,1,12.7,0,25
921,4,0,50,2,27,2,-23,0,0,25,-2,-25,625,23,25,25.204,2,25.204,0,25
922,100,0,0,10,10,10,10,0,0,0,-10,0,0,-10,0,22.683333333333334,10,22.683333333333334,0,0
923,121,0,275,11,36,11,-14,0,0,25,-11,-25,625,14,25,164.332,11,164.332,0,25
924,1,0,12,1,13,1,-11,0,0,12,-1,-12,144,11,12,5.848,1,5.848,0,12
925,625,0,625,25,50,25,0,0,0,25,-25,-25,625,0,25,462.6193333333333,25,462.6193333333333,0,25
926,100,0,0,10,10,10,10,0,0,0,-10,0,0,-10,0,22.651333333333334,10,22.651333333333334,0,0
927,121,275,0,36,11,-14,11,625,0,25,14,25,0,-11,-25,164.78133333333332,11,164.78133333333332,25,0
928,1,25,0,26,1,-24,1,625,0,25,24,25,0,-1,-25,12.666666666666666,1,12.666666666666666,25,0
929,625,625,0,50,25,0,25,625,0,25,0,25,0,-25,-25,462.25666666666666,25,462.25666666666666,25,0
930,100,250,250,35,35,-15,-15,625,625,50,15,0,625,15,0,897.54,10,272.53999999999996,25,25
931,121,0,0,11,11,11,11,0,0,0,-11,0,0,-11,0,27.626666666666665,11,27.626666666666665,0,0
932,625,0,0,25,25,25,25,0,0,0,-25,0,0,-25,0,150.112,25,150.112,0,0
933,100,0,250,10,35,10,-15,0,0,25,-10,-25,625,15,25,147.38,10,147.38,0,25
934,1,25,12,26,13,-24,-11,625,300,37,24,13,144,11,-13,318.474,1,18.47399999999999,25,12
935,625,0,0,25,25,25,25,0,0,0,-25,0,0,-25,0,150.18666666666667,25,150.18666666666667,0,0
936,1,0,0,1,1,1,1,0,0,0,-1,0,0,-1,0,0.0,1,0.0,0,0
937,169,0,0,13,13,13,13,0,0,0,-13,0,0,-13,0,38.949333333333335,13,38.949333333333335,0,0
938,1,25,0,26,1,-24,1,625,0,25,24,25,0,-1,-25,12.2,1,12.2,25,0
939,1,25,0,26,1,-24,1,625,0,25,24,25,0,-1,-25,12.966666666666667,1,12.966666666666667,25,0
940,1,0,0,1,1,1,1,0,0,0,-1,0,0,-1,0,0.0,1,0.0,0,0
941,1,0,0,1,1,1,1,0,0,0,-1,0,0,-1,0,0.0,1,0.0,0,0
942,169,0,0,13,13,13,13,0,0,0,-13,0,0,-13,0,38.996,13,38.996,0,0
943,100,250,250,35,35,-15,-15,625,625,50,15,0,625,15,0,897.5426666666667,10,272.5426666666667,25,25
944,100,0,0,10,10,10,10,0,0,0,-10,0,0,-10,0,22.388666666666666,10,22.388666666666666,0,0
945,121,275,275,36,36,-14,-14,625,625,50,14,0,625,14,0,927.4666666666667,11,302.4666666666667,25,25
946,1,25,21,26,22,-24,-20,625,525,46,24,4,441,20,-4,547.9893333333333,1,22.98933333333332,25,21
947,625,0,0,25,25,25,25,0,0,0,-25,0,0,-25,0,150.18533333333335,25,150.18533333333335,0,0
948,121,0,0,11,11,11,11,0,0,0,-11,0,0,-11,0,27.685333333333332,11,27.685333333333332,0,0
949,625,0,0,25,25,25,25,0,0,0,-25,0,0,-25,0,149.87866666666667,25,149.87866666666667,0,0
950,1,0,25,1,26,1,-24,0,0,25,-1,-25,625,24,25,12.816666666666666,1,12.816666666666666,0,25
951,4,0,50,2,27,2,-23,0,0,25,-2,-25,625,23,25,25.686666666666667,2,25.686666666666667,0,25
952,1,0,12,1,13,1,-11,0,0,12,-1,-12,144,11,12,5.888,1,5.888,0,12
953,49,0,133,7,26,7,-12,0,0,19,-7,-19,361,12,19,77.178,7,77.178,0,19
954,1,25,0,26,1,-24,1,625,0,25,24,25,0,-1,-25,12.4,1,12.4,25,0
955,625,625,0,50,25,0,25,625,0,25,0,25,0,-25,-25,462.79066666666665,25,462.79066666666665,25,0
956,625,0,0,25,25,25,25,0,0,0,-25,0,0,-25,0,149.88666666666666,25,149.88666666666666,0,0
957,121,0,275,11,36,11,-14,0,0,25,-11,-25,625,14,25,165.51666666666668,11,165.51666666666668,0,25
958,1,0,25,1,26,1,-24,0,0,25,-1,-25,625,24,25,12.7,1,12.7,0,25
959,4,0,50,2,27,2,-23,0,0,25,-2,-25,625,23,25,25.204,2,25.204,0,25
960,100,0,0,10,10,10,10,0,0,0,-10,0,0,-10,0,22.683333333333334,10,22.683333333333334,0,0
961,121,0,275,11,36,11,-14,0,0,25,-11,-25,625,14,25,164.332,11,164.332,0,25
962,1,0,12,1,13,1,-11,0,0,12,-1,-12,144,11,12,5.848,1,5.848,0,12
963,625,0,625,25,50,25,0,0,0,25,-25,-25,625,0,25,462.6193333333333,25,462.6193333333333,0,25
964,100,0,0,10,10,10,10,0,0,0,-10,0,0,-10,0,22.651333333333334,10,22.651333333333334,0,0
965,121,275,0,36,11,-14,11,625,0,25,14,25,0,-11,-25,164.78133333333332,11,164.78133333333332,25,0
966,1,25,0,26,1,-24,1,625,0,25,24,25,0,-1,-25,12.666666666666666,1,12.666666666666666,25,0
967,625,625,0,50,25,0,25,625,0,25,0,25,0,-25,-25,462.25666666666666,25,462.25666666666666,25,0
968,100,250,250,35,35,-15,-15,625,625,50,15,0,625,15,0,897.54,10,272.53999999999996,25,25
969,121,0,0,11,11,11,11,0,0,0,-11,0,0,-11,0,27.626666666666665,11,27.626666666666665,0,0
970,625,0,0,25,25,25,25,0,0,0,-25,0,0,-25,0,150.112,25,150.112,0,0
971,100,0,250,10,35,10,-15,0,0,25,-10,-25,625,15,25,147.38,10,147.38,0,25
972,1,25,12,26,13,-24,-11,625,300,37,24,13,144,11,-13,318.474,1,18.47399999999999,25,12
973,625,0,0,25,25,25,25,0,0,0,-25,0,0,-25,0,150.18666666666667,25,150.18666666666667,0,0
974,1,0,0,1,1,1,1,0,0,0,-1,0,0,-1,0,0.0,1,0.0,0,0
975,169,0,0,13,13,13,13,0,0,0,-13,0,0,-13,0,38.949333333333335,13,38.949333333333335,0,0
976,1,25,0,26,1,-24,1,625,0,25,24,25,0,-1,-25,12.2,1,12.2,25,0
977,1,25,0,26,1,-24,1,625,0,25,24,25,0,-1,-25,12.966666666666667,1,12.966666666666667,25,0
978,1,0,0,1,1,1,1,0,0,0,-1,0,0,-1,0,0.0,1,0.0,0,0
979,1,0,0,1,1,1,1,0,0,0,-1,0,0,-1,0,0.0,1,0.0,0,0
980,169,0,0,13,13,13,13,0,0,0,-13,0,0,-13,0,38.996,13,38.996,0,0
981,100,250,250,35,35,-15,-15,625,625,50,15,0,625,15,0,897.5426666666667,10,272.5426666666667,25,25
982,100,0,0,10,10,10,10,0,0,0,-10,0,0,-10,0,22.388666666666666,10,22.388666666666666,0,0
983,121,275,275,36,36,-14,-14,625,625,50,14,0,625,14,0,927.4666666666667,11,302.4666666666667,25,25
984,1,25,21,26,22,-24,-20,625,525,46,24,4,441,20,-4,547.9893333333333,1,22.98933333333332,25,21
985,625,0,0,25,25,25,25,0,0,0,-25,0,0,-25,0,150.18533333333335,25,150.18533333333335,0,0
986,121,0,0,11,11,11,11,0,0,0,-11,0,0,-11,0,27.685333333333332,11,27.685333333333332,0,0
987,625,0,0,25,25,25,25,0,0,0,-25,0,0,-25,0,149.87866666666667,25,149.87866666666667,0,0
988,1,0,25,1,26,1,-24,0,0,25,-1,-25,625,24,25,12.816666666666666,1,12.816666666666666,0,25
989,4,0,50,2,27,2,-23,0,0,25,-2,-25,625,23,25,25.686666666666667,2,25.686666666666667,0,25
990,1,0,12,1,13,1,-11,0,0,12,-1,-12,144,11,12,5.888,1,5.888,0,12
991,49,0,133,7,26,7,-12,0,0,19,-7,-19,361,12,19,77.178,7,77.178,0,19
992,1,25,0,26,1,-24,1,625,0,25,24,25,0,-1,-25,12.4,1,12.4,25,0
993,625,625,0,50,25,0,25,625,0,25,0,25,0,-25,-25,462.79066666666665,25,462.79066666666665,25,0
994,625,0,0,25,25,25,25,0,0,0,-25,0,0,-25,0,149.88666666666666,25,149.88666666666666,0,0
995,121,0,275,11,36,11,-14,0,0,25,-11,-25,625,14,25,165.51666666666668,11,165.51666666666668,0,25
996,1,0,25,1,26,1,-24,0,0,25,-1,-25,625,24,25,12.7,1,12.7,0,25
997,4,0,50,2,27,2,-23,0,0,25,-2,-25,625,23,25,25.204,2,25.204,0,25
998,100,0,0,10,10,10,10,0,0,0,-10,0,0,-10,0,22.683333333333334,10,22.683333333333334,0,0
999,121,0,275,11,36,11,-14,0,0,25,-11,-25,625,14,25,164.332,11,164.332,0,25
1000,1,0,12,1,13,1,-11,0,0,12,-1,-12,144,11,12,5.848,1,5.848,0,12
1001,625,0,625,25,50,25,0,0,0,25,-25,-25,625,0,25,462.6193333333333,25,462.6193333333333,0,25
1002,100,0,0,10,10,10,10,0,0,0,-10,0,0,-10,0,22.651333333333334,10,22.651333333333334,0,0
1003,121,275,0,36,11,-14,11,625,0,25,14,25,0,-11,-25,164.78133333333332,11,164.78133333333332,25,0
1004,1,25,0,26,1,-24,1,625,0,25,24,25,0,-1,-25,12.666666666666666,1,12.666666666666666,25,0
1005,625,625,0,50,25,0,25,625,0,25,0,25,0,-25,-25,462.25666666666666,25,462.25666666666666,25,0
1006,100,250,250,35,35,-15,-15,625,625,50,15,0,625,15,0,897.54,10,272.53999999999996,25,25
1007,121,0,0,11,11,11,11,0,0,0,-11,0,0,-11,0,27.626666666666665,11,27.626666666666665,0,0
1008,625,0,0,25,25,25,25,0,0,0,-25,0,0,-25,0,150.112,25,150.112,0,0
1009,100,0,250,10,35,10,-15,0,0,25,-10,-25,625,15,25,147.38,10,147.38,0,25
1010,1,25,12,26,13,-24,-11,625,300,37,24,13,144,11,-13,318.474,1,18.47399999999999,25,12
1011,625,0,0,25,25,25,25,0,0,0,-25,0,0,-25,0,150.18666666666667,25,150.18666666666667,0,0
1012,1,0,0,1,1,1,1,0,0,0,-1,0,0,-1,0,0.0,1,0.0,0,0
1013,169,0,0,13,13,13,13,0,0,0,-13,0,0,-13,0,38.949333333333335,13,38.949333333333335,0,0
1014,1,25,0,26,1,-24,1,625,0,25,24,25,0,-1,-25,12.2,1,12.2,25,0
1015,1,25,0,26,1,-24,1,625,0,25,24,25,0,-1,-25,12.966666666666667,1,12.966666666666667,25,0
1016,1,0,0,1,1,1,1,0,0,0,-1,0,0,-1,0,0.0,1,0.0,0,0
1017,1,0,0,1,1,1,1,0,0,0,-1,0,0,-1,0,0.0,1,0.0,0,0
1018,169,0,0,13,13,13,13,0,0,0,-13,0,0,-13,0,38.996,13,38.996,0,0
1019,100,250,250,35,35,-15,-15,625,625,50,15,0,625,15,0,897.5426666666667,10,272.5426666666667,25,25
1020,100,0,0,10,10,10,10,0,0,0,-10,0,0,-10,0,22.388666666666666,10,22.388666666666666,0,0
1021,121,275,275,36,36,-14,-14,625,625,50,14,0,625,14,0,927.4666666666667,11,302.4666666666667,25,25
1022,1,25,21,26,22,-24,-20,625,525,46,24,4,441,20,-4,547.9893333333333,1,22.98933333333332,25,21
1023,625,0,0,25,25,25,25,0,0,0,-25,0,0,-25,0,150.18533333333335,25,150.18533333333335,0,0
1024,121,0,0,11,11,11,11,0,0,0,-11,0,0,-11,0,27.685333333333332,11,27.685333333333332,0,0
1025,625,0,0,25,25,25,25,0,0,0,-25,0,0,-25,0,149.87866666666667,25,149.87866666666667,0,0
1026,1,0,25,1,26,1,-24,0,0,25,-1,-25,625,24,25,12.816666666666666,1,12.816666666666666,0,25
1027,4,0,50,2,27,2,-23,0,0,25,-2,-25,625,23,25,25.686666666666667,2,25.686666666666667,0,25
1028,1,0,12,1,13,1,-11,0,0,12,-1,-12,144,11,12,5.888,1,5.888,0,12
1029,49,0,133,7,26,7,-12,0,0,19,-7,-19,361,12,19,77.178,7,77.178,0,19
1030,1,25,0,26,1,-24,1,625,0,25,24,25,0,-1,-25,12.4,1,12.4,25,0
1031,625,625,0,50,25,0,25,625,0,25,0,25,0,-25,-25,462.79066666666665,25,462.79066666666665,25,0
1032,625,0,0,25,25,25,25,0,0,0,-25,0,0,-25,0,149.88666666666666,25,149.88666666666666,0,0
1033,121,0,275,11,36,11,-14,0,0,25,-11,-25,625,14,25,165.51666666666668,11,165.51666666666668,0,25
1034,1,0,25,1,26,1,-24,0,0,25,-1,-25,625,24,25,12.7,1,12.7,0,25
1035,4,0,50,2,27,2,-23,0,0,25,-2,-25,625,23,25,25.204,2,25.204,0,25
1036,100,0,0,10,10,10,10,0,0,0,-10,0,0,-10,0,22.683333333333334,10,22.683333333333334,0,0
1037,121,0,275,11,36,11,-14,0,0,25,-11,-25,625,14,25,164.332,11,164.332,0,25
1038,1,0,12,1,13,1,-11,0,0,12,-1,-12,144,11,12,5.848,1,5.848,0,12
1039,625,0,625,25,50,25,0,0,0,25,-25,-25,625,0,25,462.6193333333333,25,462.6193333333333,0,25
1040,100,0,0,10,10,10,10,0,0,0,-10,0,0,-10,0,22.651333333333334,10,22.651333333333334,0,0
1041,121,275,0,36,11,-14,11,625,0,25,14,25,0,-11,-25,164.78133333333332,11,164.78133333333332,25,0
1042,1,25,0,26,1,-24,1,625,0,25,24,25,0,-1,-25,12.666666666666666,1,12.666666666666666,25,0
1043,625,625,0,50,25,0,25,625,0,25,0,25,0,-25,-25,462.25666666666666,25,462.25666666666666,25,0
1044,100,250,250,35,35,-15,-15,625,625,50,15,0,625,15,0,897.54,10,272.53999999999996,25,25
1045,121,0,0,11,11,11,11,0,0,0,-11,0,0,-11,0,27.626666666666665,11,27.626666666666665,0,0
1046,625,0,0,25,25,25,25,0,0,0,-25,0,0,-25,0,150.112,25,150.112,0,0
1047,100,0,250,10,35,10,-15,0,0,25,-10,-25,625,15,25,147.38,10,147.38,0,25
1048,1,25,12,26,13,-24,-11,625,300,37,24,13,144,11,-13,318.474,1,18.47399999999999,25,12
1049,625,0,0,25,25,25,25,0,0,0,-25,0,0,-25,0,150.18666666666667,25,150.18666666666667,0,0
1050,1,0,0,1,1,1,1,0,0,0,-1,0,0,-1,0,0.0,1,0.0,0,0
1051,169,0,0,13,13,13,13,0,0,0,-13,0,0,-13,0,38.949333333333335,13,38.949333333333335,0,0
1052,1,25,0,26,1,-24,1,625,0,25,24,25,0,-1,-25,12.2,1,12.2,25,0
1053,1,25,0,26,1,-24,1,625,0,25,24,25,0,-1,-25,12.966666666666667,1,12.966666666666667,25,0
1054,1,0,0,1,1,1,1,0,0,0,-1,0,0,-1,0,0.0,1,0.0,0,0
1055,1,0,0,1,1,1,1,0,0,0,-1,0,0,-1,0,0.0,1,0.0,0,0
1056,169,0,0,13,13,13,13,0,0,0,-13,0,0,-13,0,38.996,13,38.996,0,0
1057,100,250,250,35,35,-15,-15,625,625,50,15,0,625,15,0,897.5426666666667,10,272.5426666666667,25,25
1058,100,0,0,10,10,10,10,0,0,0,-10,0,0,-10,0,22.388666666666666,10,22.388666666666666,0,0
1059,121,275,275,36,36,-14,-14,625,625,50,14,0,625,14,0,927.4666666666667,11,302.4666666666667,25,25
1060,1,25,21,26,22,-24,-20,625,525,46,24,4,441,20,-4,547.9893333333333,1,22.98933333333332,25,21
1061,625,0,0,25,25,25,25,0,0,0,-25,0,0,-25,0,150.18533333333335,25,150.18533333333335,0,0
1062,121,0,0,11,11,11,11,0,0,0,-11,0,0,-11,0,27.685333333333332,11,27.685333333333332,0,0
1063,625,0,0,25,25,25,25,0,0,0,-25,0,0,-25,0,149.87866666666667,25,149.87866666666667,0,0
1064,1,0,25,1,26,1,-24,0,0,25,-1,-25,625,24,25,12.816666666666666,1,12.816666666666666,0,25
1065,4,0,50,2,27,2,-23,0,0,25,-2,-25,625,23,25,25.686666666666667,2,25.686666666666667,0,25
1066,1,0,12,1,13,1,-11,0,0,12,-1,-12,144,11,12,5.888,1,5.888,0,12
1067,49,0,133,7,26,7,-12,0,0,19,-7,-19,361,12,19,77.178,7,77.178,0,19
1068,1,25,0,26,1,-24,1,625,0,25,24,25,0,-1,-25,12.4,1,12.4,25,0
1069,625,625,0,50,25,0,25,625,0,25,0,25,0,-25,-25,462.79066666666665,25,462.79066666666665,25,0
1070,625,0,0,25,25,25,25,0,0,0,-25,0,0,-25,0,149.88666666666666,25,149.88666666666666,0,0
1071,121,0,275,11,36,11,-14,0,0,25,-11,-25,625,14,25,165.51666666666668,11,165.51666666666668,0,25
1072,1,0,25,1,26,1,-24,0,0,25,-1,-25,625,24,25,12.7,1,12.7,0,25
1073,4,0,50,2,27,2,-23,0,0,25,-2,-25,625,23,25,25.204,2,25.204,0,25
1074,100,0,0,10,10,10,10,0,0,0,-10,0,0,-10,0,22.683333333333334,10,22.683333333333334,0,0
1075,121,0,275,11,36,11,-14,0,0,25,-11,-25,625,14,25,164.332,11,164.332,0,25
1076,1,0,12,1,13,1,-11,0,0,12,-1,-12,144,11,12,5.848,1,5.848,0,12
1077,625,0,625,25,50,25,0,0,0,25,-25,-25,625,0,25,462.6193333333333,25,462.6193333333333,0,25
1078,100,0,0,10,10,10,10,0,0,0,-10,0,0,-10,0,22.651333333333334,10,22.651333333333334,0,0
1079,121,275,0,36,11,-14,11,625,0,25,14,25,0,-11,-25,164.78133333333332,11,164.78133333333332,25,0
1080,1,25,0,26,1,-24,1,625,0,25,24,25,0,-1,-25,12.666666666666666,1,12.666666666666666,25,0
1081,625,625,0,50,25,0,25,625,0,25,0,25,0,-25,-25,462.25666666666666,25,462.25666666666666,25,0
1082,100,250,250,35,35,-15,-15,625,625,50,15,0,625,15,0,897.54,10,272.53999999999996,25,25
1083,121,0,0,11,11,11,11,0,0,0,-11,0,0,-11,0,27.626666666666665,11,27.626666666666665,0,0
1084,625,0,0,25,25,25,25,0,0,0,-25,0,0,-25,0,150.112,25,150.112,0,0
1085,100,0,250,10,35,10,-15,0,0,25,-10,-25,625,15,25,147.38,10,147.38,0,25
1086,1,25,12,26,13,-24,-11,625,300,37,24,13,144,11,-13,318.474,1,18.47399999999999,25,12
1087,625,0,0,25,25,25,25,0,0,0,-25,0,0,-25,0,150.18666666666667,25,150.18666666666667,0,0
1088,1,0,0,1,1,1,1,0,0,0,-1,0,0,-1,0,0.0,1,0.0,0,0
1089,169,0,0,13,13,13,13,0,0,0,-13,0,0,-13,0,38.949333333333335,13,38.949333333333335,0,0
1090,1,25,0,26,1,-24,1,625,0,25,24,25,0,-1,-25,12.2,1,12.2,25,0
1091,1,25,0,26,1,-24,1,625,0,25,24,25,0,-1,-25,12.966666666666667,1,12.966666666666667,25,0
1092,1,0,0,1,1,1,1,0,0,0,-1,0,0,-1,0,0.0,1,0.0,0,0
1093,1,0,0,1,1,1,1,0,0,0,-1,0,0,-1,0,0.0,1,0.0,0,0
1094,169,0,0,13,13,13,13,0,0,0,-13,0,0,-13,0,38.996,13,38.996,0,0
1095,100,250,250,35,35,-15,-15,625,625,50,15,0,625,15,0,897.5426666666667,10,272.5426666666667,25,25
1096,100,0,0,10,10,10,10,0,0,0,-10,0,0,-10,0,22.388666666666666,10,22.388666666666666,0,0
1097,121,275,275,36,36,-14,-14,625,625,50,14,0,625,14,0,927.4666666666667,11,302.4666666666667,25,25
1098,1,25,21,26,22,-24,-20,625,525,46,24,4,441,20,-4,547.9893333333333,1,22.98933333333332,25,21
1099,625,0,0,25,25,25,25,0,0,0,-25,0,0,-25,0,150.18533333333335,25,150.18533333333335,0,0
1100,121,0,0,11,11,11,11,0,0,0,-11,0,0,-11,0,27.685333333333332,11,27.685333333333332,0,0
1101,625,0,0,25,25,25,25,0,0,0,-25,0,0,-25,0,149.87866666666667,25,149.87866666666667,0,0
1102,1,0,25,1,26,1,-24,0,0,25,-1,-25,625,24,25,12.816666666666666,1,12.816666666666666,0,25
1103,4,0,50,2,27,2,-23,0,0,25,-2,-25,625,23,25,25.686666666666667,2,25.686666666666667,0,25
1104,1,0,12,1,13,1,-11,0,0,12,-1,-12,144,11,12,5.888,1,5.888,0,12
1105,49,0,133,7,26,7,-12,0,0,19,-7,-19,361,12,19,77.178,7,77.178,0,19
1106,1,25,0,26,1,-24,1,625,0,25,24,25,0,-1,-25,12.4,1,12.4,25,0
1107,625,625,0,50,25,0,25,625,0,25,0,25,0,-25,-25,462.79066666666665,25,462.79066666666665,25,0
1108,625,0,0,25,25,25,25,0,0,0,-25,0,0,-25,0,149.88666666666666,25,149.88666666666666,0,0
1109,121,0,275,11,36,11,-14,0,0,25,-11,-25,625,14,25,165.51666666666668,11,165.51666666666668,0,25
1110,1,0,25,1,26,1,-24,0,0,25,-1,-25,625,24,25,12.7,1,12.7,0,25
1111,4,0,50,2,27,2,-23,0,0,25,-2,-25,625,23,25,25.204,2,25.204,0,25
1112,100,0,0,10,10,10,10,0,0,0,-10,0,0,-10,0,22.683333333333334,10,22.683333333333334,0,0
1113,121,0,275,11,36,11,-14,0,0,25,-11,-25,625,14,25,164.332,11,164.332,0,25
1114,1,0,12,1,13,1,-11,0,0,12,-1,-12,144,11,12,5.848,1,5.848,0,12
1115,625,0,625,25,50,25,0,0,0,25,-25,-25,625,0,25,462.6193333333333,25,462.6193333333333,0,25
1116,100,0,0,10,10,10,10,0,0,0,-10,0,0,-10,0,22.651333333333334,10,22.651333333333334,0,0
1117,121,275,0,36,11,-14,11,625,0,25,14,25,0,-11,-25,164.78133333333332,11,164.78133333333332,25,0
1118,1,25,0,26,1,-24,1,625,0,25,24,25,0,-1,-25,12.666666666666666,1,12.666666666666666,25,0
1119,625,625,0,50,25,0,25,625,0,25,0,25,0,-25,-25,462.25666666666666,25,462.25666666666666,25,0
1120,100,250,250,35,35,-15,-15,625,625,50,15,0,625,15,0,897.54,10,272.53999999999996,25,25
1121,121,0,0,11,11,11,11,0,0,0,-11,0,0,-11,0,27.626666666666665,11,27.626666666666665,0,0
1122,625,0,0,25,25,25,25,0,0,0,-25,0,0,-25,0,150.112,25,150.112,0,0
1123,100,0,250,10,35,10,-15,0,0,25,-10,-25,625,15,25,147.38,10,147.38,0,25
1124,1,25,12,26,13,-24,-11,625,300,37,24,13,144,11,-13,318.474,1,18.47399999999999,25,12
1125,625,0,0,25,25,25,25,0,0,0,-25,0,0,-25,0,150.18666666666667,25,150.18666666666667,0,0
1126,1,0,0,1,1,1,1,0,0,0,-1,0,0,-1,0,0.0,1,0.0,0,0
1127,169,0,0,13,13,13,13,0,0,0,-13,0,0,-13,0,38.949333333333335,13,38.949333333333335,0,0
1128,1,25,0,26,1,-24,1,625,0,25,24,25,0,-1,-25,12.2,1,12.2,25,0
1129,1,25,0,26,1,-24,1,625,0,25,24,25,0,-1,-25,12.966666666666667,1,12.966666666666667,25,0
1130,1,0,0,1,1,1,1,0,0,0,-1,0,0,-1,0,0.0,1,0.0,0,0
1131,1,0,0,1,1,1,1,0,0,0,-1,0,0,-1,0,0.0,1,0.0,0,0
1132,169,0,0,13,13,13,13,0,0,0,-13,0,0,-13,0,38.996,13,38.996,0,0
1133,100,250,250,35,35,-15,-15,625,625,50,15,0,625,15,0,897.5426666666667,10,272.5426666666667,25,25
1134,100,0,0,10,10,10,10,0,0,0,-10,0,0,-10,0,22.388666666666666,10,22.388666666666666,0,0
1135,121,275,275,36,36,-14,-14,625,625,50,14,0,625,14,0,927.4666666666667,11,302.4666666666667,25,25
1136,1,25,21,26,22,-24,-20,625,525,46,24,4,441,20,-4,547.9893333333333,1,22.98933333333332,25,21
1137,625,0,0,25,25,25,25,0,0,0,-25,0,0,-25,0,150.18533333333335,25,150.18533333333335,0,0
1138,121,0,0,11,11,11,11,0,0,0,-11,0,0,-11,0,27.685333333333332,11,27.685333333333332,0,0
1139,625,0,0,25,25,25,25,0,0,0,-25,0,0,-25,0,149.87866666666667,25,149.87866666666667,0,0
0,400,360,360,38,38,2,2,324,324,36,-2,0,324,-2,0,779.224,20,455.22400000000005,18,18
1,81,180,126,29,23,-11,-5,400,280,34,11,6,196,5,-6,450.772,9,170.772,20,14
2,256,272,80,33,21,-1,11,289,85,22,1,12,25,-11,-12,322.368,16,237.368,17,5
3,361,57,266,22,33,16,5,9,42,17,-16,-11,196,-5,11,288.824,19,246.824,3,14
4,100,140,100,24,20,-4,0,196,140,24,4,4,100,0,-4,282.158,10,142.15800000000002,14,10
5,25,60,70,17,19,-7,-9,144,168,26,7,-2,196,9,2,238.076,5,70.076,12,14
6,289,204,0,29,17,5,17,144,0,12,-5,12,0,-17,-12,169.468,17,169.468,12,0
7,25,35,100,12,25,-2,-15,49,140,27,2,-13,400,15,13,212.818,5,72.81800000000001,7,20
8,36,24,102,10,23,2,-11,16,68,21,-2,-13,289,11,13,138.36,6,70.36000000000001,4,17
9,121,143,209,24,30,-2,-8,169,247,32,2,-6,361,8,6,451.264,11,204.264,13,19
10,121,209,55,30,16,-8,6,361,95,24,8,14,25,-6,-14,256.16,11,161.16000000000003,19,5
11,361,209,247,30,32,8,6,121,143,24,-8,-2,169,-6,2,456.388,19,313.388,11,13
12,100,170,160,27,26,-7,-6,289,272,33,7,1,256,6,-1,459.564,10,187.56400000000002,17,16
13,49,14,112,9,23,5,-9,4,32,18,-5,-14,256,9,14,105.504,7,73.504,2,16
14,324,234,90,31,23,5,13,169,65,18,-5,8,25,-13,-8,302.326,18,237.32600000000002,13,5
15,16,60,36,19,13,-11,-5,225,135,24,11,6,81,5,-6,186.254,4,51.25399999999999,15,9
16,400,220,240,31,32,9,8,121,132,23,-9,-1,144,-8,1,457.74,20,325.74,11,12
17,1,3,3,4,4,-2,-2,9,9,6,2,0,9,2,0,12.0,1,3.0,3,3
18,361,95,95,24,24,14,14,25,25,10,-14,0,25,-14,0,205.336,19,180.336,5,5
19,361,323,57,36,22,2,16,289,51,20,-2,14,9,-16,-14,326.556,19,275.556,17,3
20,16,16,80,8,24,0,-16,16,80,24,0,-16,400,16,16,130.482,4,50.482,4,20
21,361,38,209,21,30,17,8,4,22,13,-17,-9,121,-8,9,230.958,19,208.958,2,11
22,16,16,24,8,10,0,-2,16,24,10,0,-2,36,2,2,46.924,4,22.924,4,6
23,169,0,143,13,24,13,2,0,0,11,-13,-11,121,-2,11,110.872,13,110.872,0,11
24,49,84,35,19,12,-5,2,144,60,17,5,7,25,-2,-7,130.286,7,70.286,12,5
25,144,96,48,20,16,4,8,64,32,12,-4,4,16,-8,-4,137.168,12,105.168,8,4
26,100,100,120,20,22,0,-2,100,120,22,0,-2,144,2,2,252.204,10,132.204,10,12
27,400,360,280,38,34,2,6,324,252,32,-2,4,196,-6,-4,667.07,20,415.07000000000005,18,14
28,81,54,9,15,10,3,8,36,6,7,-3,5,1,-8,-5,55.424,9,49.424,6,1
29,169,117,52,22,17,4,9,81,36,13,-4,5,16,-9,-5,159.838,13,123.838,9,4
30,64,40,40,13,13,3,3,25,25,10,-3,0,25,-3,0,78.96,8,53.959999999999994,5,5
31,225,120,300,23,35,7,-5,64,160,28,-7,-12,400,5,12,421.512,15,261.512,8,20
32,4,0,12,2,8,2,-4,0,0,6,-2,-6,36,4,6,6.582,2,6.582,0,6
33,4,30,28,17,16,-13,-12,225,210,29,13,1,196,12,-1,239.532,2,29.53200000000001,15,14
34,144,204,60,29,17,-5,7,289,85,22,5,12,25,-7,-12,249.71,12,164.71,17,5
35,81,63,27,16,12,2,6,49,21,10,-2,4,9,-6,-4,83.944,9,62.944,7,3
36,324,36,90,20,23,16,13,4,10,7,-16,-3,25,-13,3,149.2,18,139.2,2,5
37,225,135,165,24,26,6,4,81,99,20,-6,-2,121,-4,2,301.156,15,202.156,9,11
38,361,95,95,24,24,14,14,25,25,10,-14,0,25,-14,0,205.724,19,180.724,5,5
39,25,35,80,12,21,-2,-11,49,112,23,2,-9,256,11,9,173.738,5,61.738,7,16
40,324,234,108,31,24,5,12,169,78,19,-5,7,36,-12,-7,325.052,18,247.05200000000002,13,6
41,1,8,17,9,18,-7,-16,64,136,25,7,-9,289,16,9,148.482,1,12.482,8,17
42,4,34,34,19,19,-15,-15,289,289,34,15,0,289,15,0,323.46,2,34.45999999999998,17,17
43,16,44,24,15,10,-7,-2,121,66,17,7,5,36,2,-5,103.236,4,37.236000000000004,11,6
44,256,272,32,33,18,-1,14,289,34,19,1,15,4,-14,-15,245.868,16,211.868,17,2
45,400,200,340,30,37,10,3,100,170,27,-10,-7,289,-3,7,535.012,20,365.01199999999994,10,17
46,9,18,0,9,3,-3,3,36,0,6,3,6,0,-3,-6,10.176,3,10.176,6,0
47,400,100,20,25,21,15,19,25,5,6,-15,4,1,-19,-4,159.962,20,154.962,5,1
48,100,150,60,25,16,-5,4,225,90,21,5,9,36,-4,-9,218.028,10,128.028,15,6
0,1,0,25,1,26,1,-24,0,0,25,-1,-25,625,24,25,12.583333333333334,1,12.583333333333334,0,25
1,4,0,50,2,27,2,-23,0,0,25,-2,-25,625,23,25,25.408,2,25.408,0,25
2,1,0,12,1,13,1,-11,0,0,12,-1,-12,144,11,12,5.824,1,5.824,0,12
3,49,0,133,7,26,7,-12,0,0,19,-7,-19,361,12,19,77.17533333333333,7,77.17533333333333,0,19
4,1,25,0,26,1,-24,1,625,0,25,24,25,0,-1,-25,12.75,1,12.75,25,0
5,625,625,0,50,25,0,25,625,0,25,0,25,0,-25,-25,462.8113333333333,25,462.8113333333333,25,0
6,625,0,0,25,25,25,25,0,0,0,-25,0,0,-25,0,150.21466666666666,25,150.21466666666666,0,0
7,121,0,275,11,36,11,-14,0,0,25,-11,-25,625,14,25,166.186,11,166.186,0,25
8,1,0,25,1,26,1,-24,0,0,25,-1,-25,625,24,25,12.666666666666666,1,12.666666666666666,0,25
9,4,0,50,2,27,2,-23,0,0,25,-2,-25,625,23,25,25.325333333333333,2,25.325333333333333,0,25
10,100,0,0,10,10,10,10,0,0,0,-10,0,0,-10,0,22.488,10,22.488,0,0
11,121,0,275,11,36,11,-14,0,0,25,-11,-25,625,14,25,166.44666666666666,11,166.44666666666666,0,25
12,1,0,12,1,13,1,-11,0,0,12,-1,-12,144,11,12,6.344,1,6.344,0,12
13,625,0,625,25,50,25,0,0,0,25,-25,-25,625,0,25,464.054,25,464.054,0,25
14,100,0,0,10,10,10,10,0,0,0,-10,0,0,-10,0,22.439333333333334,10,22.439333333333334,0,0
15,121,275,0,36,11,-14,11,625,0,25,14,25,0,-11,-25,165.14266666666666,11,165.14266666666666,25,0
16,1,25,0,26,1,-24,1,625,0,25,24,25,0,-1,-25,12.616666666666667,1,12.616666666666667,25,0
17,625,625,0,50,25,0,25,625,0,25,0,25,0,-25,-25,463.61533333333335,25,463.61533333333335,25,0
18,100,250,250,35,35,-15,-15,625,625,50,15,0,625,15,0,897.4133333333333,10,272.4133333333333,25,25
19,121,0,0,11,11,11,11,0,0,0,-11,0,0,-11,0,27.418666666666667,11,27.418666666666667,0,0
20,625,0,0,25,25,25,25,0,0,0,-25,0,0,-25,0,150.43333333333334,25,150.43333333333334,0,0
21,100,0,250,10,35,10,-15,0,0,25,-10,-25,625,15,25,146.99333333333334,10,146.99333333333334,0,25
22,625,0,0,25,25,25,25,0,0,0,-25,0,0,-25,0,149.804,25,149.804,0,0
23,169,0,0,13,13,13,13,0,0,0,-13,0,0,-13,0,39.08533333333333,13,39.08533333333333,0,0
24,1,25,0,26,1,-24,1,625,0,25,24,25,0,-1,-25,12.533333333333333,1,12.533333333333333,25,0
25,1,25,0,26,1,-24,1,625,0,25,24,25,0,-1,-25,12.783333333333333,1,12.783333333333333,25,0
26,1,0,0,1,1,1,1,0,0,0,-1,0,0,-1,0,0.0,1,0.0,0,0
27,1,0,0,1,1,1,1,0,0,0,-1,0,0,-1,0,0.0,1,0.0,0,0
28,169,0,0,13,13,13,13,0,0,0,-13,0,0,-13,0,38.81066666666667,13,38.81066666666667,0,0
29,100,250,250,35,35,-15,-15,625,625,50,15,0,625,15,0,897.37,10,272.37,25,25
30,100,0,0,10,10,10,10,0,0,0,-10,0,0,-10,0,22.295333333333332,10,22.295333333333332,0,0
31,121,275,275,36,36,-14,-14,625,625,50,14,0,625,14,0,927.508,11,302.50800000000004,25,25
32,1,25,21,26,22,-24,-20,625,525,46,24,4,441,20,-4,548.064,1,23.063999999999965,25,21
33,625,0,0,25,25,25,25,0,0,0,-25,0,0,-25,0,149.73733333333334,25,149.73733333333334,0,0
34,121,0,0,11,11,11,11,0,0,0,-11,0,0,-11,0,27.494666666666667,11,27.494666666666667,0,0
35,625,0,0,25,25,25,25,0,0,0,-25,0,0,-25,0,149.81466666666665,25,149.81466666666665,0,0
36,1,0,25,1,26,1,-24,0,0,25,-1,-25,625,24,25,12.583333333333334,1,12.583333333333334,0,25
37,4,0,50,2,27,2,-23,0,0,25,-2,-25,625,23,25,25.408,2,25.408,0,25
38,1,0,12,1,13,1,-11,0,0,12,-1,-12,144,11,12,5.824,1,5.824,0,12
39,49,0,133,7,26,7,-12,0,0,19,-7,-19,361,12,19,77.17533333333333,7,77.17533333333333,0,19
40,1,25,0,26,1,-24,1,625,0,25,24,25,0,-1,-25,12.75,1,12.75,25,0
41,625,625,0,50,25,0,25,625,0,25,0,25,0,-25,-25,462.8113333333333,25,462.8113333333333,25,0
42,625,0,0,25,25,25,25,0,0,0,-25,0,0,-25,0,150.21466666666666,25,150.21466666666666,0,0
43,121,0,275,11,36,11,-14,0,0,25,-11,-25,625,14,25,166.186,11,166.186,0,25
44,1,0,25,1,26,1,-24,0,0,25,-1,-25,625,24,25,12.666666666666666,1,12.666666666666666,0,25
45,4,0,50,2,27,2,-23,0,0,25,-2,-25,625,23,25,25.325333333333333,2,25.325333333333333,0,25
46,100,0,0,10,10,10,10,0,0,0,-10,0,0,-10,0,22.488,10,22.488,0,0
47,121,0,275,11,36,11,-14,0,0,25,-11,-25,625,14,25,166.44666666666666,11,166.44666666666666,0,25
48,1,0,12,1,13,1,-11,0,0,12,-1,-12,144,11,12,6.344,1,6.344,0,12
49,625,0,625,25,50,25,0,0,0,25,-25,-25,625,0,25,464.054,25,464.054,0,25
50,100,0,0,10,10,10,10,0,0,0,-10,0,0,-10,0,22.439333333333334,10,22.439333333333334,0,0
51,121,275,0,36,11,-14,11,625,0,25,14,25,0,-11,-25,165.14266666666666,11,165.14266666666666,25,0
52,1,25,0,26,1,-24,1,625,0,25,24,25,0,-1,-25,12.616666666666667,1,12.616666666666667,25,0
53,625,625,0,50,25,0,25,625,0,25,0,25,0,-25,-25,463.61533333333335,25,463.61533333333335,25,0
54,100,250,250,35,35,-15,-15,625,625,50,15,0,625,15,0,897.4133333333333,10,272.4133333333333,25,25
55,121,0,0,11,11,11,11,0,0,0,-11,0,0,-11,0,27.418666666666667,11,27.418666666666667,0,0
56,625,0,0,25,25,25,25,0,0,0,-25,0,0,-25,0,150.43333333333334,25,150.43333333333334,0,0
57,100,0,250,10,35,10,-15,0,0,25,-10,-25,625,15,25,146.99333333333334,10,146.99333333333334,0,25
58,625,0,0,25,25,25,25,0,0,0,-25,0,0,-25,0,149.804,25,149.804,0,0
59,169,0,0,13,13,13,13,0,0,0,-13,0,0,-13,0,39.08533333333333,13,39.08533333333333,0,0
60,1,25,0,26,1,-24,1,625,0,25,24,25,0,-1,-25,12.533333333333333,1,12.533333333333333,25,0
61,1,25,0,26,1,-24,1,625,0,25,24,25,0,-1,-25,12.783333333333333,1,12.783333333333333,25,0
62,1,0,0,1,1,1,1,0,0,0,-1,0,0,-1,0,0.0,1,0.0,0,0
63,1,0,0,1,1,1,1,0,0,0,-1,0,0,-1,0,0.0,1,0.0,0,0
64,169,0,0,13,13,13,13,0,0,0,-13,0,0,-13,0,38.81066666666667,13,38.81066666666667,0,0
65,100,250,250,35,35,-15,-15,625,625,50,15,0,625,15,0,897.37,10,272.37,25,25
66,100,0,0,10,10,10,10,0,0,0,-10,0,0,-10,0,22.295333333333332,10,22.295333333333332,0,0
67,121,275,275,36,36,-14,-14,625,625,50,14,0,625,14,0,927.508,11,302.50800000000004,25,25
68,1,25,21,26,22,-24,-20,625,525,46,24,4,441,20,-4,548.064,1,23.063999999999965,25,21
69,625,0,0,25,25,25,25,0,0,0,-25,0,0,-25,0,149.73733333333334,25,149.73733333333334,0,0
70,121,0,0,11,11,11,11,0,0,0,-11,0,0,-11,0,27.494666666666667,11,27.494666666666667,0,0
71,625,0,0,25,25,25,25,0,0,0,-25,0,0,-25,0,149.81466666666665,25,149.81466666666665,0,0
72,1,0,25,1,26,1,-24,0,0,25,-1,-25,625,24,25,12.583333333333334,1,12.583333333333334,0,25
73,4,0,50,2,27,2,-23,0,0,25,-2,-25,625,23,25,25.408,2,25.408,0,25
74,1,0,12,1,13,1,-11,0,0,12,-1,-12,144,11,12,5.824,1,5.824,0,12
75,49,0,133,7,26,7,-12,0,0,19,-7,-19,361,12,19,77.17533333333333,7,77.17533333333333,0,19
76,1,25,0,26,1,-24,1,625,0,25,24,25,0,-1,-25,12.75,1,12.75,25,0
77,625,625,0,50,25,0,25,625,0,25,0,25,0,-25,-25,462.8113333333333,25,462.8113333333333,25,0
78,625,0,0,25,25,25,25,0,0,0,-25,0,0,-25,0,150.21466666666666,25,150.21466666666666,0,0
79,121,0,275,11,36,11,-14,0,0,25,-11,-25,625,14,25,166.186,11,166.186,0,25
80,1,0,25,1,26,1,-24,0,0,25,-1,-25,625,24,25,12.666666666666666,1,12.666666666666666,0,25
81,4,0,50,2,27,2,-23,0,0,25,-2,-25,625,23,25,25.325333333333333,2,25.325333333333333,0,25
82,100,0,0,10,10,10,10,0,0,0,-10,0,0,-10,0,22.488,10,22.488,0,0
83,121,0,275,11,36,11,-14,0,0,25,-11,-25,625,14,25,166.44666666666666,11,166.44666666666666,0,25
84,1,0,12,1,13,1,-11,0,0,12,-1,-12,144,11,12,6.344,1,6.344,0,12
85,625,0,625,25,50,25,0,0,0,25,-25,-25,625,0,25,464.054,25,464.054,0,25
86,100,0,0,10,10,10,10,0,0,0,-10,0,0,-10,0,22.439333333333334,10,22.439333333333334,0,0
87,121,275,0,36,11,-14,11,625,0,25,14,25,0,-11,-25,165.14266666666666,11,165.14266666666666,25,0
88,1,25,0,26,1,-24,1,625,0,25,24,25,0,-1,-25,12.616666666666667,1,12.616666666666667,25,0
89,625,625,0,50,25,0,25,625,0,25,0,25,0,-25,-25,463.61533333333335,25,463.61533333333335,25,0
90,100,250,250,35,35,-15,-15,625,625,50,15,0,625,15,0,897.4133333333333,10,272.4133333333333,25,25
91,121,0,0,11,11,11,11,0,0,0,-11,0,0,-11,0,27.418666666666667,11,27.418666666666667,0,0
92,625,0,0,25,25,25,25,0,0,0,-25,0,0,-25,0,150.43333333333334,25,150.43333333333334,0,0
93,100,0,250,10,35,10,-15,0,0,25,-10,-25,625,15,25,146.99333333333334,10,146.99333333333334,0,25
94,625,0,0,25,25,25,25,0,0,0,-25,0,0,-25,0,149.804,25,149.804,0,0
95,169,0,0,13,13,13,13,0,0,0,-13,0,0,-13,0,39.08533333333333,13,39.08533333333333,0,0
96,1,25,0,26,1,-24,1,625,0,25,24,25,0,-1,-25,12.533333333333333,1,12.533333333333333,25,0
97,1,25,0,26,1,-24,1,625,0,25,24,25,0,-1,-25,12.783333333333333,1,12.783333333333333,25,0
98,1,0,0,1,1,1,1,0,0,0,-1,0,0,-1,0,0.0,1,0.0,0,0
99,1,0,0,1,1,1,1,0,0,0,-1,0,0,-1,0,0.0,1,0.0,0,0
100,169,0,0,13,13,13,13,0,0,0,-13,0,0,-13,0,38.81066666666667,13,38.81066666666667,0,0
101,100,250,250,35,35,-15,-15,625,625,50,15,0,625,15,0,897.37,10,272.37,25,25
102,100,0,0,10,10,10,10,0,0,0,-10,0,0,-10,0,22.295333333333332,10,22.295333333333332,0,0
103,121,275,275,36,36,-14,-14,625,625,50,14,0,625,14,0,927.508,11,302.50800000000004,25,25
104,1,25,21,26,22,-24,-20,625,525,46,24,4,441,20,-4,548.064,1,23.063999999999965,25,21
105,625,0,0,25,25,25,25,0,0,0,-25,0,0,-25,0,149.73733333333334,25,149.73733333333334,0,0
106,121,0,0,11,11,11,11,0,0,0,-11,0,0,-11,0,27.494666666666667,11,27.494666666666667,0,0
107,625,0,0,25,25,25,25,0,0,0,-25,0,0,-25,0,149.81466666666665,25,149.81466666666665,0,0
108,1,0,25,1,26,1,-24,0,0,25,-1,-25,625,24,25,12.583333333333334,1,12.583333333333334,0,25
109,4,0,50,2,27,2,-23,0,0,25,-2,-25,625,23,25,25.408,2,25.408,0,25
110,1,0,12,1,13,1,-11,0,0,12,-1,-12,144,11,12,5.824,1,5.824,0,12
111,49,0,133,7,26,7,-12,0,0,19,-7,-19,361,12,19,77.17533333333333,7,77.17533333333333,0,19
112,1,25,0,26,1,-24,1,625,0,25,24,25,0,-1,-25,12.75,1,12.75,25,0
113,625,625,0,50,25,0,25,625,0,25,0,25,0,-25,-25,462.8113333333333,25,462.8113333333333,25,0
114,625,0,0,25,25,25,25,0,0,0,-25,0,0,-25,0,150.21466666666666,25,150.21466666666666,0,0
115,121,0,275,11,36,11,-14,0,0,25,-11,-25,625,14,25,166.186,11,166.186,0,25
116,1,0,25,1,26,1,-24,0,0,25,-1,-25,625,24,25,12.666666666666666,1,12.666666666666666,0,25
117,4,0,50,2,27,2,-23,0,0,25,-2,-25,625,23,25,25.325333333333333,2,25.325333333333333,0,25
118,100,0,0,10,10,10,10,0,0,0,-10,0,0,-10,0,22.488,10,22.488,0,0
119,121,0,275,11,36,11,-14,0,0,25,-11,-25,625,14,25,166.44666666666666,11,166.44666666666666,0,25
120,1,0,12,1,13,1,-11,0,0,12,-1,-12,144,11,12,6.344,1,6.344,0,12
121,625,0,625,25,50,25,0,0,0,25,-25,-25,625,0,25,464.054,25,464.054,0,25
122,100,0,0,10,10,10,10,0,0,0,-10,0,0,-10,0,22.439333333333334,10,22.439333333333334,0,0
123,121,275,0,36,11,-14,11,625,0,25,14,25,0,-11,-25,165.14266666666666,11,165.14266666666666,25,0
124,1,25,0,26,1,-24,1,625,0,25,24,25,0,-1,-25,12.616666666666667,1,12.616666666666667,25,0
125,625,625,0,50,25,0,25,625,0,25,0,25,0,-25,-25,463.61533333333335,25,463.61533333333335,25,0
126,100,250,250,35,35,-15,-15,625,625,50,15,0,625,15,0,897.4133333333333,10,272.4133333333333,25,25
127,121,0,0,11,11,11,11,0,0,0,-11,0,0,-11,0,27.418666666666667,11,27.418666666666667,0,0
128,625,0,0,25,25,25,25,0,0,0,-25,0,0,-25,0,150.43333333333334,25,150.43333333333334,0,0
129,100,0,250,10,35,10,-15,0,0,25,-10,-25,625,15,25,146.99333333333334,10,146.99333333333334,0,25
130,625,0,0,25,25,25,25,0,0,0,-25,0,0,-25,0,149.804,25,149.804,0,0
131,169,0,0,13,13,13,13,0,0,0,-13,0,0,-13,0,39.08533333333333,13,39.08533333333333,0,0
132,1,25,0,26,1,-24,1,625,0,25,24,25,0,-1,-25,12.533333333333333,1,12.533333333333333,25,0
133,1,25,0,26,1,-24,1,625,0,25,24,25,0,-1,-25,12.783333333333333,1,12.783333333333333,25,0
134,1,0,0,1,1,1,1,0,0,0,-1,0,0,-1,0,0.0,1,0.0,0,0
135,1,0,0,1,1,1,1,0,0,0,-1,0,0,-1,0,0.0,1,0.0,0,0
136,169,0,0,13,13,13,13,0,0,0,-13,0,0,-13,0,38.81066666666667,13,38.81066666666667,0,0
137,100,250,250,35,35,-15,-15,625,625,50,15,0,625,15,0,897.37,10,272.37,25,25
138,100,0,0,10,10,10,10,0,0,0,-10,0,0,-10,0,22.295333333333332,10,22.295333333333332,0,0
139,121,275,275,36,36,-14,-14,625,625,50,14,0,625,14,0,927.508,11,302.50800000000004,25,25
140,1,25,21,26,22,-24,-20,625,525,46,24,4,441,20,-4,548.064,1,23.063999999999965,25,21
141,625,0,0,25,25,25,25,0,0,0,-25,0,0,-25,0,149.73733333333334,25,149.73733333333334,0,0
142,121,0,0,11,11,11,11,0,0,0,-11,0,0,-11,0,27.494666666666667,11,27.494666666666667,0,0
143,625,0,0,25,25,25,25,0,0,0,-25,0,0,-25,0,149.81466666666665,25,149.81466666666665,0,0
144,1,0,25,1,26,1,-24,0,0,25,-1,-25,625,24,25,12.583333333333334,1,12.583333333333334,0,25
145,4,0,50,2,27,2,-23,0,0,25,-2,-25,625,23,25,25.408,2,25.408,0,25
146,1,0,12,1,13,1,-11,0,0,12,-1,-12,144,11,12,5.824,1,5.824,0,12
147,49,0,133,7,26,7,-12,0,0,19,-7,-19,361,12,19,77.17533333333333,7,77.17533333333333,0,19
148,1,25,0,26,1,-24,1,625,0,25,24,25,0,-1,-25,12.75,1,12.75,25,0
149,625,625,0,50,25,0,25,625,0,25,0,25,0,-25,-25,462.8113333333333,25,462.8113333333333,25,0
150,625,0,0,25,25,25,25,0,0,0,-25,0,0,-25,0,150.21466666666666,25,150.21466666666666,0,0
151,121,0,275,11,36,11,-14,0,0,25,-11,-25,625,14,25,166.186,11,166.186,0,25
152,1,0,25,1,26,1,-24,0,0,25,-1,-25,625,24,25,12.666666666666666,1,12.666666666666666,0,25
153,4,0,50,2,27,2,-23,0,0,25,-2,-25,625,23,25,25.325333333333333,2,25.325333333333333,0,25
154,100,0,0,10,10,10,10,0,0,0,-10,0,0,-10,0,22.488,10,22.488,0,0
155,121,0,275,11,36,11,-14,0,0,25,-11,-25,625,14,25,166.44666666666666,11,166.44666666666666,0,25
156,1,0,12,1,13,1,-11,0,0,12,-1,-12,144,11,12,6.344,1,6.344,0,12
157,625,0,625,25,50,25,0,0,0,25,-25,-25,625,0,25,464.054,25,464.054,0,25
158,100,0,0,10,10,10,10,0,0,0,-10,0,0,-10,0,22.439333333333334,10,22.439333333333334,0,0
159,121,275,0,36,11,-14,11,625,0,25,14,25,0,-11,-25,165.14266666666666,11,165.14266666666666,25,0
160,1,25,0,26,1,-24,1,625,0,25,24,25,0,-1,-25,12.616666666666667,1,12.616666666666667,25,0
161,625,625,0,50,25,0,25,625,0,25,0,25,0,-25,-25,463.61533333333335,25,463.61533333333335,25,0
162,100,250,250,35,35,-15,-15,625,625,50,15,0,625,15,0,897.4133333333333,10,272.4133333333333,25,25
163,121,0,0,11,11,11,11,0,0,0,-11,0,0,-11,0,27.418666666666667,11,27.418666666666667,0,0
164,625,0,0,25,25,25,25,0,0,0,-25,0,0,-25,0,150.43333333333334,25,150.43333333333334,0,0
165,100,0,250,10,35,10,-15,0,0,25,-10,-25,625,15,25,146.99333333333334,10,146.99333333333334,0,25
166,625,0,0,25,25,25,25,0,0,0,-25,0,0,-25,0,149.804,25,149.804,0,0
167,169,0,0,13,13,13,13,0,0,0,-13,0,0,-13,0,39.08533333333333,13,39.08533333333333,0,0
168,1,25,0,26,1,-24,1,625,0,25,24,25,0,-1,-25,12.533333333333333,1,12.533333333333333,25,0
169,1,25,0,26,1,-24,1,625,0,25,24,25,0,-1,-25,12.783333333333333,1,12.783333333333333,25,0
170,1,0,0,1,1,1,1,0,0,0,-1,0,0,-1,0,0.0,1,0.0,0,0
171,1,0,0,1,1,1,1,0,0,0,-1,0,0,-1,0,0.0,1,0.0,0,0
172,169,0,0,13,13,13,13,0,0,0,-13,0,0,-13,0,38.81066666666667,13,38.81066666666667,0,0
173,100,250,250,35,35,-15,-15,625,625,50,15,0,625,15,0,897.37,10,272.37,25,25
174,100,0,0,10,10,10,10,0,0,0,-10,0,0,-10,0,22.295333333333332,10,22.295333333333332,0,0
175,121,275,275,36,36,-14,-14,625,625,50,14,0,625,14,0,927.508,11,302.50800000000004,25,25
176,1,25,21,26,22,-24,-20,625,525,46,24,4,441,20,-4,548.064,1,23.063999999999965,25,21
177,625,0,0,25,25,25,25,0,0,0,-25,0,0,-25,0,149.73733333333334,25,149.73733333333334,0,0
178,121,0,0,11,11,11,11,0,0,0,-11,0,0,-11,0,27.494666666666667,11,27.494666666666667,0,0
179,625,0,0,25,25,25,25,0,0,0,-25,0,0,-25,0,149.81466666666665,25,149.81466666666665,0,0
180,1,0,25,1,26,1,-24,0,0,25,-1,-25,625,24,25,12.583333333333334,1,12.583333333333334,0,25
181,4,0,50,2,27,2,-23,0,0,25,-2,-25,625,23,25,25.408,2,25.408,0,25
182,1,0,12,1,13,1,-11,0,0,12,-1,-12,144,11,12,5.824,1,5.824,0,12
183,49,0,133,7,26,7,-12,0,0,19,-7,-19,361,12,19,77.17533333333333,7,77.17533333333333,0,19
184,1,25,0,26,1,-24,1,625,0,25,24,25,0,-1,-25,12.75,1,12.75,25,0
185,625,625,0,50,25,0,25,625,0,25,0,25,0,-25,-25,462.8113333333333,25,462.8113333333333,25,0
186,625,0,0,25,25,25,25,0,0,0,-25,0,0,-25,0,150.21466666666666,25,150.21466666666666,0,0
187,121,0,275,11,36,11,-14,0,0,25,-11,-25,625,14,25,166.186,11,166.186,0,25
188,1,0,25,1,26,1,-24,0,0,25,-1,-25,625,24,25,12.666666666666666,1,12.666666666666666,0,25
189,4,0,50,2,27,2,-23,0,0,25,-2,-25,625,23,25,25.325333333333333,2,25.325333333333333,0,25
190,100,0,0,10,10,10,10,0,0,0,-10,0,0,-10,0,22.488,10,22.488,0,0
191,121,0,275,11,36,11,-14,0,0,25,-11,-25,625,14,25,166.44666666666666,11,166.44666666666666,0,25
192,1,0,12,1,13,1,-11,0,0,12,-1,-12,144,11,12,6.344,1,6.344,0,12
193,625,0,625,25,50,25,0,0,0,25,-25,-25,625,0,25,464.054,25,464.054,0,25
194,100,0,0,10,10,10,10,0,0,0,-10,0,0,-10,0,22.439333333333334,10,22.439333333333334,0,0
195,121,275,0,36,11,-14,11,625,0,25,14,25,0,-11,-25,165.14266666666666,11,165.14266666666666,25,0
196,1,25,0,26,1,-24,1,625,0,25,24,25,0,-1,-25,12.616666666666667,1,12.616666666666667,25,0
197,625,625,0,50,25,0,25,625,0,25,0,25,0,-25,-25,463.61533333333335,25,463.61533333333335,25,0
198,100,250,250,35,35,-15,-15,625,625,50,15,0,625,15,0,897.4133333333333,10,272.4133333333333,25,25
199,121,0,0,11,11,11,11,0,0,0,-11,0,0,-11,0,27.418666666666667,11,27.418666666666667,0,0
200,625,0,0,25,25,25,25,0,0,0,-25,0,0,-25,0,150.43333333333334,25,150.43333333333334,0,0
201,100,0,250,10,35,10,-15,0,0,25,-10,-25,625,15,25,146.99333333333334,10,146.99333333333334,0,25
202,625,0,0,25,25,25,25,0,0,0,-25,0,0,-25,0,149.804,25,149.804,0,0
203,169,0,0,13,13,13,13,0,0,0,-13,0,0,-13,0,39.08533333333333,13,39.08533333333333,0,0
204,1,25,0,26,1,-24,1,625,0,25,24,25,0,-1,-25,12.533333333333333,1,12.533333333333333,25,0
205,1,25,0,26,1,-24,1,625,0,25,24,25,0,-1,-25,12.783333333333333,1,12.783333333333333,25,0
206,1,0,0,1,1,1,1,0,0,0,-1,0,0,-1,0,0.0,1,0.0,0,0
207,1,0,0,1,1,1,1,0,0,0,-1,0,0,-1,0,0.0,1,0.0,0,0
208,169,0,0,13,13,13,13,0,0,0,-13,0,0,-13,0,38.81066666666667,13,38.81066666666667,0,0
209,100,250,250,35,35,-15,-15,625,625,50,15,0,625,15,0,897.37,10,272.37,25,25
210,100,0,0,10,10,10,10,0,0,0,-10,0,0,-10,0,22.295333333333332,10,22.295333333333332,0,0
211,121,275,275,36,36,-14,-14,625,625,50,14,0,625,14,0,927.508,11,302.50800000000004,25,25
212,1,25,21,26,22,-24,-20,625,525,46,24,4,441,20,-4,548.064,1,23.063999999999965,25,21
213,625,0,0,25,25,25,25,0,0,0,-25,0,0,-25,0,149.73733333333334,25,149.73733333333334,0,0
214,121,0,0,11,11,11,11,0,0,0,-11,0,0,-11,0,27.494666666666667,11,27.494666666666667,0,0
215,625,0,0,25,25,25,25,0,0,0,-25,0,0,-25,0,149.81466666666665,25,149.81466666666665,0,0
216,1,0,25,1,26,1,-24,0,0,25,-1,-25,625,24,25,12.583333333333334,1,12.583333333333334,0,25
217,4,0,50,2,27,2,-23,0,0,25,-2,-25,625,23,25,25.408,2,25.408,0,25
218,1,0,12,1,13,1,-11,0,0,12,-1,-12,144,11,12,5.824,1,5.824,0,12
219,49,0,133,7,26,7,-12,0,0,19,-7,-19,361,12,19,77.17533333333333,7,77.17533333333333,0,19
220,1,25,0,26,1,-24,1,625,0,25,24,25,0,-1,-25,12.75,1,12.75,25,0
221,625,625,0,50,25,0,25,625,0,25,0,25,0,-25,-25,462.8113333333333,25,462.8113333333333,25,0
222,625,0,0,25,25,25,25,0,0,0,-25,0,0,-25,0,150.21466666666666,25,150.21466666666666,0,0
223,121,0,275,11,36,11,-14,0,0,25,-11,-25,625,14,25,166.186,11,166.186,0,25
224,1,0,25,1,26,1,-24,0,0,25,-1,-25,625,24,25,12.666666666666666,1,12.666666666666666,0,25
225,4,0,50,2,27,2,-23,0,0,25,-2,-25,625,23,25,25.325333333333333,2,25.325333333333333,0,25
226,100,0,0,10,10,10,10,0,0,0,-10,0,0,-10,0,22.488,10,22.488,0,0
227,121,0,275,11,36,11,-14,0,0,25,-11,-25,625,14,25,166.44666666666666,11,166.44666666666666,0,25
228,1,0,12,1,13,1,-11,0,0,12,-1,-12,144,11,12,6.344,1,6.344,0,12
229,625,0,625,25,50,25,0,0,0,25,-25,-25,625,0,25,464.054,25,464.054,0,25
230,100,0,0,10,10,10,10,0,0,0,-10,0,0,-10,0,22.439333333333334,10,22.439333333333334,0,0
231,121,275,0,36,11,-14,11,625,0,25,14,25,0,-11,-25,165.14266666666666,11,165.14266666666666,25,0
232,1,25,0,26,1,-24,1,625,0,25,24,25,0,-1,-25,12.616666666666667,1,12.616666666666667,25,0
233,625,625,0,50,25,0,25,625,0,25,0,25,0,-25,-25,463.61533333333335,25,463.61533333333335,25,0
234,100,250,250,35,35,-15,-15,625,625,50,15,0,625,15,0,897.4133333333333,10,272.4133333333333,25,25
235,121,0,0,11,11,11,11,0,0,0,-11,0,0,-11,0,27.418666666666667,11,27.418666666666667,0,0
236,625,0,0,25,25,25,25,0,0,0,-25,0,0,-25,0,150.43333333333334,25,150.43333333333334,0,0
237,100,0,250,10,35,10,-15,0,0,25,-10,-25,625,15,25,146.99333333333334,10,146.99333333333334,0,25
238,625,0,0,25,25,25,25,0,0,0,-25,0,0,-25,0,149.804,25,149.804,0,0
239,169,0,0,13,13,13,13,0,0,0,-13,0,0,-13,0,39.08533333333333,13,39.08533333333333,0,0
240,1,25,0,26,1,-24,1,625,0,25,24,25,0,-1,-25,12.533333333333333,1,12.533333333333333,25,0
241,1,25,0,26,1,-24,1,625,0,25,24,25,0,-1,-25,12.783333333333333,1,12.783333333333333,25,0
242,1,0,0,1,1,1,1,0,0,0,-1,0,0,-1,0,0.0,1,0.0,0,0
243,1,0,0,1,1,1,1,0,0,0,-1,0,0,-1,0,0.0,1,0.0,0,0
244,169,0,0,13,13,13,13,0,0,0,-13,0,0,-13,0,38.81066666666667,13,38.81066666666667,0,0
245,100,250,250,35,35,-15,-15,625,625,50,15,0,625,15,0,897.37,10,272.37,25,25
246,100,0,0,10,10,10,10,0,0,0,-10,0,0,-10,0,22.295333333333332,10,22.295333333333332,0,0
247,121,275,275,36,36,-14,-14,625,625,50,14,0,625,14,0,927.508,11,302.50800000000004,25,25
248,1,25,21,26,22,-24,-20,625,525,46,24,4,441,20,-4,548.064,1,23.063999999999965,25,21
249,625,0,0,25,25,25,25,0,0,0,-25,0,0,-25,0,149.73733333333334,25,149.73733333333334,0,0
250,121,0,0,11,11,11,11,0,0,0,-11,0,0,-11,0,27.494666666666667,11,27.494666666666667,0,0
251,625,0,0,25,25,25,25,0,0,0,-25,0,0,-25,0,149.81466666666665,25,149.81466666666665,0,0
252,1,0,25,1,26,1,-24,0,0,25,-1,-25,625,24,25,12.583333333333334,1,12.583333333333334,0,25
253,4,0,50,2,27,2,-23,0,0,25,-2,-25,625,23,25,25.408,2,25.408,0,25
254,1,0,12,1,13,1,-11,0,0,12,-1,-12,144,11,12,5.824,1,5.824,0,12
255,49,0,133,7,26,7,-12,0,0,19,-7,-19,361,12,19,77.17533333333333,7,77.17533333333333,0,19
256,1,25,0,26,1,-24,1,625,0,25,24,25,0,-1,-25,12.75,1,12.75,25,0
257,625,625,0,50,25,0,25,625,0,25,0,25,0,-25,-25,462.8113333333333,25,462.8113333333333,25,0
258,625,0,0,25,25,25,25,0,0,0,-25,0,0,-25,0,150.21466666666666,25,150.21466666666666,0,0
259,121,0,275,11,36,11,-14,0,0,25,-11,-25,625,14,25,166.186,11,166.186,0,25
260,1,0,25,1,26,1,-24,0,0,25,-1,-25,625,24,25,12.666666666666666,1,12.666666666666666,0,25
261,4,0,50,2,27,2,-23,0,0,25,-2,-25,625,23,25,25.325333333333333,2,25.325333333333333,0,25
262,100,0,0,10,10,10,10,0,0,0,-10,0,0,-10,0,22.488,10,22.488,0,0
263,121,0,275,11,36,11,-14,0,0,25,-11,-25,625,14,25,166.44666666666666,11,166.44666666666666,0,25
264,1,0,12,1,13,1,-11,0,0,12,-1,-12,144,11,12,6.344,1,6.344,0,12
265,625,0,625,25,50,25,0,0,0,25,-25,-25,625,0,25,464.054,25,464.054,0,25
266,100,0,0,10,10,10,10,0,0,0,-10,0,0,-10,0,22.439333333333334,10,22.439333333333334,0,0
267,121,275,0,36,11,-14,11,625,0,25,14,25,0,-11,-25,165.14266666666666,11,165.14266666666666,25,0
268,1,25,0,26,1,-24,1,625,0,25,24,25,0,-1,-25,12.616666666666667,1,12.616666666666667,25,0
269,625,625,0,50,25,0,25,625,0,25,0,25,0,-25,-25,463.61533333333335,25,463.61533333333335,25,0
270,100,250,250,35,35,-15,-15,625,625,50,15,0,625,15,0,897.4133333333333,10,272.4133333333333,25,25
271,121,0,0,11,11,11,11,0,0,0,-11,0,0,-11,0,27.418666666666667,11,27.418666666666667,0,0
272,625,0,0,25,25,25,25,0,0,0,-25,0,0,-25,0,150.43333333333334,25,150.43333333333334,0,0
273,100,0,250,10,35,10,-15,0,0,25,-10,-25,625,15,25,146.99333333333334,10,146.99333333333334,0,25
274,625,0,0,25,25,25,25,0,0,0,-25,0,0,-25,0,149.804,25,149.804,0,0
275,169,0,0,13,13,13,13,0,0,0,-13,0,0,-13,0,39.08533333333333,13,39.08533333333333,0,0
276,1,25,0,26,1,-24,1,625,0,25,24,25,0,-1,-25,12.533333333333333,1,12.533333333333333,25,0
277,1,25,0,26,1,-24,1,625,0,25,24,25,0,-1,-25,12.783333333333333,1,12.783333333333333,25,0
278,1,0,0,1,1,1,1,0,0,0,-1,0,0,-1,0,0.0,1,0.0,0,0
279,1,0,0,1,1,1,1,0,0,0,-1,0,0,-1,0,0.0,1,0.0,0,0
280,169,0,0,13,13,13,13,0,0,0,-13,0,0,-13,0,38.81066666666667,13,38.81066666666667,0,0
281,100,250,250,35,35,-15,-15,625,625,50,15,0,625,15,0,897.37,10,272.37,25,25
282,100,0,0,10,10,10,10,0,0,0,-10,0,0,-10,0,22.295333333333332,10,22.295333333333332,0,0
283,121,275,275,36,36,-14,-14,625,625,50,14,0,625,14,0,927.508,11,302.50800000000004,25,25
284,1,25,21,26,22,-24,-20,625,525,46,24,4,441,20,-4,548.064,1,23.063999999999965,25,21
285,625,0,0,25,25,25,25,0,0,0,-25,0,0,-25,0,149.73733333333334,25,149.73733333333334,0,0
286,121,0,0,11,11,11,11,0,0,0,-11,0,0,-11,0,27.494666666666667,11,27.494666666666667,0,0
287,625,0,0,25,25,25,25,0,0,0,-25,0,0,-25,0,149.81466666666665,25,149.81466666666665,0,0
288,1,0,25,1,26,1,-24,0,0,25,-1,-25,625,24,25,12.583333333333334,1,12.583333333333334,0,25
289,4,0,50,2,27,2,-23,0,0,25,-2,-25,625,23,25,25.408,2,25.408,0,25
290,1,0,12,1,13,1,-11,0,0,12,-1,-12,144,11,12,5.824,1,5.824,0,12
291,49,0,133,7,26,7,-12,0,0,19,-7,-19,361,12,19,77.17533333333333,7,77.17533333333333,0,19
292,1,25,0,26,1,-24,1,625,0,25,24,25,0,-1,-25,12.75,1,12.75,25,0
293,625,625,0,50,25,0,25,625,0,25,0,25,0,-25,-25,462.8113333333333,25,462.8113333333333,25,0
294,625,0,0,25,25,25,25,0,0,0,-25,0,0,-25,0,150.21466666666666,25,150.21466666666666,0,0
295,121,0,275,11,36,11,-14,0,0,25,-11,-25,625,14,25,166.186,11,166.186,0,25
296,1,0,25,1,26,1,-24,0,0,25,-1,-25,625,24,25,12.666666666666666,1,12.666666666666666,0,25
297,4,0,50,2,27,2,-23,0,0,25,-2,-25,625,23,25,25.325333333333333,2,25.325333333333333,0,25
298,100,0,0,10,10,10,10,0,0,0,-10,0,0,-10,0,22.488,10,22.488,0,0
299,121,0,275,11,36,11,-14,0,0,25,-11,-25,625,14,25,166.44666666666666,11,166.44666666666666,0,25
300,1,0,12,1,13,1,-11,0,0,12,-1,-12,144,11,12,6.344,1,6.344,0,12
301,625,0,625,25,50,25,0,0,0,25,-25,-25,625,0,25,464.054,25,464.054,0,25
302,100,0,0,10,10,10,10,0,0,0,-10,0,0,-10,0,22.439333333333334,10,22.439333333333334,0,0
303,121,275,0,36,11,-14,11,625,0,25,14,25,0,-11,-25,165.14266666666666,11,165.14266666666666,25,0
304,1,25,0,26,1,-24,1,625,0,25,24,25,0,-1,-25,12.616666666666667,1,12.616666666666667,25,0
305,625,625,0,50,25,0,25,625,0,25,0,25,0,-25,-25,463.61533333333335,25,463.61533333333335,25,0
306,100,250,250,35,35,-15,-15,625,625,50,15,0,625,15,0,897.4133333333333,10,272.4133333333333,25,25
307,121,0,0,11,11,11,11,0,0,0,-11,0,0,-11,0,27.418666666666667,11,27.418666666666667,0,0
308,625,0,0,25,25,25,25,0,0,0,-25,0,0,-25,0,150.43333333333334,25,150.43333333333334,0,0
309,100,0,250,10,35,10,-15,0,0,25,-10,-25,625,15,25,146.99333333333334,10,146.99333333333334,0,25
310,625,0,0,25,25,25,25,0,0,0,-25,0,0,-25,0,149.804,25,149.804,0,0
311,169,0,0,13,13,13,13,0,0,0,-13,0,0,-13,0,39.08533333333333,13,39.08533333333333,0,0
312,1,25,0,26,1,-24,1,625,0,25,24,25,0,-1,-25,12.533333333333333,1,12.533333333333333,25,0
313,1,25,0,26,1,-24,1,625,0,25,24,25,0,-1,-25,12.783333333333333,1,12.783333333333333,25,0
314,1,0,0,1,1,1,1,0,0,0,-1,0,0,-1,0,0.0,1,0.0,0,0
315,1,0,0,1,1,1,1,0,0,0,-1,0,0,-1,0,0.0,1,0.0,0,0
316,169,0,0,13,13,13,13,0,0,0,-13,0,0,-13,0,38.81066666666667,13,38.81066666666667,0,0
317,100,250,250,35,35,-15,-15,625,625,50,15,0,625,15,0,897.37,10,272.37,25,25
318,100,0,0,10,10,10,10,0,0,0,-10,0,0,-10,0,22.295333333333332,10,22.295333333333332,0,0
319,121,275,275,36,36,-14,-14,625,625,50,14,0,625,14,0,927.508,11,302.50800000000004,25,25
320,1,25,21,26,22,-24,-20,625,525,46,24,4,441,20,-4,548.064,1,23.063999999999965,25,21
321,625,0,0,25,25,25,25,0,0,0,-25,0,0,-25,0,149.73733333333334,25,149.73733333333334,0,0
322,121,0,0,11,11,11,11,0,0,0,-11,0,0,-11,0,27.494666666666667,11,27.494666666666667,0,0
323,625,0,0,25,25,25,25,0,0,0,-25,0,0,-25,0,149.81466666666665,25,149.81466666666665,0,0
324,1,0,25,1,26,1,-24,0,0,25,-1,-25,625,24,25,12.583333333333334,1,12.583333333333334,0,25
325,4,0,50,2,27,2,-23,0,0,25,-2,-25,625,23,25,25.408,2,25.408,0,25
326,1,0,12,1,13,1,-11,0,0,12,-1,-12,144,11,12,5.824,1,5.824,0,12
327,49,0,133,7,26,7,-12,0,0,19,-7,-19,361,12,19,77.17533333333333,7,77.17533333333333,0,19
328,1,25,0,26,1,-24,1,625,0,25,24,25,0,-1,-25,12.75,1,12.75,25,0
329,625,625,0,50,25,0,25,625,0,25,0,25,0,-25,-25,462.8113333333333,25,462.8113333333333,25,0
330,625,0,0,25,25,25,25,0,0,0,-25,0,0,-25,0,150.21466666666666,25,150.21466666666666,0,0
331,121,0,275,11,36,11,-14,0,0,25,-11,-25,625,14,25,166.186,11,166.186,0,25
332,1,0,25,1,26,1,-24,0,0,25,-1,-25,625,24,25,12.666666666666666,1,12.666666666666666,0,25
333,4,0,50,2,27,2,-23,0,0,25,-2,-25,625,23,25,25.325333333333333,2,25.325333333333333,0,25
334,100,0,0,10,10,10,10,0,0,0,-10,0,0,-10,0,22.488,10,22.488,0,0
335,121,0,275,11,36,11,-14,0,0,25,-11,-25,625,14,25,166.44666666666666,11,166.44666666666666,0,25
336,1,0,12,1,13,1,-11,0,0,12,-1,-12,144,11,12,6.344,1,6.344,0,12
337,625,0,625,25,50,25,0,0,0,25,-25,-25,625,0,25,464.054,25,464.054,0,25
338,100,0,0,10,10,10,10,0,0,0,-10,0,0,-10,0,22.439333333333334,10,22.439333333333334,0,0
339,121,275,0,36,11,-14,11,625,0,25,14,25,0,-11,-25,165.14266666666666,11,165.14266666666666,25,0
340,1,25,0,26,1,-24,1,625,0,25,24,25,0,-1,-25,12.616666666666667,1,12.616666666666667,25,0
341,625,625,0,50,25,0,25,625,0,25,0,25,0,-25,-25,463.61533333333335,25,463.61533333333335,25,0
342,100,250,250,35,35,-15,-15,625,625,50,15,0,625,15,0,897.4133333333333,10,272.4133333333333,25,25
343,121,0,0,11,11,11,11,0,0,0,-11,0,0,-11,0,27.418666666666667,11,27.418666666666667,0,0
344,625,0,0,25,25,25,25,0,0,0,-25,0,0,-25,0,150.43333333333334,25,150.43333333333334,0,0
345,100,0,250,10,35,10,-15,0,0,25,-10,-25,625,15,25,146.99333333333334,10,146.99333333333334,0,25
346,625,0,0,25,25,25,25,0,0,0,-25,0,0,-25,0,149.804,25,149.804,0,0
347,169,0,0,13,13,13,13,0,0,0,-13,0,0,-13,0,39.08533333333333,13,39.08533333333333,0,0
348,1,25,0,26,1,-24,1,625,0,25,24,25,0,-1,-25,12.533333333333333,1,12.533333333333333,25,0
349,1,25,0,26,1,-24,1,625,0,25,24,25,0,-1,-25,12.783333333333333,1,12.783333333333333,25,0
350,1,0,0,1,1,1,1,0,0,0,-1,0,0,-1,0,0.0,1,0.0,0,0
351,1,0,0,1,1,1,1,0,0,0,-1,0,0,-1,0,0.0,1,0.0,0,0
352,169,0,0,13,13,13,13,0,0,0,-13,0,0,-13,0,38.81066666666667,13,38.81066666666667,0,0
353,100,250,250,35,35,-15,-15,625,625,50,15,0,625,15,0,897.37,10,272.37,25,25
354,100,0,0,10,10,10,10,0,0,0,-10,0,0,-10,0,22.295333333333332,10,22.295333333333332,0,0
355,121,275,275,36,36,-14,-14,625,625,50,14,0,625,14,0,927.508,11,302.50800000000004,25,25
356,1,25,21,26,22,-24,-20,625,525,46,24,4,441,20,-4,548.064,1,23.063999999999965,25,21
357,625,0,0,25,25,25,25,0,0,0,-25,0,0,-25,0,149.73733333333334,25,149.73733333333334,0,0
358,121,0,0,11,11,11,11,0,0,0,-11,0,0,-11,0,27.494666666666667,11,27.494666666666667,0,0
359,625,0,0,25,25,25,25,0,0,0,-25,0,0,-25,0,149.81466666666665,25,149.81466666666665,0,0
360,1,0,25,1,26,1,-24,0,0,25,-1,-25,625,24,25,12.583333333333334,1,12.583333333333334,0,25
361,4,0,50,2,27,2,-23,0,0,25,-2,-25,625,23,25,25.408,2,25.408,0,25
362,1,0,12,1,13,1,-11,0,0,12,-1,-12,144,11,12,5.824,1,5.824,0,12
363,49,0,133,7,26,7,-12,0,0,19,-7,-19,361,12,19,77.17533333333333,7,77.17533333333333,0,19
364,1,25,0,26,1,-24,1,625,0,25,24,25,0,-1,-25,12.75,1,12.75,25,0
365,625,625,0,50,25,0,25,625,0,25,0,25,0,-25,-25,462.8113333333333,25,462.8113333333333,25,0
366,625,0,0,25,25,25,25,0,0,0,-25,0,0,-25,0,150.21466666666666,25,150.21466666666666,0,0
367,121,0,275,11,36,11,-14,0,0,25,-11,-25,625,14,25,166.186,11,166.186,0,25
368,1,0,25,1,26,1,-24,0,0,25,-1,-25,625,24,25,12.666666666666666,1,12.666666666666666,0,25
369,4,0,50,2,27,2,-23,0,0,25,-2,-25,625,23,25,25.325333333333333,2,25.325333333333333,0,25
370,100,0,0,10,10,10,10,0,0,0,-10,0,0,-10,0,22.488,10,22.488,0,0
371,121,0,275,11,36,11,-14,0,0,25,-11,-25,625,14,25,166.44666666666666,11,166.44666666666666,0,25
372,1,0,12,1,13,1,-11,0,0,12,-1,-12,144,11,12,6.344,1,6.344,0,12
373,625,0,625,25,50,25,0,0,0,25,-25,-25,625,0,25,464.054,25,464.054,0,25
374,100,0,0,10,10,10,10,0,0,0,-10,0,0,-10,0,22.439333333333334,10,22.439333333333334,0,0
375,121,275,0,36,11,-14,11,625,0,25,14,25,0,-11,-25,165.14266666666666,11,165.14266666666666,25,0
376,1,25,0,26,1,-24,1,625,0,25,24,25,0,-1,-25,12.616666666666667,1,12.616666666666667,25,0
377,625,625,0,50,25,0,25,625,0,25,0,25,0,-25,-25,463.61533333333335,25,463.61533333333335,25,0
378,100,250,250,35,35,-15,-15,625,625,50,15,0,625,15,0,897.4133333333333,10,272.4133333333333,25,25
379,121,0,0,11,11,11,11,0,0,0,-11,0,0,-11,0,27.418666666666667,11,27.418666666666667,0,0
380,625,0,0,25,25,25,25,0,0,0,-25,0,0,-25,0,150.43333333333334,25,150.43333333333334,0,0
381,100,0,250,10,35,10,-15,0,0,25,-10,-25,625,15,25,146.99333333333334,10,146.99333333333334,0,25
382,625,0,0,25,25,25,25,0,0,0,-25,0,0,-25,0,149.804,25,149.804,0,0
383,169,0,0,13,13,13,13,0,0,0,-13,0,0,-13,0,39.08533333333333,13,39.08533333333333,0,0
384,1,25,0,26,1,-24,1,625,0,25,24,25,0,-1,-25,12.533333333333333,1,12.533333333333333,25,0
385,1,25,0,26,1,-24,1,625,0,25,24,25,0,-1,-25,12.783333333333333,1,12.783333333333333,25,0
386,1,0,0,1,1,1,1,0,0,0,-1,0,0,-1,0,0.0,1,0.0,0,0
387,1,0,0,1,1,1,1,0,0,0,-1,0,0,-1,0,0.0,1,0.0,0,0
388,169,0,0,13,13,13,13,0,0,0,-13,0,0,-13,0,38.81066666666667,13,38.81066666666667,0,0
389,100,250,250,35,35,-15,-15,625,625,50,15,0,625,15,0,897.37,10,272.37,25,25
390,100,0,0,10,10,10,10,0,0,0,-10,0,0,-10,0,22.295333333333332,10,22.295333333333332,0,0
391,121,275,275,36,36,-14,-14,625,625,50,14,0,625,14,0,927.508,11,302.50800000000004,25,25
392,1,25,21,26,22,-24,-20,625,525,46,24,4,441,20,-4,548.064,1,23.063999999999965,25,21
393,625,0,0,25,25,25,25,0,0,0,-25,0,0,-25,0,149.73733333333334,25,149.73733333333334,0,0
394,121,0,0,11,11,11,11,0,0,0,-11,0,0,-11,0,27.494666666666667,11,27.494666666666667,0,0
395,625,0,0,25,25,25,25,0,0,0,-25,0,0,-25,0,149.81466666666665,25,149.81466666666665,0,0
396,1,0,25,1,26,1,-24,0,0,25,-1,-25,625,24,25,12.583333333333334,1,12.583333333333334,0,25
397,4,0,50,2,27,2,-23,0,0,25,-2,-25,625,23,25,25.408,2,25.408,0,25
398,1,0,12,1,13,1,-11,0,0,12,-1,-12,144,11,12,5.824,1,5.824,0,12
399,49,0,133,7,26,7,-12,0,0,19,-7,-19,361,12,19,77.17533333333333,7,77.17533333333333,0,19
400,1,25,0,26,1,-24,1,625,0,25,24,25,0,-1,-25,12.75,1,12.75,25,0
401,625,625,0,50,25,0,25,625,0,25,0,25,0,-25,-25,462.8113333333333,25,462.8113333333333,25,0
402,625,0,0,25,25,25,25,0,0,0,-25,0,0,-25,0,150.21466666666666,25,150.21466666666666,0,0
403,121,0,275,11,36,11,-14,0,0,25,-11,-25,625,14,25,166.186,11,166.186,0,25
404,1,0,25,1,26,1,-24,0,0,25,-1,-25,625,24,25,12.666666666666666,1,12.666666666666666,0,25
405,4,0,50,2,27,2,-23,0,0,25,-2,-25,625,23,25,25.325333333333333,2,25.325333333333333,0,25
406,100,0,0,10,10,10,10,0,0,0,-10,0,0,-10,0,22.488,10,22.488,0,0
407,121,0,275,11,36,11,-14,0,0,25,-11,-25,625,14,25,166.44666666666666,11,166.44666666666666,0,25
408,1,0,12,1,13,1,-11,0,0,12,-1,-12,144,11,12,6.344,1,6.344,0,12
409,625,0,625,25,50,25,0,0,0,25,-25,-25,625,0,25,464.054,25,464.054,0,25
410,100,0,0,10,10,10,10,0,0,0,-10,0,0,-10,0,22.439333333333334,10,22.439333333333334,0,0
411,121,275,0,36,11,-14,11,625,0,25,14,25,0,-11,-25,165.14266666666666,11,165.14266666666666,25,0
412,1,25,0,26,1,-24,1,625,0,25,24,25,0,-1,-25,12.616666666666667,1,12.616666666666667,25,0
413,625,625,0,50,25,0,25,625,0,25,0,25,0,-25,-25,463.61533333333335,25,463.61533333333335,25,0
414,100,250,250,35,35,-15,-15,625,625,50,15,0,625,15,0,897.4133333333333,10,272.4133333333333,25,25
415,121,0,0,11,11,11,11,0,0,0,-11,0,0,-11,0,27.418666666666667,11,27.418666666666667,0,0
416,625,0,0,25,25,25,25,0,0,0,-25,0,0,-25,0,150.43333333333334,25,150.43333333333334,0,0
417,100,0,250,10,35,10,-15,0,0,25,-10,-25,625,15,25,146.99333333333334,10,146.99333333333334,0,25
418,625,0,0,25,25,25,25,0,0,0,-25,0,0,-25,0,149.804,25,149.804,0,0
419,169,0,0,13,13,13,13,0,0,0,-13,0,0,-13,0,39.08533333333333,13,39.08533333333333,0,0
420,1,25,0,26,1,-24,1,625,0,25,24,25,0,-1,-25,12.533333333333333,1,12.533333333333333,25,0
421,1,25,0,26,1,-24,1,625,0,25,24,25,0,-1,-25,12.783333333333333,1,12.783333333333333,25,0
422,1,0,0,1,1,1,1,0,0,0,-1,0,0,-1,0,0.0,1,0.0,0,0
423,1,0,0,1,1,1,1,0,0,0,-1,0,0,-1,0,0.0,1,0.0,0,0
424,169,0,0,13,13,13,13,0,0,0,-13,0,0,-13,0,38.81066666666667,13,38.81066666666667,0,0
425,100,250,250,35,35,-15,-15,625,625,50,15,0,625,15,0,897.37,10,272.37,25,25
426,100,0,0,10,10,10,10,0,0,0,-10,0,0,-10,0,22.295333333333332,10,22.295333333333332,0,0
427,121,275,275,36,36,-14,-14,625,625,50,14,0,625,14,0,927.508,11,302.50800000000004,25,25
428,1,25,21,26,22,-24,-20,625,525,46,24,4,441,20,-4,548.064,1,23.063999999999965,25,21
429,625,0,0,25,25,25,25,0,0,0,-25,0,0,-25,0,149.73733333333334,25,149.73733333333334,0,0
430,121,0,0,11,11,11,11,0,0,0,-11,0,0,-11,0,27.494666666666667,11,27.494666666666667,0,0
431,625,0,0,25,25,25,25,0,0,0,-25,0,0,-25,0,149.81466666666665,25,149.81466666666665,0,0
432,1,0,25,1,26,1,-24,0,0,25,-1,-25,625,24,25,12.583333333333334,1,12.583333333333334,0,25
433,4,0,50,2,27,2,-23,0,0,25,-2,-25,625,23,25,25.408,2,25.408,0,25
434,1,0,12,1,13,1,-11,0,0,12,-1,-12,144,11,12,5.824,1,5.824,0,12
435,49,0,133,7,26,7,-12,0,0,19,-7,-19,361,12,19,77.17533333333333,7,77.17533333333333,0,19
436,1,25,0,26,1,-24,1,625,0,25,24,25,0,-1,-25,12.75,1,12.75,25,0
437,625,625,0,50,25,0,25,625,0,25,0,25,0,-25,-25,462.8113333333333,25,462.8113333333333,25,0
438,625,0,0,25,25,25,25,0,0,0,-25,0,0,-25,0,150.21466666666666,25,150.21466666666666,0,0
439,121,0,275,11,36,11,-14,0,0,25,-11,-25,625,14,25,166.186,11,166.186,0,25
440,1,0,25,1,26,1,-24,0,0,25,-1,-25,625,24,25,12.666666666666666,1,12.666666666666666,0,25
441,4,0,50,2,27,2,-23,0,0,25,-2,-25,625,23,25,25.325333333333333,2,25.325333333333333,0,25
442,100,0,0,10,10,10,10,0,0,0,-10,0,0,-10,0,22.488,10,22.488,0,0
443,121,0,275,11,36,11,-14,0,0,25,-11,-25,625,14,25,166.44666666666666,11,166.44666666666666,0,25
444,1,0,12,1,13,1,-11,0,0,12,-1,-12,144,11,12,6.344,1,6.344,0,12
445,625,0,625,25,50,25,0,0,0,25,-25,-25,625,0,25,464.054,25,464.054,0,25
446,100,0,0,10,10,10,10,0,0,0,-10,0,0,-10,0,22.439333333333334,10,22.439333333333334,0,0
447,121,275,0,36,11,-14,11,625,0,25,14,25,0,-11,-25,165.14266666666666,11,165.14266666666666,25,0
448,1,25,0,26,1,-24,1,625,0,25,24,25,0,-1,-25,12.616666666666667,1,12.616666666666667,25,0
449,625,625,0,50,25,0,25,625,0,25,0,25,0,-25,-25,463.61533333333335,25,463.61533333333335,25,0
450,100,250,250,35,35,-15,-15,625,625,50,15,0,625,15,0,897.4133333333333,10,272.4133333333333,25,25
451,121,0,0,11,11,11,11,0,0,0,-11,0,0,-11,0,27.418666666666667,11,27.418666666666667,0,0
452,625,0,0,25,25,25,25,0,0,0,-25,0,0,-25,0,150.43333333333334,25,150.43333333333334,0,0
453,100,0,250,10,35,10,-15,0,0,25,-10,-25,625,15,25,146.99333333333334,10,146.99333333333334,0,25
454,625,0,0,25,25,25,25,0,0,0,-25,0,0,-25,0,149.804,25,149.804,0,0
455,169,0,0,13,13,13,13,0,0,0,-13,0,0,-13,0,39.08533333333333,13,39.08533333333333,0,0
456,1,25,0,26,1,-24,1,625,0,25,24,25,0,-1,-25,12.533333333333333,1,12.533333333333333,25,0
457,1,25,0,26,1,-24,1,625,0,25,24,25,0,-1,-25,12.783333333333333,1,12.783333333333333,25,0
458,1,0,0,1,1,1,1,0,0,0,-1,0,0,-1,0,0.0,1,0.0,0,0
459,1,0,0,1,1,1,1,0,0,0,-1,0,0,-1,0,0.0,1,0.0,0,0
460,169,0,0,13,13,13,13,0,0,0,-13,0,0,-13,0,38.81066666666667,13,38.81066666666667,0,0
461,100,250,250,35,35,-15,-15,625,625,50,15,0,625,15,0,897.37,10,272.37,25,25
462,100,0,0,10,10,10,10,0,0,0,-10,0,0,-10,0,22.295333333333332,10,22.295333333333332,0,0
463,121,275,275,36,36,-14,-14,625,625,50,14,0,625,14,0,927.508,11,302.50800000000004,25,25
464,1,25,21,26,22,-24,-20,625,525,46,24,4,441,20,-4,548.064,1,23.063999999999965,25,21
465,625,0,0,25,25,25,25,0,0,0,-25,0,0,-25,0,149.73733333333334,25,149.73733333333334,0,0
466,121,0,0,11,11,11,11,0,0,0,-11,0,0,-11,0,27.494666666666667,11,27.494666666666667,0,0
467,625,0,0,25,25,25,25,0,0,0,-25,0,0,-25,0,149.81466666666665,25,149.81466666666665,0,0
468,1,0,25,1,26,1,-24,0,0,25,-1,-25,625,24,25,12.583333333333334,1,12.583333333333334,0,25
469,4,0,50,2,27,2,-23,0,0,25,-2,-25,625,23,25,25.408,2,25.408,0,25
470,1,0,12,1,13,1,-11,0,0,12,-1,-12,144,11,12,5.824,1,5.824,0,12
471,49,0,133,7,26,7,-12,0,0,19,-7,-19,361,12,19,77.17533333333333,7,77.17533333333333,0,19
472,1,25,0,26,1,-24,1,625,0,25,24,25,0,-1,-25,12.75,1,12.75,25,0
473,625,625,0,50,25,0,25,625,0,25,0,25,0,-25,-25,462.8113333333333,25,462.8113333333333,25,0
474,625,0,0,25,25,25,25,0,0,0,-25,0,0,-25,0,150.21466666666666,25,150.21466666666666,0,0
475,121,0,275,11,36,11,-14,0,0,25,-11,-25,625,14,25,166.186,11,166.186,0,25
476,1,0,25,1,26,1,-24,0,0,25,-1,-25,625,24,25,12.666666666666666,1,12.666666666666666,0,25
477,4,0,50,2,27,2,-23,0,0,25,-2,-25,625,23,25,25.325333333333333,2,25.325333333333333,0,25
478,100,0,0,10,10,10,10,0,0,0,-10,0,0,-10,0,22.488,10,22.488,0,0
479,121,0,275,11,36,11,-14,0,0,25,-11,-25,625,14,25,166.44666666666666,11,166.44666666666666,0,25
480,1,0,12,1,13,1,-11,0,0,12,-1,-12,144,11,12,6.344,1,6.344,0,12
481,625,0,625,25,50,25,0,0,0,25,-25,-25,625,0,25,464.054,25,464.054,0,25
482,100,0,0,10,10,10,10,0,0,0,-10,0,0,-10,0,22.439333333333334,10,22.439333333333334,0,0
483,121,275,0,36,11,-14,11,625,0,25,14,25,0,-11,-25,165.14266666666666,11,165.14266666666666,25,0
484,1,25,0,26,1,-24,1,625,0,25,24,25,0,-1,-25,12.616666666666667,1,12.616666666666667,25,0
485,625,625,0,50,25,0,25,625,0,25,0,25,0,-25,-25,463.61533333333335,25,463.61533333333335,25,0
486,100,250,250,35,35,-15,-15,625,625,50,15,0,625,15,0,897.4133333333333,10,272.4133333333333,25,25
487,121,0,0,11,11,11,11,0,0,0,-11,0,0,-11,0,27.418666666666667,11,27.418666666666667,0,0
488,625,0,0,25,25,25,25,0,0,0,-25,0,0,-25,0,150.43333333333334,25,150.43333333333334,0,0
489,100,0,250,10,35,10,-15,0,0,25,-10,-25,625,15,25,146.99333333333334,10,146.99333333333334,0,25
490,625,0,0,25,25,25,25,0,0,0,-25,0,0,-25,0,149.804,25,149.804,0,0
491,169,0,0,13,13,13,13,0,0,0,-13,0,0,-13,0,39.08533333333333,13,39.08533333333333,0,0
492,1,25,0,26,1,-24,1,625,0,25,24,25,0,-1,-25,12.533333333333333,1,12.533333333333333,25,0
493,1,25,0,26,1,-24,1,625,0,25,24,25,0,-1,-25,12.783333333333333,1,12.783333333333333,25,0
494,1,0,0,1,1,1,1,0,0,0,-1,0,0,-1,0,0.0,1,0.0,0,0
495,1,0,0,1,1,1,1,0,0,0,-1,0,0,-1,0,0.0,1,0.0,0,0
496,169,0,0,13,13,13,13,0,0,0,-13,0,0,-13,0,38.81066666666667,13,38.81066666666667,0,0
497,100,250,250,35,35,-15,-15,625,625,50,15,0,625,15,0,897.37,10,272.37,25,25
498,100,0,0,10,10,10,10,0,0,0,-10,0,0,-10,0,22.295333333333332,10,22.295333333333332,0,0
499,121,275,275,36,36,-14,-14,625,625,50,14,0,625,14,0,927.508,11,302.50800000000004,25,25
500,1,25,21,26,22,-24,-20,625,525,46,24,4,441,20,-4,548.064,1,23.063999999999965,25,21
501,625,0,0,25,25,25,25,0,0,0,-25,0,0,-25,0,149.73733333333334,25,149.73733333333334,0,0
502,121,0,0,11,11,11,11,0,0,0,-11,0,0,-11,0,27.494666666666667,11,27.494666666666667,0,0
503,625,0,0,25,25,25,25,0,0,0,-25,0,0,-25,0,149.81466666666665,25,149.81466666666665,0,0
504,1,0,25,1,26,1,-24,0,0,25,-1,-25,625,24,25,12.583333333333334,1,12.583333333333334,0,25
505,4,0,50,2,27,2,-23,0,0,25,-2,-25,625,23,25,25.408,2,25.408,0,25
506,1,0,12,1,13,1,-11,0,0,12,-1,-12,144,11,12,5.824,1,5.824,0,12
507,49,0,133,7,26,7,-12,0,0,19,-7,-19,361,12,19,77.17533333333333,7,77.17533333333333,0,19
508,1,25,0,26,1,-24,1,625,0,25,24,25,0,-1,-25,12.75,1,12.75,25,0
509,625,625,0,50,25,0,25,625,0,25,0,25,0,-25,-25,462.8113333333333,25,462.8113333333333,25,0
510,625,0,0,25,25,25,25,0,0,0,-25,0,0,-25,0,150.21466666666666,25,150.21466666666666,0,0
511,121,0,275,11,36,11,-14,0,0,25,-11,-25,625,14,25,166.186,11,166.186,0,25
512,1,0,25,1,26,1,-24,0,0,25,-1,-25,625,24,25,12.666666666666666,1,12.666666666666666,0,25
513,4,0,50,2,27,2,-23,0,0,25,-2,-25,625,23,25,25.325333333333333,2,25.325333333333333,0,25
514,100,0,0,10,10,10,10,0,0,0,-10,0,0,-10,0,22.488,10,22.488,0,0
515,121,0,275,11,36,11,-14,0,0,25,-11,-25,625,14,25,166.44666666666666,11,166.44666666666666,0,25
516,1,0,12,1,13,1,-11,0,0,12,-1,-12,144,11,12,6.344,1,6.344,0,12
517,625,0,625,25,50,25,0,0,0,25,-25,-25,625,0,25,464.054,25,464.054,0,25
518,100,0,0,10,10,10,10,0,0,0,-10,0,0,-10,0,22.439333333333334,10,22.439333333333334,0,0
519,121,275,0,36,11,-14,11,625,0,25,14,25,0,-11,-25,165.14266666666666,11,165.14266666666666,25,0
520,1,25,0,26,1,-24,1,625,0,25,24,25,0,-1,-25,12.616666666666667,1,12.616666666666667,25,0
521,625,625,0,50,25,0,25,625,0,25,0,25,0,-25,-25,463.61533333333335,25,463.61533333333335,25,0
522,100,250,250,35,35,-15,-15,625,625,50,15,0,625,15,0,897.4133333333333,10,272.4133333333333,25,25
523,121,0,0,11,11,11,11,0,0,0,-11,0,0,-11,0,27.418666666666667,11,27.418666666666667,0,0
524,625,0,0,25,25,25,25,0,0,0,-25,0,0,-25,0,150.43333333333334,25,150.43333333333334,0,0
525,100,0,250,10,35,10,-15,0,0,25,-10,-25,625,15,25,146.99333333333334,10,146.99333333333334,0,25
526,625,0,0,25,25,25,25,0,0,0,-25,0,0,-25,0,149.804,25,149.804,0,0
527,169,0,0,13,13,13,13,0,0,0,-13,0,0,-13,0,39.08533333333333,13,39.08533333333333,0,0
528,1,25,0,26,1,-24,1,625,0,25,24,25,0,-1,-25,12.533333333333333,1,12.533333333333333,25,0
529,1,25,0,26,1,-24,1,625,0,25,24,25,0,-1,-25,12.783333333333333,1,12.783333333333333,25,0
530,1,0,0,1,1,1,1,0,0,0,-1,0,0,-1,0,0.0,1,0.0,0,0
531,1,0,0,1,1,1,1,0,0,0,-1,0,0,-1,0,0.0,1,0.0,0,0
532,169,0,0,13,13,13,13,0,0,0,-13,0,0,-13,0,38.81066666666667,13,38.81066666666667,0,0
533,100,250,250,35,35,-15,-15,625,625,50,15,0,625,15,0,897.37,10,272.37,25,25
534,100,0,0,10,10,10,10,0,0,0,-10,0,0,-10,0,22.295333333333332,10,22.295333333333332,0,0
535,121,275,275,36,36,-14,-14,625,625,50,14,0,625,14,0,927.508,11,302.50800000000004,25,25
536,1,25,21,26,22,-24,-20,625,525,46,24,4,441,20,-4,548.064,1,23.063999999999965,25,21
537,625,0,0,25,25,25,25,0,0,0,-25,0,0,-25,0,149.73733333333334,25,149.73733333333334,0,0
538,121,0,0,11,11,11,11,0,0,0,-11,0,0,-11,0,27.494666666666667,11,27.494666666666667,0,0
539,625,0,0,25,25,25,25,0,0,0,-25,0,0,-25,0,149.81466666666665,25,149.81466666666665,0,0
540,1,0,25,1,26,1,-24,0,0,25,-1,-25,625,24,25,12.583333333333334,1,12.583333333333334,0,25
541,4,0,50,2,27,2,-23,0,0,25,-2,-25,625,23,25,25.408,2,25.408,0,25
542,1,0,12,1,13,1,-11,0,0,12,-1,-12,144,11,12,5.824,1,5.824,0,12
543,49,0,133,7,26,7,-12,0,0,19,-7,-19,361,12,19,77.17533333333333,7,77.17533333333333,0,19
544,1,25,0,26,1,-24,1,625,0,25,24,25,0,-1,-25,12.75,1,12.75,25,0
545,625,625,0,50,25,0,25,625,0,25,0,25,0,-25,-25,462.8113333333333,25,462.8113333333333,25,0
546,625,0,0,25,25,25,25,0,0,0,-25,0,0,-25,0,150.21466666666666,25,150.21466666666666,0,0
547,121,0,275,11,36,11,-14,0,0,25,-11,-25,625,14,25,166.186,11,166.186,0,25
548,1,0,25,1,26,1,-24,0,0,25,-1,-25,625,24,25,12.666666666666666,1,12.666666666666666,0,25
549,4,0,50,2,27,2,-23,0,0,25,-2,-25,625,23,25,25.325333333333333,2,25.325333333333333,0,25
550,100,0,0,10,10,10,10,0,0,0,-10,0,0,-10,0,22.488,10,22.488,0,0
551,121,0,275,11,36,11,-14,0,0,25,-11,-25,625,14,25,166.44666666666666,11,166.44666666666666,0,25
552,1,0,12,1,13,1,-11,0,0,12,-1,-12,144,11,12,6.344,1,6.344,0,12
553,625,0,625,25,50,25,0,0,0,25,-25,-25,625,0,25,464.054,25,464.054,0,25
554,100,0,0,10,10,10,10,0,0,0,-10,0,0,-10,0,22.439333333333334,10,22.439333333333334,0,0
555,121,275,0,36,11,-14,11,625,0,25,14,25,0,-11,-25,165.14266666666666,11,165.14266666666666,25,0
556,1,25,0,26,1,-24,1,625,0,25,24,25,0,-1,-25,12.616666666666667,1,12.616666666666667,25,0
557,625,625,0,50,25,0,25,625,0,25,0,25,0,-25,-25,463.61533333333335,25,463.61533333333335,25,0
558,100,250,250,35,35,-15,-15,625,625,50,15,0,625,15,0,897.4133333333333,10,272.4133333333333,25,25
559,121,0,0,11,11,11,11,0,0,0,-11,0,0,-11,0,27.418666666666667,11,27.418666666666667,0,0
560,625,0,0,25,25,25,25,0,0,0,-25,0,0,-25,0,150.43333333333334,25,150.43333333333334,0,0
561,100,0,250,10,35,10,-15,0,0,25,-10,-25,625,15,25,146.99333333333334,10,146.99333333333334,0,25
562,625,0,0,25,25,25,25,0,0,0,-25,0,0,-25,0,149.804,25,149.804,0,0
563,169,0,0,13,13,13,13,0,0,0,-13,0,0,-13,0,39.08533333333333,13,39.08533333333333,0,0
564,1,25,0,26,1,-24,1,625,0,25,24,25,0,-1,-25,12.533333333333333,1,12.533333333333333,25,0
565,1,25,0,26,1,-24,1,625,0,25,24,25,0,-1,-25,12.783333333333333,1,12.783333333333333,25,0
566,1,0,0,1,1,1,1,0,0,0,-1,0,0,-1,0,0.0,1,0.0,0,0
567,1,0,0,1,1,1,1,0,0,0,-1,0,0,-1,0,0.0,1,0.0,0,0
568,169,0,0,13,13,13,13,0,0,0,-13,0,0,-13,0,38.81066666666667,13,38.81066666666667,0,0
569,100,250,250,35,35,-15,-15,625,625,50,15,0,625,15,0,897.37,10,272.37,25,25
570,100,0,0,10,10,10,10,0,0,0,-10,0,0,-10,0,22.295333333333332,10,22.295333333333332,0,0
571,121,275,275,36,36,-14,-14,625,625,50,14,0,625,14,0,927.508,11,302.50800000000004,25,25
572,1,25,21,26,22,-24,-20,625,525,46,24,4,441,20,-4,548.064,1,23.063999999999965,25,21
573,625,0,0,25,25,25,25,0,0,0,-25,0,0,-25,0,149.73733333333334,25,149.73733333333334,0,0
574,121,0,0,11,11,11,11,0,0,0,-11,0,0,-11,0,27.494666666666667,11,27.494666666666667,0,0
575,625,0,0,25,25,25,25,0,0,0,-25,0,0,-25,0,149.81466666666665,25,149.81466666666665,0,0
576,1,0,25,1,26,1,-24,0,0,25,-1,-25,625,24,25,12.583333333333334,1,12.583333333333334,0,25
577,4,0,50,2,27,2,-23,0,0,25,-2,-25,625,23,25,25.408,2,25.408,0,25
578,1,0,12,1,13,1,-11,0,0,12,-1,-12,144,11,12,5.824,1,5.824,0,12
579,49,0,133,7,26,7,-12,0,0,19,-7,-19,361,12,19,77.17533333333333,7,77.17533333333333,0,19
580,1,25,0,26,1,-24,1,625,0,25,24,25,0,-1,-25,12.75,1,12.75,25,0
581,625,625,0,50,25,0,25,625,0,25,0,25,0,-25,-25,462.8113333333333,25,462.8113333333333,25,0
582,625,0,0,25,25,25,25,0,0,0,-25,0,0,-25,0,150.21466666666666,25,150.21466666666666,0,0
583,121,0,275,11,36,11,-14,0,0,25,-11,-25,625,14,25,166.186,11,166.186,0,25
584,1,0,25,1,26,1,-24,0,0,25,-1,-25,625,24,25,12.666666666666666,1,12.666666666666666,0,25
585,4,0,50,2,27,2,-23,0,0,25,-2,-25,625,23,25,25.325333333333333,2,25.325333333333333,0,25
586,100,0,0,10,10,10,10,0,0,0,-10,0,0,-10,0,22.488,10,22.488,0,0
587,121,0,275,11,36,11,-14,0,0,25,-11,-25,625,14,25,166.44666666666666,11,166.44666666666666,0,25
588,1,0,12,1,13,1,-11,0,0,12,-1,-12,144,11,12,6.344,1,6.344,0,12
589,625,0,625,25,50,25,0,0,0,25,-25,-25,625,0,25,464.054,25,464.054,0,25
590,100,0,0,10,10,10,10,0,0,0,-10,0,0,-10,0,22.439333333333334,10,22.439333333333334,0,0
591,121,275,0,36,11,-14,11,625,0,25,14,25,0,-11,-25,165.14266666666666,11,165.14266666666666,25,0
592,1,25,0,26,1,-24,1,625,0,25,24,25,0,-1,-25,12.616666666666667,1,12.616666666666667,25,0
593,625,625,0,50,25,0,25,625,0,25,0,25,0,-25,-25,463.61533333333335,25,463.61533333333335,25,0
594,100,250,250,35,35,-15,-15,625,625,50,15,0,625,15,0,897.4133333333333,10,272.4133333333333,25,25
595,121,0,0,11,11,11,11,0,0,0,-11,0,0,-11,0,27.418666666666667,11,27.418666666666667,0,0
596,625,0,0,25,25,25,25,0,0,0,-25,0,0,-25,0,150.43333333333334,25,150.43333333333334,0,0
597,100,0,250,10,35,10,-15,0,0,25,-10,-25,625,15,25,146.99333333333334,10,146.99333333333334,0,25
598,625,0,0,25,25,25,25,0,0,0,-25,0,0,-25,0,149.804,25,149.804,0,0
599,169,0,0,13,13,13,13,0,0,0,-13,0,0,-13,0,39.08533333333333,13,39.08533333333333,0,0
600,1,25,0,26,1,-24,1,625,0,25,24,25,0,-1,-25,12.533333333333333,1,12.533333333333333,25,0
601,1,25,0,26,1,-24,1,625,0,25,24,25,0,-1,-25,12.783333333333333,1,12.783333333333333,25,0
602,1,0,0,1,1,1,1,0,0,0,-1,0,0,-1,0,0.0,1,0.0,0,0
603,1,0,0,1,1,1,1,0,0,0,-1,0,0,-1,0,0.0,1,0.0,0,0
604,169,0,0,13,13,13,13,0,0,0,-13,0,0,-13,0,38.81066666666667,13,38.81066666666667,0,0
605,100,250,250,35,35,-15,-15,625,625,50,15,0,625,15,0,897.37,10,272.37,25,25
606,100,0,0,10,10,10,10,0,0,0,-10,0,0,-10,0,22.295333333333332,10,22.295333333333332,0,0
607,121,275,275,36,36,-14,-14,625,625,50,14,0,625,14,0,927.508,11,302.50800000000004,25,25
608,1,25,21,26,22,-24,-20,625,525,46,24,4,441,20,-4,548.064,1,23.063999999999965,25,21
609,625,0,0,25,25,25,25,0,0,0,-25,0,0,-25,0,149.73733333333334,25,149.73733333333334,0,0
610,121,0,0,11,11,11,11,0,0,0,-11,0,0,-11,0,27.494666666666667,11,27.494666666666667,0,0
611,625,0,0,25,25,25,25,0,0,0,-25,0,0,-25,0,149.81466666666665,25,149.81466666666665,0,0
612,1,0,25,1,26,1,-24,0,0,25,-1,-25,625,24,25,12.583333333333334,1,12.583333333333334,0,25
613,4,0,50,2,27,2,-23,0,0,25,-2,-25,625,23,25,25.408,2,25.408,0,25
614,1,0,12,1,13,1,-11,0,0,12,-1,-12,144,11,12,5.824,1,5.824,0,12
615,49,0,133,7,26,7,-12,0,0,19,-7,-19,361,12,19,77.17533333333333,7,77.17533333333333,0,19
616,1,25,0,26,1,-24,1,625,0,25,24,25,0,-1,-25,12.75,1,12.75,25,0
617,625,625,0,50,25,0,25,625,0,25,0,25,0,-25,-25,462.8113333333333,25,462.8113333333333,25,0
618,625,0,0,25,25,25,25,0,0,0,-25,0,0,-25,0,150.21466666666666,25,150.21466666666666,0,0
619,121,0,275,11,36,11,-14,0,0,25,-11,-25,625,14,25,166.186,11,166.186,0,25
620,1,0,25,1,26,1,-24,0,0,25,-1,-25,625,24,25,12.666666666666666,1,12.666666666666666,0,25
621,4,0,50,2,27,2,-23,0,0,25,-2,-25,625,23,25,25.325333333333333,2,25.325333333333333,0,25
622,100,0,0,10,10,10,10,0,0,0,-10,0,0,-10,0,22.488,10,22.488,0,0
623,121,0,275,11,36,11,-14,0,0,25,-11,-25,625,14,25,166.44666666666666,11,166.44666666666666,0,25
624,1,0,12,1,13,1,-11,0,0,12,-1,-12,144,11,12,6.344,1,6.344,0,12
625,625,0,625,25,50,25,0,0,0,25,-25,-25,625,0,25,464.054,25,464.054,0,25
626,100,0,0,10,10,10,10,0,0,0,-10,0,0,-10,0,22.439333333333334,10,22.439333333333334,0,0
627,121,275,0,36,11,-14,11,625,0,25,14,25,0,-11,-25,165.14266666666666,11,165.14266666666666,25,0
628,1,25,0,26,1,-24,1,625,0,25,24,25,0,-1,-25,12.616666666666667,1,12.616666666666667,25,0
629,625,625,0,50,25,0,25,625,0,25,0,25,0,-25,-25,463.61533333333335,25,463.61533333333335,25,0
630,100,250,250,35,35,-15,-15,625,625,50,15,0,625,15,0,897.4133333333333,10,272.4133333333333,25,25
631,121,0,0,11,11,11,11,0,0,0,-11,0,0,-11,0,27.418666666666667,11,27.418666666666667,0,0
632,625,0,0,25,25,25,25,0,0,0,-25,0,0,-25,0,150.43333333333334,25,150.43333333333334,0,0
633,100,0,250,10,35,10,-15,0,0,25,-10,-25,625,15,25,146.99333333333334,10,146.99333333333334,0,25
634,625,0,0,25,25,25,25,0,0,0,-25,0,0,-25,0,149.804,25,149.804,0,0
635,169,0,0,13,13,13,13,0,0,0,-13,0,0,-13,0,39.08533333333333,13,39.08533333333333,0,0
636,1,25,0,26,1,-24,1,625,0,25,24,25,0,-1,-25,12.533333333333333,1,12.533333333333333,25,0
637,1,25,0,26,1,-24,1,625,0,25,24,25,0,-1,-25,12.783333333333333,1,12.783333333333333,25,0
638,1,0,0,1,1,1,1,0,0,0,-1,0,0,-1,0,0.0,1,0.0,0,0
639,1,0,0,1,1,1,1,0,0,0,-1,0,0,-1,0,0.0,1,0.0,0,0
640,169,0,0,13,13,13,13,0,0,0,-13,0,0,-13,0,38.81066666666667,13,38.81066666666667,0,0
641,100,250,250,35,35,-15,-15,625,625,50,15,0,625,15,0,897.37,10,272.37,25,25
642,100,0,0,10,10,10,10,0,0,0,-10,0,0,-10,0,22.295333333333332,10,22.295333333333332,0,0
643,121,275,275,36,36,-14,-14,625,625,50,14,0,625,14,0,927.508,11,302.50800000000004,25,25
644,1,25,21,26,22,-24,-20,625,525,46,24,4,441,20,-4,548.064,1,23.063999999999965,25,21
645,625,0,0,25,25,25,25,0,0,0,-25,0,0,-25,0,149.73733333333334,25,149.73733333333334,0,0
646,121,0,0,11,11,11,11,0,0,0,-11,0,0,-11,0,27.494666666666667,11,27.494666666666667,0,0
647,625,0,0,25,25,25,25,0,0,0,-25,0,0,-25,0,149.81466666666665,25,149.81466666666665,0,0
648,1,0,25,1,26,1,-24,0,0,25,-1,-25,625,24,25,12.583333333333334,1,12.583333333333334,0,25
649,4,0,50,2,27,2,-23,0,0,25,-2,-25,625,23,25,25.408,2,25.408,0,25
650,1,0,12,1,13,1,-11,0,0,12,-1,-12,144,11,12,5.824,1,5.824,0,12
651,49,0,133,7,26,7,-12,0,0,19,-7,-19,361,12,19,77.17533333333333,7,77.17533333333333,0,19
652,1,25,0,26,1,-24,1,625,0,25,24,25,0,-1,-25,12.75,1,12.75,25,0
653,625,625,0,50,25,0,25,625,0,25,0,25,0,-25,-25,462.8113333333333,25,462.8113333333333,25,0
654,625,0,0,25,25,25,25,0,0,0,-25,0,0,-25,0,150.21466666666666,25,150.21466666666666,0,0
655,121,0,275,11,36,11,-14,0,0,25,-11,-25,625,14,25,166.186,11,166.186,0,25
656,1,0,25,1,26,1,-24,0,0,25,-1,-25,625,24,25,12.666666666666666,1,12.666666666666666,0,25
657,4,0,50,2,27,2,-23,0,0,25,-2,-25,625,23,25,25.325333333333333,2,25.325333333333333,0,25
658,100,0,0,10,10,10,10,0,0,0,-10,0,0,-10,0,22.488,10,22.488,0,0
659,121,0,275,11,36,11,-14,0,0,25,-11,-25,625,14,25,166.44666666666666,11,166.44666666666666,0,25
660,1,0,12,1,13,1,-11,0,0,12,-1,-12,144,11,12,6.344,1,6.344,0,12
661,625,0,625,25,50,25,0,0,0,25,-25,-25,625,0,25,464.054,25,464.054,0,25
662,100,0,0,10,10,10,10,0,0,0,-10,0,0,-10,0,22.439333333333334,10,22.439333333333334,0,0
663,121,275,0,36,11,-14,11,625,0,25,14,25,0,-11,-25,165.14266666666666,11,165.14266666666666,25,0
664,1,25,0,26,1,-24,1,625,0,25,24,25,0,-1,-25,12.616666666666667,1,12.616666666666667,25,0
665,625,625,0,50,25,0,25,625,0,25,0,25,0,-25,-25,463.61533333333335,25,463.61533333333335,25,0
666,100,250,250,35,35,-15,-15,625,625,50,15,0,625,15,0,897.4133333333333,10,272.4133333333333,25,25
667,121,0,0,11,11,11,11,0,0,0,-11,0,0,-11,0,27.418666666666667,11,27.418666666666667,0,0
668,625,0,0,25,25,25,25,0,0,0,-25,0,0,-25,0,150.43333333333334,25,150.43333333333334,0,0
669,100,0,250,10,35,10,-15,0,0,25,-10,-25,625,15,25,146.99333333333334,10,146.99333333333334,0,25
670,625,0,0,25,25,25,25,0,0,0,-25,0,0,-25,0,149.804,25,149.804,0,0
671,169,0,0,13,13,13,13,0,0,0,-13,0,0,-13,0,39.08533333333333,13,39.08533333333333,0,0
672,1,25,0,26,1,-24,1,625,0,25,24,25,0,-1,-25,12.533333333333333,1,12.533333333333333,25,0
673,1,25,0,26,1,-24,1,625,0,25,24,25,0,-1,-25,12.783333333333333,1,12.783333333333333,25,0
674,1,0,0,1,1,1,1,0,0,0,-1,0,0,-1,0,0.0,1,0.0,0,0
675,1,0,0,1,1,1,1,0,0,0,-1,0,0,-1,0,0.0,1,0.0,0,0
676,169,0,0,13,13,13,13,0,0,0,-13,0,0,-13,0,38.81066666666667,13,38.81066666666667,0,0
677,100,250,250,35,35,-15,-15,625,625,50,15,0,625,15,0,897.37,10,272.37,25,25
678,100,0,0,10,10,10,10,0,0,0,-10,0,0,-10,0,22.295333333333332,10,22.295333333333332,0,0
679,121,275,275,36,36,-14,-14,625,625,50,14,0,625,14,0,927.508,11,302.50800000000004,25,25
680,1,25,21,26,22,-24,-20,625,525,46,24,4,441,20,-4,548.064,1,23.063999999999965,25,21
681,625,0,0,25,25,25,25,0,0,0,-25,0,0,-25,0,149.73733333333334,25,149.73733333333334,0,0
682,121,0,0,11,11,11,11,0,0,0,-11,0,0,-11,0,27.494666666666667,11,27.494666666666667,0,0
683,625,0,0,25,25,25,25,0,0,0,-25,0,0,-25,0,149.81466666666665,25,149.81466666666665,0,0
684,1,0,25,1,26,1,-24,0,0,25,-1,-25,625,24,25,12.583333333333334,1,12.583333333333334,0,25
685,4,0,50,2,27,2,-23,0,0,25,-2,-25,625,23,25,25.408,2,25.408,0,25
686,1,0,12,1,13,1,-11,0,0,12,-1,-12,144,11,12,5.824,1,5.824,0,12
687,49,0,133,7,26,7,-12,0,0,19,-7,-19,361,12,19,77.17533333333333,7,77.17533333333333,0,19
688,1,25,0,26,1,-24,1,625,0,25,24,25,0,-1,-25,12.75,1,12.75,25,0
689,625,625,0,50,25,0,25,625,0,25,0,25,0,-25,-25,462.8113333333333,25,462.8113333333333,25,0
690,625,0,0,25,25,25,25,0,0,0,-25,0,0,-25,0,150.21466666666666,25,150.21466666666666,0,0
691,121,0,275,11,36,11,-14,0,0,25,-11,-25,625,14,25,166.186,11,166.186,0,25
692,1,0,25,1,26,1,-24,0,0,25,-1,-25,625,24,25,12.666666666666666,1,12.666666666666666,0,25
693,4,0,50,2,27,2,-23,0,0,25,-2,-25,625,23,25,25.325333333333333,2,25.325333333333333,0,25
694,100,0,0,10,10,10,10,0,0,0,-10,0,0,-10,0,22.488,10,22.488,0,0
695,121,0,275,11,36,11,-14,0,0,25,-11,-25,625,14,25,166.44666666666666,11,166.44666666666666,0,25
696,1,0,12,1,13,1,-11,0,0,12,-1,-12,144,11,12,6.344,1,6.344,0,12
697,625,0,625,25,50,25,0,0,0,25,-25,-25,625,0,25,464.054,25,464.054,0,25
698,100,0,0,10,10,10,10,0,0,0,-10,0,0,-10,0,22.439333333333334,10,22.439333333333334,0,0
699,121,275,0,36,11,-14,11,625,0,25,14,25,0,-11,-25,165.14266666666666,11,165.14266666666666,25,0
700,1,25,0,26,1,-24,1,625,0,25,24,25,0,-1,-25,12.616666666666667,1,12.616666666666667,25,0
701,625,625,0,50,25,0,25,625,0,25,0,25,0,-25,-25,463.61533333333335,25,463.61533333333335,25,0
702,100,250,250,35,35,-15,-15,625,625,50,15,0,625,15,0,897.4133333333333,10,272.4133333333333,25,25
703,121,0,0,11,11,11,11,0,0,0,-11,0,0,-11,0,27.418666666666667,11,27.418666666666667,0,0
704,625,0,0,25,25,25,25,0,0,0,-25,0,0,-25,0,150.43333333333334,25,150.43333333333334,0,0
705,100,0,250,10,35,10,-15,0,0,25,-10,-25,625,15,25,146.99333333333334,10,146.99333333333334,0,25
706,625,0,0,25,25,25,25,0,0,0,-25,0,0,-25,0,149.804,25,149.804,0,0
707,169,0,0,13,13,13,13,0,0,0,-13,0,0,-13,0,39.08533333333333,13,39.08533333333333,0,0
708,1,25,0,26,1,-24,1,625,0,25,24,25,0,-1,-25,12.533333333333333,1,12.533333333333333,25,0
709,1,25,0,26,1,-24,1,625,0,25,24,25,0,-1,-25,12.783333333333333,1,12.783333333333333,25,0
710,1,0,0,1,1,1,1,0,0,0,-1,0,0,-1,0,0.0,1,0.0,0,0
711,1,0,0,1,1,1,1,0,0,0,-1,0,0,-1,0,0.0,1,0.0,0,0
712,169,0,0,13,13,13,13,0,0,0,-13,0,0,-13,0,38.81066666666667,13,38.81066666666667,0,0
713,100,250,250,35,35,-15,-15,625,625,50,15,0,625,15,0,897.37,10,272.37,25,25
714,100,0,0,10,10,10,10,0,0,0,-10,0,0,-10,0,22.295333333333332,10,22.295333333333332,0,0
715,121,275,275,36,36,-14,-14,625,625,50,14,0,625,14,0,927.508,11,302.50800000000004,25,25
716,1,25,21,26,22,-24,-20,625,525,46,24,4,441,20,-4,548.064,1,23.063999999999965,25,21
717,625,0,0,25,25,25,25,0,0,0,-25,0,0,-25,0,149.73733333333334,25,149.73733333333334,0,0
718,121,0,0,11,11,11,11,0,0,0,-11,0,0,-11,0,27.494666666666667,11,27.494666666666667,0,0
719,625,0,0,25,25,25,25,0,0,0,-25,0,0,-25,0,149.81466666666665,25,149.81466666666665,0,0
720,1,0,25,1,26,1,-24,0,0,25,-1,-25,625,24,25,12.583333333333334,1,12.583333333333334,0,25
721,4,0,50,2,27,2,-23,0,0,25,-2,-25,625,23,25,25.408,2,25.408,0,25
722,1,0,12,1,13,1,-11,0,0,12,-1,-12,144,11,12,5.824,1,5.824,0,12
723,49,0,133,7,26,7,-12,0,0,19,-7,-19,361,12,19,77.17533333333333,7,77.17533333333333,0,19
724,1,25,0,26,1,-24,1,625,0,25,24,25,0,-1,-25,12.75,1,12.75,25,0
725,625,625,0,50,25,0,25,625,0,25,0,25,0,-25,-25,462.8113333333333,25,462.8113333333333,25,0
726,625,0,0,25,25,25,25,0,0,0,-25,0,0,-25,0,150.21466666666666,25,150.21466666666666,0,0
727,121,0,275,11,36,11,-14,0,0,25,-11,-25,625,14,25,166.186,11,166.186,0,25
728,1,0,25,1,26,1,-24,0,0,25,-1,-25,625,24,25,12.666666666666666,1,12.666666666666666,0,25
729,4,0,50,2,27,2,-23,0,0,25,-2,-25,625,23,25,25.325333333333333,2,25.325333333333333,0,25
730,100,0,0,10,10,10,10,0,0,0,-10,0,0,-10,0,22.488,10,22.488,0,0
731,121,0,275,11,36,11,-14,0,0,25,-11,-25,625,14,25,166.44666666666666,11,166.44666666666666,0,25
732,1,0,12,1,13,1,-11,0,0,12,-1,-12,144,11,12,6.344,1,6.344,0,12
733,625,0,625,25,50,25,0,0,0,25,-25,-25,625,0,25,464.054,25,464.054,0,25
734,100,0,0,10,10,10,10,0,0,0,-10,0,0,-10,0,22.439333333333334,10,22.439333333333334,0,0
735,121,275,0,36,11,-14,11,625,0,25,14,25,0,-11,-25,165.14266666666666,11,165.14266666666666,25,0
736,1,25,0,26,1,-24,1,625,0,25,24,25,0,-1,-25,12.616666666666667,1,12.616666666666667,25,0
737,625,625,0,50,25,0,25,625,0,25,0,25,0,-25,-25,463.61533333333335,25,463.61533333333335,25,0
738,100,250,250,35,35,-15,-15,625,625,50,15,0,625,15,0,897.4133333333333,10,272.4133333333333,25,25
739,121,0,0,11,11,11,11,0,0,0,-11,0,0,-11,0,27.418666666666667,11,27.418666666666667,0,0
740,625,0,0,25,25,25,25,0,0,0,-25,0,0,-25,0,150.43333333333334,25,150.43333333333334,0,0
741,100,0,250,10,35,10,-15,0,0,25,-10,-25,625,15,25,146.99333333333334,10,146.99333333333334,0,25
742,625,0,0,25,25,25,25,0,0,0,-25,0,0,-25,0,149.804,25,149.804,0,0
743,169,0,0,13,13,13,13,0,0,0,-13,0,0,-13,0,39.08533333333333,13,39.08533333333333,0,0
744,1,25,0,26,1,-24,1,625,0,25,24,25,0,-1,-25,12.533333333333333,1,12.533333333333333,25,0
745,1,25,0,26,1,-24,1,625,0,25,24,25,0,-1,-25,12.783333333333333,1,12.783333333333333,25,0
746,1,0,0,1,1,1,1,0,0,0,-1,0,0,-1,0,0.0,1,0.0,0,0
747,1,0,0,1,1,1,1,0,0,0,-1,0,0,-1,0,0.0,1,0.0,0,0
748,169,0,0,13,13,13,13,0,0,0,-13,0,0,-13,0,38.81066666666667,13,38.81066666666667,0,0
749,100,250,250,35,35,-15,-15,625,625,50,15,0,625,15,0,897.37,10,272.37,25,25
750,100,0,0,10,10,10,10,0,0,0,-10,0,0,-10,0,22.295333333333332,10,22.295333333333332,0,0
751,121,275,275,36,36,-14,-14,625,625,50,14,0,625,14,0,927.508,11,302.50800000000004,25,25
752,1,25,21,26,22,-24,-20,625,525,46,24,4,441,20,-4,548.064,1,23.063999999999965,25,21
753,625,0,0,25,25,25,25,0,0,0,-25,0,0,-25,0,149.73733333333334,25,149.73733333333334,0,0
754,121,0,0,11,11,11,11,0,0,0,-11,0,0,-11,0,27.494666666666667,11,27.494666666666667,0,0
755,625,0,0,25,25,25,25,0,0,0,-25,0,0,-25,0,149.81466666666665,25,149.81466666666665,0,0
756,1,0,25,1,26,1,-24,0,0,25,-1,-25,625,24,25,12.583333333333334,1,12.583333333333334,0,25
757,4,0,50,2,27,2,-23,0,0,25,-2,-25,625,23,25,25.408,2,25.408,0,25
758,1,0,12,1,13,1,-11,0,0,12,-1,-12,144,11,12,5.824,1,5.824,0,12
759,49,0,133,7,26,7,-12,0,0,19,-7,-19,361,12,19,77.17533333333333,7,77.17533333333333,0,19
760,1,25,0,26,1,-24,1,625,0,25,24,25,0,-1,-25,12.75,1,12.75,25,0
761,625,625,0,50,25,0,25,625,0,25,0,25,0,-25,-25,462.8113333333333,25,462.8113333333333,25,0
762,625,0,0,25,25,25,25,0,0,0,-25,0,0,-25,0,150.21466666666666,25,150.21466666666666,0,0
763,121,0,275,11,36,11,-14,0,0,25,-11,-25,625,14,25,166.186,11,166.186,0,25
764,1,0,25,1,26,1,-24,0,0,25,-1,-25,625,24,25,12.666666666666666,1,12.666666666666666,0,25
765,4,0,50,2,27,2,-23,0,0,25,-2,-25,625,23,25,25.325333333333333,2,25.325333333333333,0,25
766,100,0,0,10,10,10,10,0,0,0,-10,0,0,-10,0,22.488,10,22.488,0,0
767,121,0,275,11,36,11,-14,0,0,25,-11,-25,625,14,25,166.44666666666666,11,166.44666666666666,0,25
768,1,0,12,1,13,1,-11,0,0,12,-1,-12,144,11,12,6.344,1,6.344,0,12
769,625,0,625,25,50,25,0,0,0,25,-25,-25,625,0,25,464.054,25,464.054,0,25
770,100,0,0,10,10,10,10,0,0,0,-10,0,0,-10,0,22.439333333333334,10,22.439333333333334,0,0
771,121,275,0,36,11,-14,11,625,0,25,14,25,0,-11,-25,165.14266666666666,11,165.14266666666666,25,0
772,1,25,0,26,1,-24,1,625,0,25,24,25,0,-1,-25,12.616666666666667,1,12.616666666666667,25,0
773,625,625,0,50,25,0,25,625,0,25,0,25,0,-25,-25,463.61533333333335,25,463.61533333333335,25,0
774,100,250,250,35,35,-15,-15,625,625,50,15,0,625,15,0,897.4133333333333,10,272.4133333333333,25,25
775,121,0,0,11,11,11,11,0,0,0,-11,0,0,-11,0,27.418666666666667,11,27.418666666666667,0,0
776,625,0,0,25,25,25,25,0,0,0,-25,0,0,-25,0,150.43333333333334,25,150.43333333333334,0,0
777,100,0,250,10,35,10,-15,0,0,25,-10,-25,625,15,25,146.99333333333334,10,146.99333333333334,0,25
778,625,0,0,25,25,25,25,0,0,0,-25,0,0,-25,0,149.804,25,149.804,0,0
779,169,0,0,13,13,13,13,0,0,0,-13,0,0,-13,0,39.08533333333333,13,39.08533333333333,0,0
780,1,25,0,26,1,-24,1,625,0,25,24,25,0,-1,-25,12.533333333333333,1,12.533333333333333,25,0
781,1,25,0,26,1,-24,1,625,0,25,24,25,0,-1,-25,12.783333333333333,1,12.783333333333333,25,0
782,1,0,0,1,1,1,1,0,0,0,-1,0,0,-1,0,0.0,1,0.0,0,0
783,1,0,0,1,1,1,1,0,0,0,-1,0,0,-1,0,0.0,1,0.0,0,0
784,169,0,0,13,13,13,13,0,0,0,-13,0,0,-13,0,38.81066666666667,13,38.81066666666667,0,0
785,100,250,250,35,35,-15,-15,625,625,50,15,0,625,15,0,897.37,10,272.37,25,25
786,100,0,0,10,10,10,10,0,0,0,-10,0,0,-10,0,22.295333333333332,10,22.295333333333332,0,0
787,121,275,275,36,36,-14,-14,625,625,50,14,0,625,14,0,927.508,11,302.50800000000004,25,25
788,1,25,21,26,22,-24,-20,625,525,46,24,4,441,20,-4,548.064,1,23.063999999999965,25,21
789,625,0,0,25,25,25,25,0,0,0,-25,0,0,-25,0,149.73733333333334,25,149.73733333333334,0,0
790,121,0,0,11,11,11,11,0,0,0,-11,0,0,-11,0,27.494666666666667,11,27.494666666666667,0,0
791,625,0,0,25,25,25,25,0,0,0,-25,0,0,-25,0,149.81466666666665,25,149.81466666666665,0,0
792,1,0,25,1,26,1,-24,0,0,25,-1,-25,625,24,25,12.583333333333334,1,12.583333333333334,0,25
793,4,0,50,2,27,2,-23,0,0,25,-2,-25,625,23,25,25.408,2,25.408,0,25
794,1,0,12,1,13,1,-11,0,0,12,-1,-12,144,11,12,5.824,1,5.824,0,12
795,49,0,133,7,26,7,-12,0,0,19,-7,-19,361,12,19,77.17533333333333,7,77.17533333333333,0,19
796,1,25,0,26,1,-24,1,625,0,25,24,25,0,-1,-25,12.75,1,12.75,25,0
797,625,625,0,50,25,0,25,625,0,25,0,25,0,-25,-25,462.8113333333333,25,462.8113333333333,25,0
798,625,0,0,25,25,25,25,0,0,0,-25,0,0,-25,0,150.21466666666666,25,150.21466666666666,0,0
799,121,0,275,11,36,11,-14,0,0,25,-11,-25,625,14,25,166.186,11,166.186,0,25
800,1,0,25,1,26,1,-24,0,0,25,-1,-25,625,24,25,12.666666666666666,1,12.666666666666666,0,25
801,4,0,50,2,27,2,-23,0,0,25,-2,-25,625,23,25,25.325333333333333,2,25.325333333333333,0,25
802,100,0,0,10,10,10,10,0,0,0,-10,0,0,-10,0,22.488,10,22.488,0,0
803,121,0,275,11,36,11,-14,0,0,25,-11,-25,625,14,25,166.44666666666666,11,166.44666666666666,0,25
804,1,0,12,1,13,1,-11,0,0,12,-1,-12,144,11,12,6.344,1,6.344,0,12
805,625,0,625,25,50,25,0,0,0,25,-25,-25,625,0,25,464.054,25,464.054,0,25
806,100,0,0,10,10,10,10,0,0,0,-10,0,0,-10,0,22.439333333333334,10,22.439333333333334,0,0
807,121,275,0,36,11,-14,11,625,0,25,14,25,0,-11,-25,165.14266666666666,11,165.14266666666666,25,0
808,1,25,0,26,1,-24,1,625,0,25,24,25,0,-1,-25,12.616666666666667,1,12.616666666666667,25,0
809,625,625,0,50,25,0,25,625,0,25,0,25,0,-25,-25,463.61533333333335,25,463.61533333333335,25,0
810,100,250,250,35,35,-15,-15,625,625,50,15,0,625,15,0,897.4133333333333,10,272.4133333333333,25,25
811,121,0,0,11,11,11,11,0,0,0,-11,0,0,-11,0,27.418666666666667,11,27.418666666666667,0,0
812,625,0,0,25,25,25,25,0,0,0,-25,0,0,-25,0,150.43333333333334,25,150.43333333333334,0,0
813,100,0,250,10,35,10,-15,0,0,25,-10,-25,625,15,25,146.99333333333334,10,146.99333333333334,0,25
814,625,0,0,25,25,25,25,0,0,0,-25,0,0,-25,0,149.804,25,149.804,0,0
815,169,0,0,13,13,13,13,0,0,0,-13,0,0,-13,0,39.08533333333333,13,39.08533333333333,0,0
816,1,25,0,26,1,-24,1,625,0,25,24,25,0,-1,-25,12.533333333333333,1,12.533333333333333,25,0
817,1,25,0,26,1,-24,1,625,0,25,24,25,0,-1,-25,12.783333333333333,1,12.783333333333333,25,0
818,1,0,0,1,1,1,1,0,0,0,-1,0,0,-1,0,0.0,1,0.0,0,0
819,1,0,0,1,1,1,1,0,0,0,-1,0,0,-1,0,0.0,1,0.0,0,0
820,169,0,0,13,13,13,13,0,0,0,-13,0,0,-13,0,38.81066666666667,13,38.81066666666667,0,0
821,100,250,250,35,35,-15,-15,625,625,50,15,0,625,15,0,897.37,10,272.37,25,25
822,100,0,0,10,10,10,10,0,0,0,-10,0,0,-10,0,22.295333333333332,10,22.295333333333332,0,0
823,121,275,275,36,36,-14,-14,625,625,50,14,0,625,14,0,927.508,11,302.50800000000004,25,25
824,1,25,21,26,22,-24,-20,625,525,46,24,4,441,20,-4,548.064,1,23.063999999999965,25,21
825,625,0,0,25,25,25,25,0,0,0,-25,0,0,-25,0,149.73733333333334,25,149.73733333333334,0,0
826,121,0,0,11,11,11,11,0,0,0,-11,0,0,-11,0,27.494666666666667,11,27.494666666666667,0,0
827,625,0,0,25,25,25,25,0,0,0,-25,0,0,-25,0,149.81466666666665,25,149.81466666666665,0,0
828,1,0,25,1,26,1,-24,0,0,25,-1,-25,625,24,25,12.583333333333334,1,12.583333333333334,0,25
829,4,0,50,2,27,2,-23,0,0,25,-2,-25,625,23,25,25.408,2,25.408,0,25
830,1,0,12,1,13,1,-11,0,0,12,-1,-12,144,11,12,5.824,1,5.824,0,12
831,49,0,133,7,26,7,-12,0,0,19,-7,-19,361,12,19,77.17533333333333,7,77.17533333333333,0,19
832,1,25,0,26,1,-24,1,625,0,25,24,25,0,-1,-25,12.75,1,12.75,25,0
833,625,625,0,50,25,0,25,625,0,25,0,25,0,-25,-25,462.8113333333333,25,462.8113333333333,25,0
834,625,0,0,25,25,25,25,0,0,0,-25,0,0,-25,0,150.21466666666666,25,150.21466666666666,0,0
835,121,0,275,11,36,11,-14,0,0,25,-11,-25,625,14,25,166.186,11,166.186,0,25
836,1,0,25,1,26,1,-24,0,0,25,-1,-25,625,24,25,12.666666666666666,1,12.666666666666666,0,25
837,4,0,50,2,27,2,-23,0,0,25,-2,-25,625,23,25,25.325333333333333,2,25.325333333333333,0,25
838,100,0,0,10,10,10,10,0,0,0,-10,0,0,-10,0,22.488,10,22.488,0,0
839,121,0,275,11,36,11,-14,0,0,25,-11,-25,625,14,25,166.44666666666666,11,166.44666666666666,0,25
840,1,0,12,1,13,1,-11,0,0,12,-1,-12,144,11,12,6.344,1,6.344,0,12
841,625,0,625,25,50,25,0,0,0,25,-25,-25,625,0,25,464.054,25,464.054,0,25
842,100,0,0,10,10,10,10,0,0,0,-10,0,0,-10,0,22.439333333333334,10,22.439333333333334,0,0
843,121,275,0,36,11,-14,11,625,0,25,14,25,0,-11,-25,165.14266666666666,11,165.14266666666666,25,0
844,1,25,0,26,1,-24,1,625,0,25,24,25,0,-1,-25,12.616666666666667,1,12.616666666666667,25,0
845,625,625,0,50,25,0,25,625,0,25,0,25,0,-25,-25,463.61533333333335,25,463.61533333333335,25,0
846,100,250,250,35,35,-15,-15,625,625,50,15,0,625,15,0,897.4133333333333,10,272.4133333333333,25,25
847,121,0,0,11,11,11,11,0,0,0,-11,0,0,-11,0,27.418666666666667,11,27.418666666666667,0,0
848,625,0,0,25,25,25,25,0,0,0,-25,0,0,-25,0,150.43333333333334,25,150.43333333333334,0,0
849,100,0,250,10,35,10,-15,0,0,25,-10,-25,625,15,25,146.99333333333334,10,146.99333333333334,0,25
850,625,0,0,25,25,25,25,0,0,0,-25,0,0,-25,0,149.804,25,149.804,0,0
851,169,0,0,13,13,13,13,0,0,0,-13,0,0,-13,0,39.08533333333333,13,39.08533333333333,0,0
852,1,25,0,26,1,-24,1,625,0,25,24,25,0,-1,-25,12.533333333333333,1,12.533333333333333,25,0
853,1,25,0,26,1,-24,1,625,0,25,24,25,0,-1,-25,12.783333333333333,1,12.783333333333333,25,0
854,1,0,0,1,1,1,1,0,0,0,-1,0,0,-1,0,0.0,1,0.0,0,0
855,1,0,0,1,1,1,1,0,0,0,-1,0,0,-1,0,0.0,1,0.0,0,0
856,169,0,0,13,13,13,13,0,0,0,-13,0,0,-13,0,38.81066666666667,13,38.81066666666667,0,0
857,100,250,250,35,35,-15,-15,625,625,50,15,0,625,15,0,897.37,10,272.37,25,25
858,100,0,0,10,10,10,10,0,0,0,-10,0,0,-10,0,22.295333333333332,10,22.295333333333332,0,0
859,121,275,275,36,36,-14,-14,625,625,50,14,0,625,14,0,927.508,11,302.50800000000004,25,25
860,1,25,21,26,22,-24,-20,625,525,46,24,4,441,20,-4,548.064,1,23.063999999999965,25,21
861,625,0,0,25,25,25,25,0,0,0,-25,0,0,-25,0,149.73733333333334,25,149.73733333333334,0,0
862,121,0,0,11,11,11,11,0,0,0,-11,0,0,-11,0,27.494666666666667,11,27.494666666666667,0,0
863,625,0,0,25,25,25,25,0,0,0,-25,0,0,-25,0,149.81466666666665,25,149.81466666666665,0,0
864,1,0,25,1,26,1,-24,0,0,25,-1,-25,625,24,25,12.583333333333334,1,12.583333333333334,0,25
865,4,0,50,2,27,2,-23,0,0,25,-2,-25,625,23,25,25.408,2,25.408,0,25
866,1,0,12,1,13,1,-11,0,0,12,-1,-12,144,11,12,5.824,1,5.824,0,12
867,49,0,133,7,26,7,-12,0,0,19,-7,-19,361,12,19,77.17533333333333,7,77.17533333333333,0,19
868,1,25,0,26,1,-24,1,625,0,25,24,25,0,-1,-25,12.75,1,12.75,25,0
869,625,625,0,50,25,0,25,625,0,25,0,25,0,-25,-25,462.8113333333333,25,462.8113333333333,25,0
870,625,0,0,25,25,25,25,0,0,0,-25,0,0,-25,0,150.21466666666666,25,150.21466666666666,0,0
871,121,0,275,11,36,11,-14,0,0,25,-11,-25,625,14,25,166.186,11,166.186,0,25
872,1,0,25,1,26,1,-24,0,0,25,-1,-25,625,24,25,12.666666666666666,1,12.666666666666666,0,25
873,4,0,50,2,27,2,-23,0,0,25,-2,-25,625,23,25,25.325333333333333,2,25.325333333333333,0,25
874,100,0,0,10,10,10,10,0,0,0,-10,0,0,-10,0,22.488,10,22.488,0,0
875,121,0,275,11,36,11,-14,0,0,25,-11,-25,625,14,25,166.44666666666666,11,166.44666666666666,0,25
876,1,0,12,1,13,1,-11,0,0,12,-1,-12,144,11,12,6.344,1,6.344,0,12
877,625,0,625,25,50,25,0,0,0,25,-25,-25,625,0,25,464.054,25,464.054,0,25
878,100,0,0,10,10,10,10,0,0,0,-10,0,0,-10,0,22.439333333333334,10,22.439333333333334,0,0
879,121,275,0,36,11,-14,11,625,0,25,14,25,0,-11,-25,165.14266666666666,11,165.14266666666666,25,0
880,1,25,0,26,1,-24,1,625,0,25,24,25,0,-1,-25,12.616666666666667,1,12.616666666666667,25,0
881,625,625,0,50,25,0,25,625,0,25,0,25,0,-25,-25,463.61533333333335,25,463.61533333333335,25,0
882,100,250,250,35,35,-15,-15,625,625,50,15,0,625,15,0,897.4133333333333,10,272.4133333333333,25,25
883,121,0,0,11,11,11,11,0,0,0,-11,0,0,-11,0,27.418666666666667,11,27.418666666666667,0,0
884,625,0,0,25,25,25,25,0,0,0,-25,0,0,-25,0,150.43333333333334,25,150.43333333333334,0,0
885,100,0,250,10,35,10,-15,0,0,25,-10,-25,625,15,25,146.99333333333334,10,146.99333333333334,0,25
886,625,0,0,25,25,25,25,0,0,0,-25,0,0,-25,0,149.804,25,149.804,0,0
887,169,0,0,13,13,13,13,0,0,0,-13,0,0,-13,0,39.08533333333333,13,39.08533333333333,0,0
888,1,25,0,26,1,-24,1,625,0,25,24,25,0,-1,-25,12.533333333333333,1,12.533333333333333,25,0
889,1,25,0,26,1,-24,1,625,0,25,24,25,0,-1,-25,12.783333333333333,1,12.783333333333333,25,0
890,1,0,0,1,1,1,1,0,0,0,-1,0,0,-1,0,0.0,1,0.0,0,0
891,1,0,0,1,1,1,1,0,0,0,-1,0,0,-1,0,0.0,1,0.0,0,0
892,169,0,0,13,13,13,13,0,0,0,-13,0,0,-13,0,38.81066666666667,13,38.81066666666667,0,0
893,100,250,250,35,35,-15,-15,625,625,50,15,0,625,15,0,897.37,10,272.37,25,25
894,100,0,0,10,10,10,10,0,0,0,-10,0,0,-10,0,22.295333333333332,10,22.295333333333332,0,0
895,121,275,275,36,36,-14,-14,625,625,50,14,0,625,14,0,927.508,11,302.50800000000004,25,25
896,1,25,21,26,22,-24,-20,625,525,46,24,4,441,20,-4,548.064,1,23.063999999999965,25,21
897,625,0,0,25,25,25,25,0,0,0,-25,0,0,-25,0,149.73733333333334,25,149.73733333333334,0,0
898,121,0,0,11,11,11,11,0,0,0,-11,0,0,-11,0,27.494666666666667,11,27.494666666666667,0,0
899,625,0,0,25,25,25,25,0,0,0,-25,0,0,-25,0,149.81466666666665,25,149.81466666666665,0,0
900,1,0,25,1,26,1,-24,0,0,25,-1,-25,625,24,25,12.583333333333334,1,12.583333333333334,0,25
901,4,0,50,2,27,2,-23,0,0,25,-2,-25,625,23,25,25.408,2,25.408,0,25
902,1,0,12,1,13,1,-11,0,0,12,-1,-12,144,11,12,5.824,1,5.824,0,12
903,49,0,133,7,26,7,-12,0,0,19,-7,-19,361,12,19,77.17533333333333,7,77.17533333333333,0,19
904,1,25,0,26,1,-24,1,625,0,25,24,25,0,-1,-25,12.75,1,12.75,25,0
905,625,625,0,50,25,0,25,625,0,25,0,25,0,-25,-25,462.8113333333333,25,462.8113333333333,25,0
906,625,0,0,25,25,25,25,0,0,0,-25,0,0,-25,0,150.21466666666666,25,150.21466666666666,0,0
907,121,0,275,11,36,11,-14,0,0,25,-11,-25,625,14,25,166.186,11,166.186,0,25
908,1,0,25,1,26,1,-24,0,0,25,-1,-25,625,24,25,12.666666666666666,1,12.666666666666666,0,25
909,4,0,50,2,27,2,-23,0,0,25,-2,-25,625,23,25,25.325333333333333,2,25.325333333333333,0,25
910,100,0,0,10,10,10,10,0,0,0,-10,0,0,-10,0,22.488,10,22.488,0,0
911,121,0,275,11,36,11,-14,0,0,25,-11,-25,625,14,25,166.44666666666666,11,166.44666666666666,0,25
912,1,0,12,1,13,1,-11,0,0,12,-1,-12,144,11,12,6.344,1,6.344,0,12
913,625,0,625,25,50,25,0,0,0,25,-25,-25,625,0,25,464.054,25,464.054,0,25
914,100,0,0,10,10,10,10,0,0,0,-10,0,0,-10,0,22.439333333333334,10,22.439333333333334,0,0
915,121,275,0,36,11,-14,11,625,0,25,14,25,0,-11,-25,165.14266666666666,11,165.14266666666666,25,0
916,1,25,0,26,1,-24,1,625,0,25,24,25,0,-1,-25,12.616666666666667,1,12.616666666666667,25,0
917,625,625,0,50,25,0,25,625,0,25,0,25,0,-25,-25,463.61533333333335,25,463.61533333333335,25,0
918,100,250,250,35,35,-15,-15,625,625,50,15,0,625,15,0,897.4133333333333,10,272.4133333333333,25,25
919,121,0,0,11,11,11,11,0,0,0,-11,0,0,-11,0,27.418666666666667,11,27.418666666666667,0,0
920,625,0,0,25,25,25,25,0,0,0,-25,0,0,-25,0,150.43333333333334,25,150.43333333333334,0,0
921,100,0,250,10,35,10,-15,0,0,25,-10,-25,625,15,25,146.99333333333334,10,146.99333333333334,0,25
922,625,0,0,25,25,25,25,0,0,0,-25,0,0,-25,0,149.804,25,149.804,0,0
923,169,0,0,13,13,13,13,0,0,0,-13,0,0,-13,0,39.08533333333333,13,39.08533333333333,0,0
924,1,25,0,26,1,-24,1,625,0,25,24,25,0,-1,-25,12.533333333333333,1,12.533333333333333,25,0
925,1,25,0,26,1,-24,1,625,0,25,24,25,0,-1,-25,12.783333333333333,1,12.783333333333333,25,0
926,1,0,0,1,1,1,1,0,0,0,-1,0,0,-1,0,0.0,1,0.0,0,0
927,1,0,0,1,1,1,1,0,0,0,-1,0,0,-1,0,0.0,1,0.0,0,0
928,169,0,0,13,13,13,13,0,0,0,-13,0,0,-13,0,38.81066666666667,13,38.81066666666667,0,0
929,100,250,250,35,35,-15,-15,625,625,50,15,0,625,15,0,897.37,10,272.37,25,25
930,100,0,0,10,10,10,10,0,0,0,-10,0,0,-10,0,22.295333333333332,10,22.295333333333332,0,0
931,121,275,275,36,36,-14,-14,625,625,50,14,0,625,14,0,927.508,11,302.50800000000004,25,25
932,1,25,21,26,22,-24,-20,625,525,46,24,4,441,20,-4,548.064,1,23.063999999999965,25,21
933,625,0,0,25,25,25,25,0,0,0,-25,0,0,-25,0,149.73733333333334,25,149.73733333333334,0,0
934,121,0,0,11,11,11,11,0,0,0,-11,0,0,-11,0,27.494666666666667,11,27.494666666666667,0,0
935,625,0,0,25,25,25,25,0,0,0,-25,0,0,-25,0,149.81466666666665,25,149.81466666666665,0,0
936,1,0,25,1,26,1,-24,0,0,25,-1,-25,625,24,25,12.583333333333334,1,12.583333333333334,0,25
937,4,0,50,2,27,2,-23,0,0,25,-2,-25,625,23,25,25.408,2,25.408,0,25
938,1,0,12,1,13,1,-11,0,0,12,-1,-12,144,11,12,5.824,1,5.824,0,12
939,49,0,133,7,26,7,-12,0,0,19,-7,-19,361,12,19,77.17533333333333,7,77.17533333333333,0,19
940,1,25,0,26,1,-24,1,625,0,25,24,25,0,-1,-25,12.75,1,12.75,25,0
941,625,625,0,50,25,0,25,625,0,25,0,25,0,-25,-25,462.8113333333333,25,462.8113333333333,25,0
942,625,0,0,25,25,25,25,0,0,0,-25,0,0,-25,0,150.21466666666666,25,150.21466666666666,0,0
943,121,0,275,11,36,11,-14,0,0,25,-11,-25,625,14,25,166.186,11,166.186,0,25
944,1,0,25,1,26,1,-24,0,0,25,-1,-25,625,24,25,12.666666666666666,1,12.666666666666666,0,25
945,4,0,50,2,27,2,-23,0,0,25,-2,-25,625,23,25,25.325333333333333,2,25.325333333333333,0,25
946,100,0,0,10,10,10,10,0,0,0,-10,0,0,-10,0,22.488,10,22.488,0,0
947,121,0,275,11,36,11,-14,0,0,25,-11,-25,625,14,25,166.44666666666666,11,166.44666666666666,0,25
948,1,0,12,1,13,1,-11,0,0,12,-1,-12,144,11,12,6.344,1,6.344,0,12
949,625,0,625,25,50,25,0,0,0,25,-25,-25,625,0,25,464.054,25,464.054,0,25
950,100,0,0,10,10,10,10,0,0,0,-10,0,0,-10,0,22.439333333333334,10,22.439333333333334,0,0
951,121,275,0,36,11,-14,11,625,0,25,14,25,0,-11,-25,165.14266666666666,11,165.14266666666666,25,0
952,1,25,0,26,1,-24,1,625,0,25,24,25,0,-1,-25,12.616666666666667,1,12.616666666666667,25,0
953,625,625,0,50,25,0,25,625,0,25,0,25,0,-25,-25,463.61533333333335,25,463.61533333333335,25,0
954,100,250,250,35,35,-15,-15,625,625,50,15,0,625,15,0,897.4133333333333,10,272.4133333333333,25,25
955,121,0,0,11,11,11,11,0,0,0,-11,0,0,-11,0,27.418666666666667,11,27.418666666666667,0,0
956,625,0,0,25,25,25,25,0,0,0,-25,0,0,-25,0,150.43333333333334,25,150.43333333333334,0,0
957,100,0,250,10,35,10,-15,0,0,25,-10,-25,625,15,25,146.99333333333334,10,146.99333333333334,0,25
958,625,0,0,25,25,25,25,0,0,0,-25,0,0,-25,0,149.804,25,149.804,0,0
959,169,0,0,13,13,13,13,0,0,0,-13,0,0,-13,0,39.08533333333333,13,39.08533333333333,0,0
960,1,25,0,26,1,-24,1,625,0,25,24,25,0,-1,-25,12.533333333333333,1,12.533333333333333,25,0
961,1,25,0,26,1,-24,1,625,0,25,24,25,0,-1,-25,12.783333333333333,1,12.783333333333333,25,0
962,1,0,0,1,1,1,1,0,0,0,-1,0,0,-1,0,0.0,1,0.0,0,0
963,1,0,0,1,1,1,1,0,0,0,-1,0,0,-1,0,0.0,1,0.0,0,0
964,169,0,0,13,13,13,13,0,0,0,-13,0,0,-13,0,38.81066666666667,13,38.81066666666667,0,0
965,100,250,250,35,35,-15,-15,625,625,50,15,0,625,15,0,897.37,10,272.37,25,25
966,100,0,0,10,10,10,10,0,0,0,-10,0,0,-10,0,22.295333333333332,10,22.295333333333332,0,0
967,121,275,275,36,36,-14,-14,625,625,50,14,0,625,14,0,927.508,11,302.50800000000004,25,25
968,1,25,21,26,22,-24,-20,625,525,46,24,4,441,20,-4,548.064,1,23.063999999999965,25,21
969,625,0,0,25,25,25,25,0,0,0,-25,0,0,-25,0,149.73733333333334,25,149.73733333333334,0,0
970,121,0,0,11,11,11,11,0,0,0,-11,0,0,-11,0,27.494666666666667,11,27.494666666666667,0,0
971,625,0,0,25,25,25,25,0,0,0,-25,0,0,-25,0,149.81466666666665,25,149.81466666666665,0,0
972,1,0,25,1,26,1,-24,0,0,25,-1,-25,625,24,25,12.583333333333334,1,12.583333333333334,0,25
973,4,0,50,2,27,2,-23,0,0,25,-2,-25,625,23,25,25.408,2,25.408,0,25
974,1,0,12,1,13,1,-11,0,0,12,-1,-12,144,11,12,5.824,1,5.824,0,12
975,49,0,133,7,26,7,-12,0,0,19,-7,-19,361,12,19,77.17533333333333,7,77.17533333333333,0,19
976,1,25,0,26,1,-24,1,625,0,25,24,25,0,-1,-25,12.75,1,12.75,25,0
977,625,625,0,50,25,0,25,625,0,25,0,25,0,-25,-25,462.8113333333333,25,462.8113333333333,25,0
978,625,0,0,25,25,25,25,0,0,0,-25,0,0,-25,0,150.21466666666666,25,150.21466666666666,0,0
979,121,0,275,11,36,11,-14,0,0,25,-11,-25,625,14,25,166.186,11,166.186,0,25
980,1,0,25,1,26,1,-24,0,0,25,-1,-25,625,24,25,12.666666666666666,1,12.666666666666666,0,25
981,4,0,50,2,27,2,-23,0,0,25,-2,-25,625,23,25,25.325333333333333,2,25.325333333333333,0,25
982,100,0,0,10,10,10,10,0,0,0,-10,0,0,-10,0,22.488,10,22.488,0,0
983,121,0,275,11,36,11,-14,0,0,25,-11,-25,625,14,25,166.44666666666666,11,166.44666666666666,0,25
984,1,0,12,1,13,1,-11,0,0,12,-1,-12,144,11,12,6.344,1,6.344,0,12
985,625,0,625,25,50,25,0,0,0,25,-25,-25,625,0,25,464.054,25,464.054,0,25
986,100,0,0,10,10,10,10,0,0,0,-10,0,0,-10,0,22.439333333333334,10,22.439333333333334,0,0
987,121,275,0,36,11,-14,11,625,0,25,14,25,0,-11,-25,165.14266666666666,11,165.14266666666666,25,0
988,1,25,0,26,1,-24,1,625,0,25,24,25,0,-1,-25,12.616666666666667,1,12.616666666666667,25,0
989,625,625,0,50,25,0,25,625,0,25,0,25,0,-25,-25,463.61533333333335,25,463.61533333333335,25,0
990,100,250,250,35,35,-15,-15,625,625,50,15,0,625,15,0,897.4133333333333,10,272.4133333333333,25,25
991,121,0,0,11,11,11,11,0,0,0,-11,0,0,-11,0,27.418666666666667,11,27.418666666666667,0,0
992,625,0,0,25,25,25,25,0,0,0,-25,0,0,-25,0,150.43333333333334,25,150.43333333333334,0,0
993,100,0,250,10,35,10,-15,0,0,25,-10,-25,625,15,25,146.99333333333334,10,146.99333333333334,0,25
994,625,0,0,25,25,25,25,0,0,0,-25,0,0,-25,0,149.804,25,149.804,0,0
995,169,0,0,13,13,13,13,0,0,0,-13,0,0,-13,0,39.08533333333333,13,39.08533333333333,0,0
996,1,25,0,26,1,-24,1,625,0,25,24,25,0,-1,-25,12.533333333333333,1,12.533333333333333,25,0
997,1,25,0,26,1,-24,1,625,0,25,24,25,0,-1,-25,12.783333333333333,1,12.783333333333333,25,0
998,1,0,0,1,1,1,1,0,0,0,-1,0,0,-1,0,0.0,1,0.0,0,0
999,1,0,0,1,1,1,1,0,0,0,-1,0,0,-1,0,0.0,1,0.0,0,0
1000,169,0,0,13,13,13,13,0,0,0,-13,0,0,-13,0,38.81066666666667,13,38.81066666666667,0,0
1001,100,250,250,35,35,-15,-15,625,625,50,15,0,625,15,0,897.37,10,272.37,25,25
1002,100,0,0,10,10,10,10,0,0,0,-10,0,0,-10,0,22.295333333333332,10,22.295333333333332,0,0
1003,121,275,275,36,36,-14,-14,625,625,50,14,0,625,14,0,927.508,11,302.50800000000004,25,25
1004,1,25,21,26,22,-24,-20,625,525,46,24,4,441,20,-4,548.064,1,23.063999999999965,25,21
1005,625,0,0,25,25,25,25,0,0,0,-25,0,0,-25,0,149.73733333333334,25,149.73733333333334,0,0
1006,121,0,0,11,11,11,11,0,0,0,-11,0,0,-11,0,27.494666666666667,11,27.494666666666667,0,0
1007,625,0,0,25,25,25,25,0,0,0,-25,0,0,-25,0,149.81466666666665,25,149.81466666666665,0,0
1008,1,0,25,1,26,1,-24,0,0,25,-1,-25,625,24,25,12.583333333333334,1,12.583333333333334,0,25
1009,4,0,50,2,27,2,-23,0,0,25,-2,-25,625,23,25,25.408,2,25.408,0,25
1010,1,0,12,1,13,1,-11,0,0,12,-1,-12,144,11,12,5.824,1,5.824,0,12
1011,49,0,133,7,26,7,-12,0,0,19,-7,-19,361,12,19,77.17533333333333,7,77.17533333333333,0,19
1012,1,25,0,26,1,-24,1,625,0,25,24,25,0,-1,-25,12.75,1,12.75,25,0
1013,625,625,0,50,25,0,25,625,0,25,0,25,0,-25,-25,462.8113333333333,25,462.8113333333333,25,0
1014,625,0,0,25,25,25,25,0,0,0,-25,0,0,-25,0,150.21466666666666,25,150.21466666666666,0,0
1015,121,0,275,11,36,11,-14,0,0,25,-11,-25,625,14,25,166.186,11,166.186,0,25
1016,1,0,25,1,26,1,-24,0,0,25,-1,-25,625,24,25,12.666666666666666,1,12.666666666666666,0,25
1017,4,0,50,2,27,2,-23,0,0,25,-2,-25,625,23,25,25.325333333333333,2,25.325333333333333,0,25
1018,100,0,0,10,10,10,10,0,0,0,-10,0,0,-10,0,22.488,10,22.488,0,0
1019,121,0,275,11,36,11,-14,0,0,25,-11,-25,625,14,25,166.44666666666666,11,166.44666666666666,0,25
1020,1,0,12,1,13,1,-11,0,0,12,-1,-12,144,11,12,6.344,1,6.344,0,12
1021,625,0,625,25,50,25,0,0,0,25,-25,-25,625,0,25,464.054,25,464.054,0,25
1022,100,0,0,10,10,10,10,0,0,0,-10,0,0,-10,0,22.439333333333334,10,22.439333333333334,0,0
1023,121,275,0,36,11,-14,11,625,0,25,14,25,0,-11,-25,165.14266666666666,11,165.14266666666666,25,0
1024,1,25,0,26,1,-24,1,625,0,25,24,25,0,-1,-25,12.616666666666667,1,12.616666666666667,25,0
1025,625,625,0,50,25,0,25,625,0,25,0,25,0,-25,-25,463.61533333333335,25,463.61533333333335,25,0
1026,100,250,250,35,35,-15,-15,625,625,50,15,0,625,15,0,897.4133333333333,10,272.4133333333333,25,25
1027,121,0,0,11,11,11,11,0,0,0,-11,0,0,-11,0,27.418666666666667,11,27.418666666666667,0,0
1028,625,0,0,25,25,25,25,0,0,0,-25,0,0,-25,0,150.43333333333334,25,150.43333333333334,0,0
1029,100,0,250,10,35,10,-15,0,0,25,-10,-25,625,15,25,146.99333333333334,10,146.99333333333334,0,25
1030,625,0,0,25,25,25,25,0,0,0,-25,0,0,-25,0,149.804,25,149.804,0,0
1031,169,0,0,13,13,13,13,0,0,0,-13,0,0,-13,0,39.08533333333333,13,39.08533333333333,0,0
1032,1,25,0,26,1,-24,1,625,0,25,24,25,0,-1,-25,12.533333333333333,1,12.533333333333333,25,0
1033,1,25,0,26,1,-24,1,625,0,25,24,25,0,-1,-25,12.783333333333333,1,12.783333333333333,25,0
1034,1,0,0,1,1,1,1,0,0,0,-1,0,0,-1,0,0.0,1,0.0,0,0
1035,1,0,0,1,1,1,1,0,0,0,-1,0,0,-1,0,0.0,1,0.0,0,0
1036,169,0,0,13,13,13,13,0,0,0,-13,0,0,-13,0,38.81066666666667,13,38.81066666666667,0,0
1037,100,250,250,35,35,-15,-15,625,625,50,15,0,625,15,0,897.37,10,272.37,25,25
1038,100,0,0,10,10,10,10,0,0,0,-10,0,0,-10,0,22.295333333333332,10,22.295333333333332,0,0
1039,121,275,275,36,36,-14,-14,625,625,50,14,0,625,14,0,927.508,11,302.50800000000004,25,25
1040,1,25,21,26,22,-24,-20,625,525,46,24,4,441,20,-4,548.064,1,23.063999999999965,25,21
1041,625,0,0,25,25,25,25,0,0,0,-25,0,0,-25,0,149.73733333333334,25,149.73733333333334,0,0
1042,121,0,0,11,11,11,11,0,0,0,-11,0,0,-11,0,27.494666666666667,11,27.494666666666667,0,0
1043,625,0,0,25,25,25,25,0,0,0,-25,0,0,-25,0,149.81466666666665,25,149.81466666666665,0,0
1044,1,0,25,1,26,1,-24,0,0,25,-1,-25,625,24,25,12.583333333333334,1,12.583333333333334,0,25
1045,4,0,50,2,27,2,-23,0,0,25,-2,-25,625,23,25,25.408,2,25.408,0,25
1046,1,0,12,1,13,1,-11,0,0,12,-1,-12,144,11,12,5.824,1,5.824,0,12
1047,49,0,133,7,26,7,-12,0,0,19,-7,-19,361,12,19,77.17533333333333,7,77.17533333333333,0,19
1048,1,25,0,26,1,-24,1,625,0,25,24,25,0,-1,-25,12.75,1,12.75,25,0
1049,625,625,0,50,25,0,25,625,0,25,0,25,0,-25,-25,462.8113333333333,25,462.8113333333333,25,0
1050,625,0,0,25,25,25,25,0,0,0,-25,0,0,-25,0,150.21466666666666,25,150.21466666666666,0,0
1051,121,0,275,11,36,11,-14,0,0,25,-11,-25,625,14,25,166.186,11,166.186,0,25
1052,1,0,25,1,26,1,-24,0,0,25,-1,-25,625,24,25,12.666666666666666,1,12.666666666666666,0,25
1053,4,0,50,2,27,2,-23,0,0,25,-2,-25,625,23,25,25.325333333333333,2,25.325333333333333,0,25
1054,100,0,0,10,10,10,10,0,0,0,-10,0,0,-10,0,22.488,10,22.488,0,0
1055,121,0,275,11,36,11,-14,0,0,25,-11,-25,625,14,25,166.44666666666666,11,166.44666666666666,0,25
1056,1,0,12,1,13,1,-11,0,0,12,-1,-12,144,11,12,6.344,1,6.344,0,12
1057,625,0,625,25,50,25,0,0,0,25,-25,-25,625,0,25,464.054,25,464.054,0,25
1058,100,0,0,10,10,10,10,0,0,0,-10,0,0,-10,0,22.439333333333334,10,22.439333333333334,0,0
1059,121,275,0,36,11,-14,11,625,0,25,14,25,0,-11,-25,165.14266666666666,11,165.14266666666666,25,0
1060,1,25,0,26,1,-24,1,625,0,25,24,25,0,-1,-25,12.616666666666667,1,12.616666666666667,25,0
1061,625,625,0,50,25,0,25,625,0,25,0,25,0,-25,-25,463.61533333333335,25,463.61533333333335,25,0
1062,100,250,250,35,35,-15,-15,625,625,50,15,0,625,15,0,897.4133333333333,10,272.4133333333333,25,25
1063,121,0,0,11,11,11,11,0,0,0,-11,0,0,-11,0,27.418666666666667,11,27.418666666666667,0,0
1064,625,0,0,25,25,25,25,0,0,0,-25,0,0,-25,0,150.43333333333334,25,150.43333333333334,0,0
1065,100,0,250,10,35,10,-15,0,0,25,-10,-25,625,15,25,146.99333333333334,10,146.99333333333334,0,25
1066,625,0,0,25,25,25,25,0,0,0,-25,0,0,-25,0,149.804,25,149.804,0,0
1067,169,0,0,13,13,13,13,0,0,0,-13,0,0,-13,0,39.08533333333333,13,39.08533333333333,0,0
1068,1,25,0,26,1,-24,1,625,0,25,24,25,0,-1,-25,12.533333333333333,1,12.533333333333333,25,0
1069,1,25,0,26,1,-24,1,625,0,25,24,25,0,-1,-25,12.783333333333333,1,12.783333333333333,25,0
1070,1,0,0,1,1,1,1,0,0,0,-1,0,0,-1,0,0.0,1,0.0,0,0
1071,1,0,0,1,1,1,1,0,0,0,-1,0,0,-1,0,0.0,1,0.0,0,0
1072,169,0,0,13,13,13,13,0,0,0,-13,0,0,-13,0,38.81066666666667,13,38.81066666666667,0,0
1073,100,250,250,35,35,-15,-15,625,625,50,15,0,625,15,0,897.37,10,272.37,25,25
1074,100,0,0,10,10,10,10,0,0,0,-10,0,0,-10,0,22.295333333333332,10,22.295333333333332,0,0
1075,121,275,275,36,36,-14,-14,625,625,50,14,0,625,14,0,927.508,11,302.50800000000004,25,25
1076,1,25,21,26,22,-24,-20,625,525,46,24,4,441,20,-4,548.064,1,23.063999999999965,25,21
1077,625,0,0,25,25,25,25,0,0,0,-25,0,0,-25,0,149.73733333333334,25,149.73733333333334,0,0
1078,121,0,0,11,11,11,11,0,0,0,-11,0,0,-11,0,27.494666666666667,11,27.494666666666667,0,0
1079,625,0,0,25,25,25,25,0,0,0,-25,0,0,-25,0,149.81466666666665,25,149.81466666666665,0,0
0,324,90,252,23,32,13,4,25,70,19,-13,-9,196,-4,9,317.616,18,247.61599999999999,5,14
1,121,0,110,11,21,11,1,0,0,10,-11,-10,100,-1,10,83.148,11,83.148,0,10
2,25,100,15,25,8,-15,2,400,60,23,15,17,9,-2,-17,120.938,5,60.938,20,3
3,1,20,12,21,13,-19,-11,400,240,32,19,8,144,11,-8,255.936,1,15.936000000000007,20,12
4,324,252,306,32,35,4,1,196,238,31,-4,-3,289,-1,3,593.044,18,355.044,14,17
5,49,35,49,12,14,2,0,25,35,12,-2,-2,49,0,2,87.36,7,52.36,5,7
6,169,78,78,19,19,7,7,36,36,12,-7,0,36,-7,0,152.86,13,116.86000000000001,6,6
7,169,0,182,13,27,13,-1,0,0,14,-13,-14,196,1,14,129.176,13,129.176,0,14
8,81,180,99,29,20,-11,-2,400,220,31,11,9,121,2,-9,378.374,9,158.37400000000002,20,11
9,361,323,38,36,21,2,17,289,34,19,-2,15,4,-17,-15,299.634,19,265.634,17,2
10,1,4,15,5,16,-3,-14,16,60,19,3,-11,225,14,11,69.258,1,9.257999999999996,4,15
11,144,144,168,24,26,0,-2,144,168,26,0,-2,196,2,2,357.31,12,189.31,12,14
12,121,154,110,25,21,-3,1,196,140,24,3,4,100,-1,-4,299.544,11,159.54399999999998,14,10
13,324,180,324,28,36,8,0,100,180,28,-8,-8,324,0,8,507.78,18,327.78,10,18
14,49,0,42,7,13,7,1,0,0,6,-7,-6,36,-1,6,31.048,7,31.048,0,6
15,196,266,84,33,20,-5,8,361,114,25,5,13,36,-8,-13,333.556,14,219.55599999999998,19,6
16,4,38,20,21,12,-17,-8,361,190,29,17,9,100,8,-9,219.324,2,29.324000000000012,19,10
17,256,32,96,18,22,14,10,4,12,8,-14,-4,36,-10,4,135.67,16,123.66999999999999,2,6
18,324,252,306,32,35,4,1,196,238,31,-4,-3,289,-1,3,593.708,18,355.70799999999997,14,17
19,289,34,272,19,33,15,1,4,32,18,-15,-14,256,-1,14,253.692,17,221.692,2,16
20,196,98,126,21,23,7,5,49,63,16,-7,-2,81,-5,2,220.078,14,157.078,7,9
21,64,80,96,18,20,-2,-4,100,120,22,2,-2,144,4,2,222.012,8,102.012,10,12
22,81,135,171,24,28,-6,-10,225,285,34,6,-4,361,10,4,455.868,9,170.868,15,19
23,324,72,0,22,18,14,18,16,0,4,-14,4,0,-18,-4,112.6,18,112.6,4,0
24,121,198,110,29,21,-7,1,324,180,28,7,8,100,-1,-8,360.596,11,180.596,18,10
25,400,400,40,40,22,0,18,400,40,22,0,18,4,-18,-18,354.162,20,314.162,20,2
26,196,252,126,32,23,-4,5,324,162,27,4,9,81,-5,-9,395.084,14,233.084,18,9
27,1,12,12,13,13,-11,-11,144,144,24,11,0,144,11,0,156.0,1,12.0,12,12
28,9,60,33,23,14,-17,-8,400,220,31,17,9,121,8,-9,268.302,3,48.30200000000002,20,11
29,4,6,26,5,15,-1,-11,9,39,16,1,-10,169,11,10,55.782,2,16.781999999999996,3,13
30,16,4,60,5,19,3,-11,1,15,16,-3,-14,225,11,14,48.942,4,33.942,1,15
31,144,168,204,26,29,-2,-5,196,238,31,2,-3,289,5,3,456.9,12,218.89999999999998,14,17
32,169,221,65,30,18,-4,8,289,85,22,4,12,25,-8,-12,267.052,13,182.05200000000002,17,5
33,25,50,35,15,12,-5,-2,100,70,17,5,3,49,2,-3,117.458,5,47.458,10,7
34,100,30,90,13,19,7,1,9,27,12,-7,-6,81,-1,6,109.708,10,82.708,3,9
35,121,22,121,13,22,9,0,4,22,13,-9,-9,121,0,9,121.904,11,99.904,2,11
36,400,100,240,25,32,15,8,25,60,17,-15,-7,144,-8,7,324.924,20,264.924,5,12
37,64,72,96,17,20,-1,-4,81,108,21,1,-3,144,4,3,205.728,8,97.72800000000001,9,12
38,400,140,280,27,34,13,6,49,98,21,-13,-7,196,-6,7,403.036,20,305.036,7,14
39,169,91,65,20,18,6,8,49,35,12,-6,2,25,-8,-2,152.04,13,117.03999999999999,7,5
40,324,270,36,33,20,3,16,225,30,17,-3,13,4,-16,-13,260.164,18,230.164,15,2
41,361,247,190,32,29,6,9,169,130,23,-6,3,100,-9,-3,434.016,19,304.016,13,10
42,64,64,128,16,24,0,-8,64,128,24,0,-8,256,8,8,238.354,8,110.35400000000001,8,16
43,289,68,0,21,17,13,17,16,0,4,-13,4,0,-17,-4,101.944,17,101.944,4,0
44,4,34,40,19,22,-15,-18,289,340,37,15,-3,400,18,3,377.684,2,37.684000000000026,17,20
45,9,42,3,17,4,-11,2,196,14,15,11,13,1,-2,-13,37.25,3,23.25,14,1
46,144,168,84,26,19,-2,5,196,98,21,2,7,49,-5,-7,257.344,12,159.344,14,7
47,196,224,112,30,22,-2,6,256,128,24,2,8,64,-6,-8,342.13,14,214.13,16,8
0,1,0,25,1,26,1,-24,0,0,25,-1,-25,625,24,25,12.166666666666666,1,12.166666666666666,0,25
1,4,0,50,2,27,2,-23,0,0,25,-2,-25,625,23,25,25.673333333333332,2,25.673333333333332,0,25
2,1,0,12,1,13,1,-11,0,0,12,-1,-12,144,11,12,6.192,1,6.192,0,12
3,49,0,133,7,26,7,-12,0,0,19,-7,-19,361,12,19,77.30466666666666,7,77.30466666666666,0,19
4,1,25,0,26,1,-24,1,625,0,25,24,25,0,-1,-25,12.483333333333333,1,12.483333333333333,25,0
5,625,625,0,50,25,0,25,625,0,25,0,25,0,-25,-25,464.31933333333336,25,464.31933333333336,25,0
6,625,0,0,25,25,25,25,0,0,0,-25,0,0,-25,0,149.748,25,149.748,0,0
7,121,0,275,11,36,11,-14,0,0,25,-11,-25,625,14,25,162.51133333333334,11,162.51133333333334,0,25
8,1,0,25,1,26,1,-24,0,0,25,-1,-25,625,24,25,12.833333333333334,1,12.833333333333334,0,25
9,4,0,50,2,27,2,-23,0,0,25,-2,-25,625,23,25,25.68,2,25.68,0,25
10,100,0,0,10,10,10,10,0,0,0,-10,0,0,-10,0,22.513333333333332,10,22.513333333333332,0,0
11,121,0,275,11,36,11,-14,0,0,25,-11,-25,625,14,25,164.306,11,164.306,0,25
12,1,0,12,1,13,1,-11,0,0,12,-1,-12,144,11,12,6.032,1,6.032,0,12
13,625,0,625,25,50,25,0,0,0,25,-25,-25,625,0,25,461.464,25,461.464,0,25
14,100,0,0,10,10,10,10,0,0,0,-10,0,0,-10,0,22.604666666666667,10,22.604666666666667,0,0
15,121,275,0,36,11,-14,11,625,0,25,14,25,0,-11,-25,164.662,11,164.662,25,0
16,1,25,0,26,1,-24,1,625,0,25,24,25,0,-1,-25,12.8,1,12.8,25,0
17,625,625,0,50,25,0,25,625,0,25,0,25,0,-25,-25,458.63866666666667,25,458.63866666666667,25,0
18,100,250,250,35,35,-15,-15,625,625,50,15,0,625,15,0,897.3613333333333,10,272.3613333333333,25,25
19,121,0,0,11,11,11,11,0,0,0,-11,0,0,-11,0,27.496,11,27.496,0,0
20,625,0,0,25,25,25,25,0,0,0,-25,0,0,-25,0,149.84666666666666,25,149.84666666666666,0,0
21,100,0,250,10,35,10,-15,0,0,25,-10,-25,625,15,25,148.74266666666668,10,148.74266666666668,0,25
22,625,0,0,25,25,25,25,0,0,0,-25,0,0,-25,0,149.89866666666666,25,149.89866666666666,0,0
23,169,0,0,13,13,13,13,0,0,0,-13,0,0,-13,0,38.708,13,38.708,0,0
24,1,25,25,26,26,-24,-24,625,625,50,24,0,625,24,0,650.0,1,25.0,25,25
25,1,25,0,26,1,-24,1,625,0,25,24,25,0,-1,-25,12.616666666666667,1,12.616666666666667,25,0
26,1,0,0,1,1,1,1,0,0,0,-1,0,0,-1,0,0.0,1,0.0,0,0
27,4,0,0,2,2,2,2,0,0,0,-2,0,0,-2,0,0.49733333333333335,2,0.49733333333333335,0,0
28,1,0,0,1,1,1,1,0,0,0,-1,0,0,-1,0,0.0,1,0.0,0,0
29,169,0,0,13,13,13,13,0,0,0,-13,0,0,-13,0,38.964,13,38.964,0,0
30,100,250,250,35,35,-15,-15,625,625,50,15,0,625,15,0,897.6113333333333,10,272.6113333333333,25,25
31,100,0,0,10,10,10,10,0,0,0,-10,0,0,-10,0,22.486,10,22.486,0,0
32,121,275,275,36,36,-14,-14,625,625,50,14,0,625,14,0,927.584,11,302.58399999999995,25,25
33,1,25,21,26,22,-24,-20,625,525,46,24,4,441,20,-4,548.072,1,23.072000000000003,25,21
34,625,0,0,25,25,25,25,0,0,0,-25,0,0,-25,0,149.97466666666668,25,149.97466666666668,0,0
35,121,0,0,11,11,11,11,0,0,0,-11,0,0,-11,0,27.497333333333334,11,27.497333333333334,0,0
36,625,0,0,25,25,25,25,0,0,0,-25,0,0,-25,0,150.24,25,150.24,0,0
37,1,0,25,1,26,1,-24,0,0,25,-1,-25,625,24,25,12.166666666666666,1,12.166666666666666,0,25
38,4,0,50,2,27,2,-23,0,0,25,-2,-25,625,23,25,25.673333333333332,2,25.673333333333332,0,25
39,1,0,12,1,13,1,-11,0,0,12,-1,-12,144,11,12,6.192,1,6.192,0,12
40,49,0,133,7,26,7,-12,0,0,19,-7,-19,361,12,19,77.30466666666666,7,77.30466666666666,0,19
41,1,25,0,26,1,-24,1,625,0,25,24,25,0,-1,-25,12.483333333333333,1,12.483333333333333,25,0
42,625,625,0,50,25,0,25,625,0,25,0,25,0,-25,-25,464.31933333333336,25,464.31933333333336,25,0
43,625,0,0,25,25,25,25,0,0,0,-25,0,0,-25,0,149.748,25,149.748,0,0
44,121,0,275,11,36,11,-14,0,0,25,-11,-25,625,14,25,162.51133333333334,11,162.51133333333334,0,25
45,1,0,25,1,26,1,-24,0,0,25,-1,-25,625,24,25,12.833333333333334,1,12.833333333333334,0,25
46,4,0,50,2,27,2,-23,0,0,25,-2,-25,625,23,25,25.68,2,25.68,0,25
47,100,0,0,10,10,10,10,0,0,0,-10,0,0,-10,0,22.513333333333332,10,22.513333333333332,0,0
48,121,0,275,11,36,11,-14,0,0,25,-11,-25,625,14,25,164.306,11,164.306,0,25
49,1,0,12,1,13,1,-11,0,0,12,-1,-12,144,11,12,6.032,1,6.032,0,12
50,625,0,625,25,50,25,0,0,0,25,-25,-25,625,0,25,461.464,25,461.464,0,25
51,100,0,0,10,10,10,10,0,0,0,-10,0,0,-10,0,22.604666666666667,10,22.604666666666667,0,0
52,121,275,0,36,11,-14,11,625,0,25,14,25,0,-11,-25,164.662,11,164.662,25,0
53,1,25,0,26,1,-24,1,625,0,25,24,25,0,-1,-25,12.8,1,12.8,25,0
54,625,625,0,50,25,0,25,625,0,25,0,25,0,-25,-25,458.63866666666667,25,458.63866666666667,25,0
55,100,250,250,35,35,-15,-15,625,625,50,15,0,625,15,0,897.3613333333333,10,272.3613333333333,25,25
56,121,0,0,11,11,11,11,0,0,0,-11,0,0,-11,0,27.496,11,27.496,0,0
57,625,0,0,25,25,25,25,0,0,0,-25,0,0,-25,0,149.84666666666666,25,149.84666666666666,0,0
58,100,0,250,10,35,10,-15,0,0,25,-10,-25,625,15,25,148.74266666666668,10,148.74266666666668,0,25
59,625,0,0,25,25,25,25,0,0,0,-25,0,0,-25,0,149.89866666666666,25,149.89866666666666,0,0
60,169,0,0,13,13,13,13,0,0,0,-13,0,0,-13,0,38.708,13,38.708,0,0
61,1,25,25,26,26,-24,-24,625,625,50,24,0,625,24,0,650.0,1,25.0,25,25
62,1,25,0,26,1,-24,1,625,0,25,24,25,0,-1,-25,12.616666666666667,1,12.616666666666667,25,0
63,1,0,0,1,1,1,1,0,0,0,-1,0,0,-1,0,0.0,1,0.0,0,0
64,4,0,0,2,2,2,2,0,0,0,-2,0,0,-2,0,0.49733333333333335,2,0.49733333333333335,0,0
65,1,0,0,1,1,1,1,0,0,0,-1,0,0,-1,0,0.0,1,0.0,0,0
66,169,0,0,13,13,13,13,0,0,0,-13,0,0,-13,0,38.964,13,38.964,0,0
67,100,250,250,35,35,-15,-15,625,625,50,15,0,625,15,0,897.6113333333333,10,272.6113333333333,25,25
68,100,0,0,10,10,10,10,0,0,0,-10,0,0,-10,0,22.486,10,22.486,0,0
69,121,275,275,36,36,-14,-14,625,625,50,14,0,625,14,0,927.584,11,302.58399999999995,25,25
70,1,25,21,26,22,-24,-20,625,525,46,24,4,441,20,-4,548.072,1,23.072000000000003,25,21
71,625,0,0,25,25,25,25,0,0,0,-25,0,0,-25,0,149.97466666666668,25,149.97466666666668,0,0
72,121,0,0,11,11,11,11,0,0,0,-11,0,0,-11,0,27.497333333333334,11,27.497333333333334,0,0
73,625,0,0,25,25,25,25,0,0,0,-25,0,0,-25,0,150.24,25,150.24,0,0
74,1,0,25,1,26,1,-24,0,0,25,-1,-25,625,24,25,12.166666666666666,1,12.166666666666666,0,25
75,4,0,50,2,27,2,-23,0,0,25,-2,-25,625,23,25,25.673333333333332,2,25.673333333333332,0,25
76,1,0,12,1,13,1,-11,0,0,12,-1,-12,144,11,12,6.192,1,6.192,0,12
77,49,0,133,7,26,7,-12,0,0,19,-7,-19,361,12,19,77.30466666666666,7,77.30466666666666,0,19
78,1,25,0,26,1,-24,1,625,0,25,24,25,0,-1,-25,12.483333333333333,1,12.483333333333333,25,0
79,625,625,0,50,25,0,25,625,0,25,0,25,0,-25,-25,464.31933333333336,25,464.31933333333336,25,0
80,625,0,0,25,25,25,25,0,0,0,-25,0,0,-25,0,149.748,25,149.748,0,0
81,121,0,275,11,36,11,-14,0,0,25,-11,-25,625,14,25,162.51133333333334,11,162.51133333333334,0,25
82,1,0,25,1,26,1,-24,0,0,25,-1,-25,625,24,25,12.833333333333334,1,12.833333333333334,0,25
83,4,0,50,2,27,2,-23,0,0,25,-2,-25,625,23,25,25.68,2,25.68,0,25
84,100,0,0,10,10,10,10,0,0,0,-10,0,0,-10,0,22.513333333333332,10,22.513333333333332,0,0
85,121,0,275,11,36,11,-14,0,0,25,-11,-25,625,14,25,164.306,11,164.306,0,25
86,1,0,12,1,13,1,-11,0,0,12,-1,-12,144,11,12,6.032,1,6.032,0,12
87,625,0,625,25,50,25,0,0,0,25,-25,-25,625,0,25,461.464,25,461.464,0,25
88,100,0,0,10,10,10,10,0,0,0,-10,0,0,-10,0,22.604666666666667,10,22.604666666666667,0,0
89,121,275,0,36,11,-14,11,625,0,25,14,25,0,-11,-25,164.662,11,164.662,25,0
90,1,25,0,26,1,-24,1,625,0,25,24,25,0,-1,-25,12.8,1,12.8,25,0
91,625,625,0,50,25,0,25,625,0,25,0,25,0,-25,-25,458.63866666666667,25,458.63866666666667,25,0
92,100,250,250,35,35,-15,-15,625,625,50,15,0,625,15,0,897.3613333333333,10,272.3613333333333,25,25
93,121,0,0,11,11,11,11,0,0,0,-11,0,0,-11,0,27.496,11,27.496,0,0
94,625,0,0,25,25,25,25,0,0,0,-25,0,0,-25,0,149.84666666666666,25,149.84666666666666,0,0
95,100,0,250,10,35,10,-15,0,0,25,-10,-25,625,15,25,148.74266666666668,10,148.74266666666668,0,25
96,625,0,0,25,25,25,25,0,0,0,-25,0,0,-25,0,149.89866666666666,25,149.89866666666666,0,0
97,169,0,0,13,13,13,13,0,0,0,-13,0,0,-13,0,38.708,13,38.708,0,0
98,1,25,25,26,26,-24,-24,625,625,50,24,0,625,24,0,650.0,1,25.0,25,25
99,1,25,0,26,1,-24,1,625,0,25,24,25,0,-1,-25,12.616666666666667,1,12.616666666666667,25,0
100,1,0,0,1,1,1,1,0,0,0,-1,0,0,-1,0,0.0,1,0.0,0,0
101,4,0,0,2,2,2,2,0,0,0,-2,0,0,-2,0,0.49733333333333335,2,0.49733333333333335,0,0
102,1,0,0,1,1,1,1,0,0,0,-1,0,0,-1,0,0.0,1,0.0,0,0
103,169,0,0,13,13,13,13,0,0,0,-13,0,0,-13,0,38.964,13,38.964,0,0
104,100,250,250,35,35,-15,-15,625,625,50,15,0,625,15,0,897.6113333333333,10,272.6113333333333,25,25
105,100,0,0,10,10,10,10,0,0,0,-10,0,0,-10,0,22.486,10,22.486,0,0
106,121,275,275,36,36,-14,-14,625,625,50,14,0,625,14,0,927.584,11,302.58399999999995,25,25
107,1,25,21,26,22,-24,-20,625,525,46,24,4,441,20,-4,548.072,1,23.072000000000003,25,21
108,625,0,0,25,25,25,25,0,0,0,-25,0,0,-25,0,149.97466666666668,25,149.97466666666668,0,0
109,121,0,0,11,11,11,11,0,0,0,-11,0,0,-11,0,27.497333333333334,11,27.497333333333334,0,0
110,625,0,0,25,25,25,25,0,0,0,-25,0,0,-25,0,150.24,25,150.24,0,0
111,1,0,25,1,26,1,-24,0,0,25,-1,-25,625,24,25,12.166666666666666,1,12.166666666666666,0,25
112,4,0,50,2,27,2,-23,0,0,25,-2,-25,625,23,25,25.673333333333332,2,25.673333333333332,0,25
113,1,0,12,1,13,1,-11,0,0,12,-1,-12,144,11,12,6.192,1,6.192,0,12
114,49,0,133,7,26,7,-12,0,0,19,-7,-19,361,12,19,77.30466666666666,7,77.30466666666666,0,19
115,1,25,0,26,1,-24,1,625,0,25,24,25,0,-1,-25,12.483333333333333,1,12.483333333333333,25,0
116,625,625,0,50,25,0,25,625,0,25,0,25,0,-25,-25,464.31933333333336,25,464.31933333333336,25,0
117,625,0,0,25,25,25,25,0,0,0,-25,0,0,-25,0,149.748,25,149.748,0,0
118,121,0,275,11,36,11,-14,0,0,25,-11,-25,625,14,25,162.51133333333334,11,162.51133333333334,0,25
119,1,0,25,1,26,1,-24,0,0,25,-1,-25,625,24,25,12.833333333333334,1,12.833333333333334,0,25
120,4,0,50,2,27,2,-23,0,0,25,-2,-25,625,23,25,25.68,2,25.68,0,25
121,100,0,0,10,10,10,10,0,0,0,-10,0,0,-10,0,22.513333333333332,10,22.513333333333332,0,0
122,121,0,275,11,36,11,-14,0,0,25,-11,-25,625,14,25,164.306,11,164.306,0,25
123,1,0,12,1,13,1,-11,0,0,12,-1,-12,144,11,12,6.032,1,6.032,0,12
124,625,0,625,25,50,25,0,0,0,25,-25,-25,625,0,25,461.464,25,461.464,0,25
125,100,0,0,10,10,10,10,0,0,0,-10,0,0,-10,0,22.604666666666667,10,22.604666666666667,0,0
126,121,275,0,36,11,-14,11,625,0,25,14,25,0,-11,-25,164.662,11,164.662,25,0
127,1,25,0,26,1,-24,1,625,0,25,24,25,0,-1,-25,12.8,1,12.8,25,0
128,625,625,0,50,25,0,25,625,0,25,0,25,0,-25,-25,458.63866666666667,25,458.63866666666667,25,0
129,100,250,250,35,35,-15,-15,625,625,50,15,0,625,15,0,897.3613333333333,10,272.3613333333333,25,25
130,121,0,0,11,11,11,11,0,0,0,-11,0,0,-11,0,27.496,11,27.496,0,0
131,625,0,0,25,25,25,25,0,0,0,-25,0,0,-25,0,149.84666666666666,25,149.84666666666666,0,0
132,100,0,250,10,35,10,-15,0,0,25,-10,-25,625,15,25,148.74266666666668,10,148.74266666666668,0,25
133,625,0,0,25,25,25,25,0,0,0,-25,0,0,-25,0,149.89866666666666,25,149.89866666666666,0,0
134,169,0,0,13,13,13,13,0,0,0,-13,0,0,-13,0,38.708,13,38.708,0,0
135,1,25,25,26,26,-24,-24,625,625,50,24,0,625,24,0,650.0,1,25.0,25,25
136,1,25,0,26,1,-24,1,625,0,25,24,25,0,-1,-25,12.616666666666667,1,12.616666666666667,25,0
137,1,0,0,1,1,1,1,0,0,0,-1,0,0,-1,0,0.0,1,0.0,0,0
138,4,0,0,2,2,2,2,0,0,0,-2,0,0,-2,0,0.49733333333333335,2,0.49733333333333335,0,0
139,1,0,0,1,1,1,1,0,0,0,-1,0,0,-1,0,0.0,1,0.0,0,0
140,169,0,0,13,13,13,13,0,0,0,-13,0,0,-13,0,38.964,13,38.964,0,0
141,100,250,250,35,35,-15,-15,625,625,50,15,0,625,15,0,897.6113333333333,10,272.6113333333333,25,25
142,100,0,0,10,10,10,10,0,0,0,-10,0,0,-10,0,22.486,10,22.486,0,0
143,121,275,275,36,36,-14,-14,625,625,50,14,0,625,14,0,927.584,11,302.58399999999995,25,25
144,1,25,21,26,22,-24,-20,625,525,46,24,4,441,20,-4,548.072,1,23.072000000000003,25,21
145,625,0,0,25,25,25,25,0,0,0,-25,0,0,-25,0,149.97466666666668,25,149.97466666666668,0,0
146,121,0,0,11,11,11,11,0,0,0,-11,0,0,-11,0,27.497333333333334,11,27.497333333333334,0,0
147,625,0,0,25,25,25,25,0,0,0,-25,0,0,-25,0,150.24,25,150.24,0,0
148,1,0,25,1,26,1,-24,0,0,25,-1,-25,625,24,25,12.166666666666666,1,12.166666666666666,0,25
149,4,0,50,2,27,2,-23,0,0,25,-2,-25,625,23,25,25.673333333333332,2,25.673333333333332,0,25
150,1,0,12,1,13,1,-11,0,0,12,-1,-12,144,11,12,6.192,1,6.192,0,12
151,49,0,133,7,26,7,-12,0,0,19,-7,-19,361,12,19,77.30466666666666,7,77.30466666666666,0,19
152,1,25,0,26,1,-24,1,625,0,25,24,25,0,-1,-25,12.483333333333333,1,12.483333333333333,25,0
153,625,625,0,50,25,0,25,625,0,25,0,25,0,-25,-25,464.31933333333336,25,464.31933333333336,25,0
154,625,0,0,25,25,25,25,0,0,0,-25,0,0,-25,0,149.748,25,149.748,0,0
155,121,0,275,11,36,11,-14,0,0,25,-11,-25,625,14,25,162.51133333333334,11,162.51133333333334,0,25
156,1,0,25,1,26,1,-24,0,0,25,-1,-25,625,24,25,12.833333333333334,1,12.833333333333334,0,25
157,4,0,50,2,27,2,-23,0,0,25,-2,-25,625,23,25,25.68,2,25.68,0,25
158,100,0,0,10,10,10,10,0,0,0,-10,0,0,-10,0,22.513333333333332,10,22.513333333333332,0,0
159,121,0,275,11,36,11,-14,0,0,25,-11,-25,625,14,25,164.306,11,164.306,0,25
160,1,0,12,1,13,1,-11,0,0,12,-1,-12,144,11,12,6.032,1,6.032,0,12
161,625,0,625,25,50,25,0,0,0,25,-25,-25,625,0,25,461.464,25,461.464,0,25
162,100,0,0,10,10,10,10,0,0,0,-10,0,0,-10,0,22.604666666666667,10,22.604666666666667,0,0
163,121,275,0,36,11,-14,11,625,0,25,14,25,0,-11,-25,164.662,11,164.662,25,0
164,1,25,0,26,1,-24,1,625,0,25,24,25,0,-1,-25,12.8,1,12.8,25,0
165,625,625,0,50,25,0,25,625,0,25,0,25,0,-25,-25,458.63866666666667,25,458.63866666666667,25,0
166,100,250,250,35,35,-15,-15,625,625,50,15,0,625,15,0,897.3613333333333,10,272.3613333333333,25,25
167,121,0,0,11,11,11,11,0,0,0,-11,0,0,-11,0,27.496,11,27.496,0,0
168,625,0,0,25,25,25,25,0,0,0,-25,0,0,-25,0,149.84666666666666,25,149.84666666666666,0,0
169,100,0,250,10,35,10,-15,0,0,25,-10,-25,625,15,25,148.74266666666668,10,148.74266666666668,0,25
170,625,0,0,25,25,25,25,0,0,0,-25,0,0,-25,0,149.89866666666666,25,149.89866666666666,0,0
171,169,0,0,13,13,13,13,0,0,0,-13,0,0,-13,0,38.708,13,38.708,0,0
172,1,25,25,26,26,-24,-24,625,625,50,24,0,625,24,0,650.0,1,25.0,25,25
173,1,25,0,26,1,-24,1,625,0,25,24,25,0,-1,-25,12.616666666666667,1,12.616666666666667,25,0
174,1,0,0,1,1,1,1,0,0,0,-1,0,0,-1,0,0.0,1,0.0,0,0
175,4,0,0,2,2,2,2,0,0,0,-2,0,0,-2,0,0.49733333333333335,2,0.49733333333333335,0,0
176,1,0,0,1,1,1,1,0,0,0,-1,0,0,-1,0,0.0,1,0.0,0,0
177,169,0,0,13,13,13,13,0,0,0,-13,0,0,-13,0,38.964,13,38.964,0,0
178,100,250,250,35,35,-15,-15,625,625,50,15,0,625,15,0,897.6113333333333,10,272.6113333333333,25,25
179,100,0,0,10,10,10,10,0,0,0,-10,0,0,-10,0,22.486,10,22.486,0,0
180,121,275,275,36,36,-14,-14,625,625,50,14,0,625,14,0,927.584,11,302.58399999999995,25,25
181,1,25,21,26,22,-24,-20,625,525,46,24,4,441,20,-4,548.072,1,23.072000000000003,25,21
182,625,0,0,25,25,25,25,0,0,0,-25,0,0,-25,0,149.97466666666668,25,149.97466666666668,0,0
183,121,0,0,11,11,11,11,0,0,0,-11,0,0,-11,0,27.497333333333334,11,27.497333333333334,0,0
184,625,0,0,25,25,25,25,0,0,0,-25,0,0,-25,0,150.24,25,150.24,0,0
185,1,0,25,1,26,1,-24,0,0,25,-1,-25,625,24,25,12.166666666666666,1,12.166666666666666,0,25
186,4,0,50,2,27,2,-23,0,0,25,-2,-25,625,23,25,25.673333333333332,2,25.673333333333332,0,25
187,1,0,12,1,13,1,-11,0,0,12,-1,-12,144,11,12,6.192,1,6.192,0,12
188,49,0,133,7,26,7,-12,0,0,19,-7,-19,361,12,19,77.30466666666666,7,77.30466666666666,0,19
189,1,25,0,26,1,-24,1,625,0,25,24,25,0,-1,-25,12.483333333333333,1,12.483333333333333,25,0
190,625,625,0,50,25,0,25,625,0,25,0,25,0,-25,-25,464.31933333333336,25,464.31933333333336,25,0
191,625,0,0,25,25,25,25,0,0,0,-25,0,0,-25,0,149.748,25,149.748,0,0
192,121,0,275,11,36,11,-14,0,0,25,-11,-25,625,14,25,162.51133333333334,11,162.51133333333334,0,25
193,1,0,25,1,26,1,-24,0,0,25,-1,-25,625,24,25,12.833333333333334,1,12.833333333333334,0,25
194,4,0,50,2,27,2,-23,0,0,25,-2,-25,625,23,25,25.68,2,25.68,0,25
195,100,0,0,10,10,10,10,0,0,0,-10,0,0,-10,0,22.513333333333332,10,22.513333333333332,0,0
196,121,0,275,11,36,11,-14,0,0,25,-11,-25,625,14,25,164.306,11,164.306,0,25
197,1,0,12,1,13,1,-11,0,0,12,-1,-12,144,11,12,6.032,1,6.032,0,12
198,625,0,625,25,50,25,0,0,0,25,-25,-25,625,0,25,461.464,25,461.464,0,25
199,100,0,0,10,10,10,10,0,0,0,-10,0,0,-10,0,22.604666666666667,10,22.604666666666667,0,0
200,121,275,0,36,11,-14,11,625,0,25,14,25,0,-11,-25,164.662,11,164.662,25,0
201,1,25,0,26,1,-24,1,625,0,25,24,25,0,-1,-25,12.8,1,12.8,25,0
202,625,625,0,50,25,0,25,625,0,25,0,25,0,-25,-25,458.63866666666667,25,458.63866666666667,25,0
203,100,250,250,35,35,-15,-15,625,625,50,15,0,625,15,0,897.3613333333333,10,272.3613333333333,25,25
204,121,0,0,11,11,11,11,0,0,0,-11,0,0,-11,0,27.496,11,27.496,0,0
205,625,0,0,25,25,25,25,0,0,0,-25,0,0,-25,0,149.84666666666666,25,149.84666666666666,0,0
206,100,0,250,10,35,10,-15,0,0,25,-10,-25,625,15,25,148.74266666666668,10,148.74266666666668,0,25
207,625,0,0,25,25,25,25,0,0,0,-25,0,0,-25,0,149.89866666666666,25,149.89866666666666,0,0
208,169,0,0,13,13,13,13,0,0,0,-13,0,0,-13,0,38.708,13,38.708,0,0
209,1,25,25,26,26,-24,-24,625,625,50,24,0,625,24,0,650.0,1,25.0,25,25
210,1,25,0,26,1,-24,1,625,0,25,24,25,0,-1,-25,12.616666666666667,1,12.616666666666667,25,0
211,1,0,0,1,1,1,1,0,0,0,-1,0,0,-1,0,0.0,1,0.0,0,0
212,4,0,0,2,2,2,2,0,0,0,-2,0,0,-2,0,0.49733333333333335,2,0.49733333333333335,0,0
213,1,0,0,1,1,1,1,0,0,0,-1,0,0,-1,0,0.0,1,0.0,0,0
214,169,0,0,13,13,13,13,0,0,0,-13,0,0,-13,0,38.964,13,38.964,0,0
215,100,250,250,35,35,-15,-15,625,625,50,15,0,625,15,0,897.6113333333333,10,272.6113333333333,25,25
216,100,0,0,10,10,10,10,0,0,0,-10,0,0,-10,0,22.486,10,22.486,0,0
217,121,275,275,36,36,-14,-14,625,625,50,14,0,625,14,0,927.584,11,302.58399999999995,25,25
218,1,25,21,26,22,-24,-20,625,525,46,24,4,441,20,-4,548.072,1,23.072000000000003,25,21
219,625,0,0,25,25,25,25,0,0,0,-25,0,0,-25,0,149.97466666666668,25,149.97466666666668,0,0
220,121,0,0,11,11,11,11,0,0,0,-11,0,0,-11,0,27.497333333333334,11,27.497333333333334,0,0
221,625,0,0,25,25,25,25,0,0,0,-25,0,0,-25,0,150.24,25,150.24,0,0
222,1,0,25,1,26,1,-24,0,0,25,-1,-25,625,24,25,12.166666666666666,1,12.166666666666666,0,25
223,4,0,50,2,27,2,-23,0,0,25,-2,-25,625,23,25,25.673333333333332,2,25.673333333333332,0,25
224,1,0,12,1,13,1,-11,0,0,12,-1,-12,144,11,12,6.192,1,6.192,0,12
225,49,0,133,7,26,7,-12,0,0,19,-7,-19,361,12,19,77.30466666666666,7,77.30466666666666,0,19
226,1,25,0,26,1,-24,1,625,0,25,24,25,0,-1,-25,12.483333333333333,1,12.483333333333333,25,0
227,625,625,0,50,25,0,25,625,0,25,0,25,0,-25,-25,464.31933333333336,25,464.31933333333336,25,0
228,625,0,0,25,25,25,25,0,0,0,-25,0,0,-25,0,149.748,25,149.748,0,0
229,121,0,275,11,36,11,-14,0,0,25,-11,-25,625,14,25,162.51133333333334,11,162.51133333333334,0,25
230,1,0,25,1,26,1,-24,0,0,25,-1,-25,625,24,25,12.833333333333334,1,12.833333333333334,0,25
231,4,0,50,2,27,2,-23,0,0,25,-2,-25,625,23,25,25.68,2,25.68,0,25
232,100,0,0,10,10,10,10,0,0,0,-10,0,0,-10,0,22.513333333333332,10,22.513333333333332,0,0
233,121,0,275,11,36,11,-14,0,0,25,-11,-25,625,14,25,164.306,11,164.306,0,25
234,1,0,12,1,13,1,-11,0,0,12,-1,-12,144,11,12,6.032,1,6.032,0,12
235,625,0,625,25,50,25,0,0,0,25,-25,-25,625,0,25,461.464,25,461.464,0,25
236,100,0,0,10,10,10,10,0,0,0,-10,0,0,-10,0,22.604666666666667,10,22.604666666666667,0,0
237,121,275,0,36,11,-14,11,625,0,25,14,25,0,-11,-25,164.662,11,164.662,25,0
238,1,25,0,26,1,-24,1,625,0,25,24,25,0,-1,-25,12.8,1,12.8,25,0
239,625,625,0,50,25,0,25,625,0,25,0,25,0,-25,-25,458.63866666666667,25,458.63866666666667,25,0
240,100,250,250,35,35,-15,-15,625,625,50,15,0,625,15,0,897.3613333333333,10,272.3613333333333,25,25
241,121,0,0,11,11,11,11,0,0,0,-11,0,0,-11,0,27.496,11,27.496,0,0
242,625,0,0,25,25,25,25,0,0,0,-25,0,0,-25,0,149.84666666666666,25,149.84666666666666,0,0
243,100,0,250,10,35,10,-15,0,0,25,-10,-25,625,15,25,148.74266666666668,10,148.74266666666668,0,25
244,625,0,0,25,25,25,25,0,0,0,-25,0,0,-25,0,149.89866666666666,25,149.89866666666666,0,0
245,169,0,0,13,13,13,13,0,0,0,-13,0,0,-13,0,38.708,13,38.708,0,0
246,1,25,25,26,26,-24,-24,625,625,50,24,0,625,24,0,650.0,1,25.0,25,25
247,1,25,0,26,1,-24,1,625,0,25,24,25,0,-1,-25,12.616666666666667,1,12.616666666666667,25,0
248,1,0,0,1,1,1,1,0,0,0,-1,0,0,-1,0,0.0,1,0.0,0,0
249,4,0,0,2,2,2,2,0,0,0,-2,0,0,-2,0,0.49733333333333335,2,0.49733333333333335,0,0
250,1,0,0,1,1,1,1,0,0,0,-1,0,0,-1,0,0.0,1,0.0,0,0
251,169,0,0,13,13,13,13,0,0,0,-13,0,0,-13,0,38.964,13,38.964,0,0
252,100,250,250,35,35,-15,-15,625,625,50,15,0,625,15,0,897.6113333333333,10,272.6113333333333,25,25
253,100,0,0,10,10,10,10,0,0,0,-10,0,0,-10,0,22.486,10,22.486,0,0
254,121,275,275,36,36,-14,-14,625,625,50,14,0,625,14,0,927.584,11,302.58399999999995,25,25
255,1,25,21,26,22,-24,-20,625,525,46,24,4,441,20,-4,548.072,1,23.072000000000003,25,21
256,625,0,0,25,25,25,25,0,0,0,-25,0,0,-25,0,149.97466666666668,25,149.97466666666668,0,0
257,121,0,0,11,11,11,11,0,0,0,-11,0,0,-11,0,27.497333333333334,11,27.497333333333334,0,0
258,625,0,0,25,25,25,25,0,0,0,-25,0,0,-25,0,150.24,25,150.24,0,0
259,1,0,25,1,26,1,-24,0,0,25,-1,-25,625,24,25,12.166666666666666,1,12.166666666666666,0,25
260,4,0,50,2,27,2,-23,0,0,25,-2,-25,625,23,25,25.673333333333332,2,25.673333333333332,0,25
261,1,0,12,1,13,1,-11,0,0,12,-1,-12,144,11,12,6.192,1,6.192,0,12
262,49,0,133,7,26,7,-12,0,0,19,-7,-19,361,12,19,77.30466666666666,7,77.30466666666666,0,19
263,1,25,0,26,1,-24,1,625,0,25,24,25,0,-1,-25,12.483333333333333,1,12.483333333333333,25,0
264,625,625,0,50,25,0,25,625,0,25,0,25,0,-25,-25,464.31933333333336,25,464.31933333333336,25,0
265,625,0,0,25,25,25,25,0,0,0,-25,0,0,-25,0,149.748,25,149.748,0,0
266,121,0,275,11,36,11,-14,0,0,25,-11,-25,625,14,25,162.51133333333334,11,162.51133333333334,0,25
267,1,0,25,1,26,1,-24,0,0,25,-1,-25,625,24,25,12.833333333333334,1,12.833333333333334,0,25
268,4,0,50,2,27,2,-23,0,0,25,-2,-25,625,23,25,25.68,2,25.68,0,25
269,100,0,0,10,10,10,10,0,0,0,-10,0,0,-10,0,22.513333333333332,10,22.513333333333332,0,0
270,121,0,275,11,36,11,-14,0,0,25,-11,-25,625,14,25,164.306,11,164.306,0,25
271,1,0,12,1,13,1,-11,0,0,12,-1,-12,144,11,12,6.032,1,6.032,0,12
272,625,0,625,25,50,25,0,0,0,25,-25,-25,625,0,25,461.464,25,461.464,0,25
273,100,0,0,10,10,10,10,0,0,0,-10,0,0,-10,0,22.604666666666667,10,22.604666666666667,0,0
274,121,275,0,36,11,-14,11,625,0,25,14,25,0,-11,-25,164.662,11,164.662,25,0
275,1,25,0,26,1,-24,1,625,0,25,24,25,0,-1,-25,12.8,1,12.8,25,0
276,625,625,0,50,25,0,25,625,0,25,0,25,0,-25,-25,458.63866666666667,25,458.63866666666667,25,0
277,100,250,250,35,35,-15,-15,625,625,50,15,0,625,15,0,897.3613333333333,10,272.3613333333333,25,25
278,121,0,0,11,11,11,11,0,0,0,-11,0,0,-11,0,27.496,11,27.496,0,0
279,625,0,0,25,25,25,25,0,0,0,-25,0,0,-25,0,149.84666666666666,25,149.84666666666666,0,0
280,100,0,250,10,35,10,-15,0,0,25,-10,-25,625,15,25,148.74266666666668,10,148.74266666666668,0,25
281,625,0,0,25,25,25,25,0,0,0,-25,0,0,-25,0,149.89866666666666,25,149.89866666666666,0,0
282,169,0,0,13,13,13,13,0,0,0,-13,0,0,-13,0,38.708,13,38.708,0,0
283,1,25,25,26,26,-24,-24,625,625,50,24,0,625,24,0,650.0,1,25.0,25,25
284,1,25,0,26,1,-24,1,625,0,25,24,25,0,-1,-25,12.616666666666667,1,12.616666666666667,25,0
285,1,0,0,1,1,1,1,0,0,0,-1,0,0,-1,0,0.0,1,0.0,0,0
286,4,0,0,2,2,2,2,0,0,0,-2,0,0,-2,0,0.49733333333333335,2,0.49733333333333335,0,0
287,1,0,0,1,1,1,1,0,0,0,-1,0,0,-1,0,0.0,1,0.0,0,0
288,169,0,0,13,13,13,13,0,0,0,-13,0,0,-13,0,38.964,13,38.964,0,0
289,100,250,250,35,35,-15,-15,625,625,50,15,0,625,15,0,897.6113333333333,10,272.6113333333333,25,25
290,100,0,0,10,10,10,10,0,0,0,-10,0,0,-10,0,22.486,10,22.486,0,0
291,121,275,275,36,36,-14,-14,625,625,50,14,0,625,14,0,927.584,11,302.58399999999995,25,25
292,1,25,21,26,22,-24,-20,625,525,46,24,4,441,20,-4,548.072,1,23.072000000000003,25,21
293,625,0,0,25,25,25,25,0,0,0,-25,0,0,-25,0,149.97466666666668,25,149.97466666666668,0,0
294,121,0,0,11,11,11,11,0,0,0,-11,0,0,-11,0,27.497333333333334,11,27.497333333333334,0,0
295,625,0,0,25,25,25,25,0,0,0,-25,0,0,-25,0,150.24,25,150.24,0,0
296,1,0,25,1,26,1,-24,0,0,25,-1,-25,625,24,25,12.166666666666666,1,12.166666666666666,0,25
297,4,0,50,2,27,2,-23,0,0,25,-2,-25,625,23,25,25.673333333333332,2,25.673333333333332,0,25
298,1,0,12,1,13,1,-11,0,0,12,-1,-12,144,11,12,6.192,1,6.192,0,12
299,49,0,133,7,26,7,-12,0,0,19,-7,-19,361,12,19,77.30466666666666,7,77.30466666666666,0,19
300,1,25,0,26,1,-24,1,625,0,25,24,25,0,-1,-25,12.483333333333333,1,12.483333333333333,25,0
301,625,625,0,50,25,0,25,625,0,25,0,25,0,-25,-25,464.31933333333336,25,464.31933333333336,25,0
302,625,0,0,25,25,25,25,0,0,0,-25,0,0,-25,0,149.748,25,149.748,0,0
303,121,0,275,11,36,11,-14,0,0,25,-11,-25,625,14,25,162.51133333333334,11,162.51133333333334,0,25
304,1,0,25,1,26,1,-24,0,0,25,-1,-25,625,24,25,12.833333333333334,1,12.833333333333334,0,25
305,4,0,50,2,27,2,-23,0,0,25,-2,-25,625,23,25,25.68,2,25.68,0,25
306,100,0,0,10,10,10,10,0,0,0,-10,0,0,-10,0,22.513333333333332,10,22.513333333333332,0,0
307,121,0,275,11,36,11,-14,0,0,25,-11,-25,625,14,25,164.306,11,164.306,0,25
308,1,0,12,1,13,1,-11,0,0,12,-1,-12,144,11,12,6.032,1,6.032,0,12
309,625,0,625,25,50,25,0,0,0,25,-25,-25,625,0,25,461.464,25,461.464,0,25
310,100,0,0,10,10,10,10,0,0,0,-10,0,0,-10,0,22.604666666666667,10,22.604666666666667,0,0
311,121,275,0,36,11,-14,11,625,0,25,14,25,0,-11,-25,164.662,11,164.662,25,0
312,1,25,0,26,1,-24,1,625,0,25,24,25,0,-1,-25,12.8,1,12.8,25,0
313,625,625,0,50,25,0,25,625,0,25,0,25,0,-25,-25,458.63866666666667,25,458.63866666666667,25,0
314,100,250,250,35,35,-15,-15,625,625,50,15,0,625,15,0,897.3613333333333,10,272.3613333333333,25,25
315,121,0,0,11,11,11,11,0,0,0,-11,0,0,-11,0,27.496,11,27.496,0,0
316,625,0,0,25,25,25,25,0,0,0,-25,0,0,-25,0,149.84666666666666,25,149.84666666666666,0,0
317,100,0,250,10,35,10,-15,0,0,25,-10,-25,625,15,25,148.74266666666668,10,148.74266666666668,0,25
318,625,0,0,25,25,25,25,0,0,0,-25,0,0,-25,0,149.89866666666666,25,149.89866666666666,0,0
319,169,0,0,13,13,13,13,0,0,0,-13,0,0,-13,0,38.708,13,38.708,0,0
320,1,25,25,26,26,-24,-24,625,625,50,24,0,625,24,0,650.0,1,25.0,25,25
321,1,25,0,26,1,-24,1,625,0,25,24,25,0,-1,-25,12.616666666666667,1,12.616666666666667,25,0
322,1,0,0,1,1,1,1,0,0,0,-1,0,0,-1,0,0.0,1,0.0,0,0
323,4,0,0,2,2,2,2,0,0,0,-2,0,0,-2,0,0.49733333333333335,2,0.49733333333333335,0,0
324,1,0,0,1,1,1,1,0,0,0,-1,0,0,-1,0,0.0,1,0.0,0,0
325,169,0,0,13,13,13,13,0,0,0,-13,0,0,-13,0,38.964,13,38.964,0,0
326,100,250,250,35,35,-15,-15,625,625,50,15,0,625,15,0,897.6113333333333,10,272.6113333333333,25,25
327,100,0,0,10,10,10,10,0,0,0,-10,0,0,-10,0,22.486,10,22.486,0,0
328,121,275,275,36,36,-14,-14,625,625,50,14,0,625,14,0,927.584,11,302.58399999999995,25,25
329,1,25,21,26,22,-24,-20,625,525,46,24,4,441,20,-4,548.072,1,23.072000000000003,25,21
330,625,0,0,25,25,25,25,0,0,0,-25,0,0,-25,0,149.97466666666668,25,149.97466666666668,0,0
331,121,0,0,11,11,11,11,0,0,0,-11,0,0,-11,0,27.497333333333334,11,27.497333333333334,0,0
332,625,0,0,25,25,25,25,0,0,0,-25,0,0,-25,0,150.24,25,150.24,0,0
333,1,0,25,1,26,1,-24,0,0,25,-1,-25,625,24,25,12.166666666666666,1,12.166666666666666,0,25
334,4,0,50,2,27,2,-23,0,0,25,-2,-25,625,23,25,25.673333333333332,2,25.673333333333332,0,25
335,1,0,12,1,13,1,-11,0,0,12,-1,-12,144,11,12,6.192,1,6.192,0,12
336,49,0,133,7,26,7,-12,0,0,19,-7,-19,361,12,19,77.30466666666666,7,77.30466666666666,0,19
337,1,25,0,26,1,-24,1,625,0,25,24,25,0,-1,-25,12.483333333333333,1,12.483333333333333,25,0
338,625,625,0,50,25,0,25,625,0,25,0,25,0,-25,-25,464.31933333333336,25,464.31933333333336,25,0
339,625,0,0,25,25,25,25,0,0,0,-25,0,0,-25,0,149.748,25,149.748,0,0
340,121,0,275,11,36,11,-14,0,0,25,-11,-25,625,14,25,162.51133333333334,11,162.51133333333334,0,25
341,1,0,25,1,26,1,-24,0,0,25,-1,-25,625,24,25,12.833333333333334,1,12.833333333333334,0,25
342,4,0,50,2,27,2,-23,0,0,25,-2,-25,625,23,25,25.68,2,25.68,0,25
343,100,0,0,10,10,10,10,0,0,0,-10,0,0,-10,0,22.513333333333332,10,22.513333333333332,0,0
344,121,0,275,11,36,11,-14,0,0,25,-11,-25,625,14,25,164.306,11,164.306,0,25
345,1,0,12,1,13,1,-11,0,0,12,-1,-12,144,11,12,6.032,1,6.032,0,12
346,625,0,625,25,50,25,0,0,0,25,-25,-25,625,0,25,461.464,25,461.464,0,25
347,100,0,0,10,10,10,10,0,0,0,-10,0,0,-10,0,22.604666666666667,10,22.604666666666667,0,0
348,121,275,0,36,11,-14,11,625,0,25,14,25,0,-11,-25,164.662,11,164.662,25,0
349,1,25,0,26,1,-24,1,625,0,25,24,25,0,-1,-25,12.8,1,12.8,25,0
350,625,625,0,50,25,0,25,625,0,25,0,25,0,-25,-25,458.63866666666667,25,458.63866666666667,25,0
351,100,250,250,35,35,-15,-15,625,625,50,15,0,625,15,0,897.3613333333333,10,272.3613333333333,25,25
352,121,0,0,11,11,11,11,0,0,0,-11,0,0,-11,0,27.496,11,27.496,0,0
353,625,0,0,25,25,25,25,0,0,0,-25,0,0,-25,0,149.84666666666666,25,149.84666666666666,0,0
354,100,0,250,10,35,10,-15,0,0,25,-10,-25,625,15,25,148.74266666666668,10,148.74266666666668,0,25
355,625,0,0,25,25,25,25,0,0,0,-25,0,0,-25,0,149.89866666666666,25,149.89866666666666,0,0
356,169,0,0,13,13,13,13,0,0,0,-13,0,0,-13,0,38.708,13,38.708,0,0
357,1,25,25,26,26,-24,-24,625,625,50,24,0,625,24,0,650.0,1,25.0,25,25
358,1,25,0,26,1,-24,1,625,0,25,24,25,0,-1,-25,12.616666666666667,1,12.616666666666667,25,0
359,1,0,0,1,1,1,1,0,0,0,-1,0,0,-1,0,0.0,1,0.0,0,0
360,4,0,0,2,2,2,2,0,0,0,-2,0,0,-2,0,0.49733333333333335,2,0.49733333333333335,0,0
361,1,0,0,1,1,1,1,0,0,0,-1,0,0,-1,0,0.0,1,0.0,0,0
362,169,0,0,13,13,13,13,0,0,0,-13,0,0,-13,0,38.964,13,38.964,0,0
363,100,250,250,35,35,-15,-15,625,625,50,15,0,625,15,0,897.6113333333333,10,272.6113333333333,25,25
364,100,0,0,10,10,10,10,0,0,0,-10,0,0,-10,0,22.486,10,22.486,0,0
365,121,275,275,36,36,-14,-14,625,625,50,14,0,625,14,0,927.584,11,302.58399999999995,25,25
366,1,25,21,26,22,-24,-20,625,525,46,24,4,441,20,-4,548.072,1,23.072000000000003,25,21
367,625,0,0,25,25,25,25,0,0,0,-25,0,0,-25,0,149.97466666666668,25,149.97466666666668,0,0
368,121,0,0,11,11,11,11,0,0,0,-11,0,0,-11,0,27.497333333333334,11,27.497333333333334,0,0
369,625,0,0,25,25,25,25,0,0,0,-25,0,0,-25,0,150.24,25,150.24,0,0
370,1,0,25,1,26,1,-24,0,0,25,-1,-25,625,24,25,12.166666666666666,1,12.166666666666666,0,25
371,4,0,50,2,27,2,-23,0,0,25,-2,-25,625,23,25,25.673333333333332,2,25.673333333333332,0,25
372,1,0,12,1,13,1,-11,0,0,12,-1,-12,144,11,12,6.192,1,6.192,0,12
373,49,0,133,7,26,7,-12,0,0,19,-7,-19,361,12,19,77.30466666666666,7,77.30466666666666,0,19
374,1,25,0,26,1,-24,1,625,0,25,24,25,0,-1,-25,12.483333333333333,1,12.483333333333333,25,0
375,625,625,0,50,25,0,25,625,0,25,0,25,0,-25,-25,464.31933333333336,25,464.31933333333336,25,0
376,625,0,0,25,25,25,25,0,0,0,-25,0,0,-25,0,149.748,25,149.748,0,0
377,121,0,275,11,36,11,-14,0,0,25,-11,-25,625,14,25,162.51133333333334,11,162.51133333333334,0,25
378,1,0,25,1,26,1,-24,0,0,25,-1,-25,625,24,25,12.833333333333334,1,12.833333333333334,0,25
379,4,0,50,2,27,2,-23,0,0,25,-2,-25,625,23,25,25.68,2,25.68,0,25
380,100,0,0,10,10,10,10,0,0,0,-10,0,0,-10,0,22.513333333333332,10,22.513333333333332,0,0
381,121,0,275,11,36,11,-14,0,0,25,-11,-25,625,14,25,164.306,11,164.306,0,25
382,1,0,12,1,13,1,-11,0,0,12,-1,-12,144,11,12,6.032,1,6.032,0,12
383,625,0,625,25,50,25,0,0,0,25,-25,-25,625,0,25,461.464,25,461.464,0,25
384,100,0,0,10,10,10,10,0,0,0,-10,0,0,-10,0,22.604666666666667,10,22.604666666666667,0,0
385,121,275,0,36,11,-14,11,625,0,25,14,25,0,-11,-25,164.662,11,164.662,25,0
386,1,25,0,26,1,-24,1,625,0,25,24,25,0,-1,-25,12.8,1,12.8,25,0
387,625,625,0,50,25,0,25,625,0,25,0,25,0,-25,-25,458.63866666666667,25,458.63866666666667,25,0
388,100,250,250,35,35,-15,-15,625,625,50,15,0,625,15,0,897.3613333333333,10,272.3613333333333,25,25
389,121,0,0,11,11,11,11,0,0,0,-11,0,0,-11,0,27.496,11,27.496,0,0
390,625,0,0,25,25,25,25,0,0,0,-25,0,0,-25,0,149.84666666666666,25,149.84666666666666,0,0
391,100,0,250,10,35,10,-15,0,0,25,-10,-25,625,15,25,148.74266666666668,10,148.74266666666668,0,25
392,625,0,0,25,25,25,25,0,0,0,-25,0,0,-25,0,149.89866666666666,25,149.89866666666666,0,0
393,169,0,0,13,13,13,13,0,0,0,-13,0,0,-13,0,38.708,13,38.708,0,0
394,1,25,25,26,26,-24,-24,625,625,50,24,0,625,24,0,650.0,1,25.0,25,25
395,1,25,0,26,1,-24,1,625,0,25,24,25,0,-1,-25,12.616666666666667,1,12.616666666666667,25,0
396,1,0,0,1,1,1,1,0,0,0,-1,0,0,-1,0,0.0,1,0.0,0,0
397,4,0,0,2,2,2,2,0,0,0,-2,0,0,-2,0,0.49733333333333335,2,0.49733333333333335,0,0
398,1,0,0,1,1,1,1,0,0,0,-1,0,0,-1,0,0.0,1,0.0,0,0
399,169,0,0,13,13,13,13,0,0,0,-13,0,0,-13,0,38.964,13,38.964,0,0
400,100,250,250,35,35,-15,-15,625,625,50,15,0,625,15,0,897.6113333333333,10,272.6113333333333,25,25
401,100,0,0,10,10,10,10,0,0,0,-10,0,0,-10,0,22.486,10,22.486,0,0
402,121,275,275,36,36,-14,-14,625,625,50,14,0,625,14,0,927.584,11,302.58399999999995,25,25
403,1,25,21,26,22,-24,-20,625,525,46,24,4,441,20,-4,548.072,1,23.072000000000003,25,21
404,625,0,0,25,25,25,25,0,0,0,-25,0,0,-25,0,149.97466666666668,25,149.97466666666668,0,0
405,121,0,0,11,11,11,11,0,0,0,-11,0,0,-11,0,27.497333333333334,11,27.497333333333334,0,0
406,625,0,0,25,25,25,25,0,0,0,-25,0,0,-25,0,150.24,25,150.24,0,0
407,1,0,25,1,26,1,-24,0,0,25,-1,-25,625,24,25,12.166666666666666,1,12.166666666666666,0,25
408,4,0,50,2,27,2,-23,0,0,25,-2,-25,625,23,25,25.673333333333332,2,25.673333333333332,0,25
409,1,0,12,1,13,1,-11,0,0,12,-1,-12,144,11,12,6.192,1,6.192,0,12
410,49,0,133,7,26,7,-12,0,0,19,-7,-19,361,12,19,77.30466666666666,7,77.30466666666666,0,19
411,1,25,0,26,1,-24,1,625,0,25,24,25,0,-1,-25,12.483333333333333,1,12.483333333333333,25,0
412,625,625,0,50,25,0,25,625,0,25,0,25,0,-25,-25,464.31933333333336,25,464.31933333333336,25,0
413,625,0,0,25,25,25,25,0,0,0,-25,0,0,-25,0,149.748,25,149.748,0,0
414,121,0,275,11,36,11,-14,0,0,25,-11,-25,625,14,25,162.51133333333334,11,162.51133333333334,0,25
415,1,0,25,1,26,1,-24,0,0,25,-1,-25,625,24,25,12.833333333333334,1,12.833333333333334,0,25
416,4,0,50,2,27,2,-23,0,0,25,-2,-25,625,23,25,25.68,2,25.68,0,25
417,100,0,0,10,10,10,10,0,0,0,-10,0,0,-10,0,22.513333333333332,10,22.513333333333332,0,0
418,121,0,275,11,36,11,-14,0,0,25,-11,-25,625,14,25,164.306,11,164.306,0,25
419,1,0,12,1,13,1,-11,0,0,12,-1,-12,144,11,12,6.032,1,6.032,0,12
420,625,0,625,25,50,25,0,0,0,25,-25,-25,625,0,25,461.464,25,461.464,0,25
421,100,0,0,10,10,10,10,0,0,0,-10,0,0,-10,0,22.604666666666667,10,22.604666666666667,0,0
422,121,275,0,36,11,-14,11,625,0,25,14,25,0,-11,-25,164.662,11,164.662,25,0
423,1,25,0,26,1,-24,1,625,0,25,24,25,0,-1,-25,12.8,1,12.8,25,0
424,625,625,0,50,25,0,25,625,0,25,0,25,0,-25,-25,458.63866666666667,25,458.63866666666667,25,0
425,100,250,250,35,35,-15,-15,625,625,50,15,0,625,15,0,897.3613333333333,10,272.3613333333333,25,25
426,121,0,0,11,11,11,11,0,0,0,-11,0,0,-11,0,27.496,11,27.496,0,0
427,625,0,0,25,25,25,25,0,0,0,-25,0,0,-25,0,149.84666666666666,25,149.84666666666666,0,0
428,100,0,250,10,35,10,-15,0,0,25,-10,-25,625,15,25,148.74266666666668,10,148.74266666666668,0,25
429,625,0,0,25,25,25,25,0,0,0,-25,0,0,-25,0,149.89866666666666,25,149.89866666666666,0,0
430,169,0,0,13,13,13,13,0,0,0,-13,0,0,-13,0,38.708,13,38.708,0,0
431,1,25,25,26,26,-24,-24,625,625,50,24,0,625,24,0,650.0,1,25.0,25,25
432,1,25,0,26,1,-24,1,625,0,25,24,25,0,-1,-25,12.616666666666667,1,12.616666666666667,25,0
433,1,0,0,1,1,1,1,0,0,0,-1,0,0,-1,0,0.0,1,0.0,0,0
434,4,0,0,2,2,2,2,0,0,0,-2,0,0,-2,0,0.49733333333333335,2,0.49733333333333335,0,0
435,1,0,0,1,1,1,1,0,0,0,-1,0,0,-1,0,0.0,1,0.0,0,0
436,169,0,0,13,13,13,13,0,0,0,-13,0,0,-13,0,38.964,13,38.964,0,0
437,100,250,250,35,35,-15,-15,625,625,50,15,0,625,15,0,897.6113333333333,10,272.6113333333333,25,25
438,100,0,0,10,10,10,10,0,0,0,-10,0,0,-10,0,22.486,10,22.486,0,0
439,121,275,275,36,36,-14,-14,625,625,50,14,0,625,14,0,927.584,11,302.58399999999995,25,25
440,1,25,21,26,22,-24,-20,625,525,46,24,4,441,20,-4,548.072,1,23.072000000000003,25,21
441,625,0,0,25,25,25,25,0,0,0,-25,0,0,-25,0,149.97466666666668,25,149.97466666666668,0,0
442,121,0,0,11,11,11,11,0,0,0,-11,0,0,-11,0,27.497333333333334,11,27.497333333333334,0,0
443,625,0,0,25,25,25,25,0,0,0,-25,0,0,-25,0,150.24,25,150.24,0,0
444,1,0,25,1,26,1,-24,0,0,25,-1,-25,625,24,25,12.166666666666666,1,12.166666666666666,0,25
445,4,0,50,2,27,2,-23,0,0,25,-2,-25,625,23,25,25.673333333333332,2,25.673333333333332,0,25
446,1,0,12,1,13,1,-11,0,0,12,-1,-12,144,11,12,6.192,1,6.192,0,12
447,49,0,133,7,26,7,-12,0,0,19,-7,-19,361,12,19,77.30466666666666,7,77.30466666666666,0,19
448,1,25,0,26,1,-24,1,625,0,25,24,25,0,-1,-25,12.483333333333333,1,12.483333333333333,25,0
449,625,625,0,50,25,0,25,625,0,25,0,25,0,-25,-25,464.31933333333336,25,464.31933333333336,25,0
450,625,0,0,25,25,25,25,0,0,0,-25,0,0,-25,0,149.748,25,149.748,0,0
451,121,0,275,11,36,11,-14,0,0,25,-11,-25,625,14,25,162.51133333333334,11,162.51133333333334,0,25
452,1,0,25,1,26,1,-24,0,0,25,-1,-25,625,24,25,12.833333333333334,1,12.833333333333334,0,25
453,4,0,50,2,27,2,-23,0,0,25,-2,-25,625,23,25,25.68,2,25.68,0,25
454,100,0,0,10,10,10,10,0,0,0,-10,0,0,-10,0,22.513333333333332,10,22.513333333333332,0,0
455,121,0,275,11,36,11,-14,0,0,25,-11,-25,625,14,25,164.306,11,164.306,0,25
456,1,0,12,1,13,1,-11,0,0,12,-1,-12,144,11,12,6.032,1,6.032,0,12
457,625,0,625,25,50,25,0,0,0,25,-25,-25,625,0,25,461.464,25,461.464,0,25
458,100,0,0,10,10,10,10,0,0,0,-10,0,0,-10,0,22.604666666666667,10,22.604666666666667,0,0
459,121,275,0,36,11,-14,11,625,0,25,14,25,0,-11,-25,164.662,11,164.662,25,0
460,1,25,0,26,1,-24,1,625,0,25,24,25,0,-1,-25,12.8,1,12.8,25,0
461,625,625,0,50,25,0,25,625,0,25,0,25,0,-25,-25,458.63866666666667,25,458.63866666666667,25,0
462,100,250,250,35,35,-15,-15,625,625,50,15,0,625,15,0,897.3613333333333,10,272.3613333333333,25,25
463,121,0,0,11,11,11,11,0,0,0,-11,0,0,-11,0,27.496,11,27.496,0,0
464,625,0,0,25,25,25,25,0,0,0,-25,0,0,-25,0,149.84666666666666,25,149.84666666666666,0,0
465,100,0,250,10,35,10,-15,0,0,25,-10,-25,625,15,25,148.74266666666668,10,148.74266666666668,0,25
466,625,0,0,25,25,25,25,0,0,0,-25,0,0,-25,0,149.89866666666666,25,149.89866666666666,0,0
467,169,0,0,13,13,13,13,0,0,0,-13,0,0,-13,0,38.708,13,38.708,0,0
468,1,25,25,26,26,-24,-24,625,625,50,24,0,625,24,0,650.0,1,25.0,25,25
469,1,25,0,26,1,-24,1,625,0,25,24,25,0,-1,-25,12.616666666666667,1,12.616666666666667,25,0
470,1,0,0,1,1,1,1,0,0,0,-1,0,0,-1,0,0.0,1,0.0,0,0
471,4,0,0,2,2,2,2,0,0,0,-2,0,0,-2,0,0.49733333333333335,2,0.49733333333333335,0,0
472,1,0,0,1,1,1,1,0,0,0,-1,0,0,-1,0,0.0,1,0.0,0,0
473,169,0,0,13,13,13,13,0,0,0,-13,0,0,-13,0,38.964,13,38.964,0,0
474,100,250,250,35,35,-15,-15,625,625,50,15,0,625,15,0,897.6113333333333,10,272.6113333333333,25,25
475,100,0,0,10,10,10,10,0,0,0,-10,0,0,-10,0,22.486,10,22.486,0,0
476,121,275,275,36,36,-14,-14,625,625,50,14,0,625,14,0,927.584,11,302.58399999999995,25,25
477,1,25,21,26,22,-24,-20,625,525,46,24,4,441,20,-4,548.072,1,23.072000000000003,25,21
478,625,0,0,25,25,25,25,0,0,0,-25,0,0,-25,0,149.97466666666668,25,149.97466666666668,0,0
479,121,0,0,11,11,11,11,0,0,0,-11,0,0,-11,0,27.497333333333334,11,27.497333333333334,0,0
480,625,0,0,25,25,25,25,0,0,0,-25,0,0,-25,0,150.24,25,150.24,0,0
481,1,0,25,1,26,1,-24,0,0,25,-1,-25,625,24,25,12.166666666666666,1,12.166666666666666,0,25
482,4,0,50,2,27,2,-23,0,0,25,-2,-25,625,23,25,25.673333333333332,2,25.673333333333332,0,25
483,1,0,12,1,13,1,-11,0,0,12,-1,-12,144,11,12,6.192,1,6.192,0,12
484,49,0,133,7,26,7,-12,0,0,19,-7,-19,361,12,19,77.30466666666666,7,77.30466666666666,0,19
485,1,25,0,26,1,-24,1,625,0,25,24,25,0,-1,-25,12.483333333333333,1,12.483333333333333,25,0
486,625,625,0,50,25,0,25,625,0,25,0,25,0,-25,-25,464.31933333333336,25,464.31933333333336,25,0
487,625,0,0,25,25,25,25,0,0,0,-25,0,0,-25,0,149.748,25,149.748,0,0
488,121,0,275,11,36,11,-14,0,0,25,-11,-25,625,14,25,162.51133333333334,11,162.51133333333334,0,25
489,1,0,25,1,26,1,-24,0,0,25,-1,-25,625,24,25,12.833333333333334,1,12.833333333333334,0,25
490,4,0,50,2,27,2,-23,0,0,25,-2,-25,625,23,25,25.68,2,25.68,0,25
491,100,0,0,10,10,10,10,0,0,0,-10,0,0,-10,0,22.513333333333332,10,22.513333333333332,0,0
492,121,0,275,11,36,11,-14,0,0,25,-11,-25,625,14,25,164.306,11,164.306,0,25
493,1,0,12,1,13,1,-11,0,0,12,-1,-12,144,11,12,6.032,1,6.032,0,12
494,625,0,625,25,50,25,0,0,0,25,-25,-25,625,0,25,461.464,25,461.464,0,25
495,100,0,0,10,10,10,10,0,0,0,-10,0,0,-10,0,22.604666666666667,10,22.604666666666667,0,0
496,121,275,0,36,11,-14,11,625,0,25,14,25,0,-11,-25,164.662,11,164.662,25,0
497,1,25,0,26,1,-24,1,625,0,25,24,25,0,-1,-25,12.8,1,12.8,25,0
498,625,625,0,50,25,0,25,625,0,25,0,25,0,-25,-25,458.63866666666667,25,458.63866666666667,25,0
499,100,250,250,35,35,-15,-15,625,625,50,15,0,625,15,0,897.3613333333333,10,272.3613333333333,25,25
500,121,0,0,11,11,11,11,0,0,0,-11,0,0,-11,0,27.496,11,27.496,0,0
501,625,0,0,25,25,25,25,0,0,0,-25,0,0,-25,0,149.84666666666666,25,149.84666666666666,0,0
502,100,0,250,10,35,10,-15,0,0,25,-10,-25,625,15,25,148.74266666666668,10,148.74266666666668,0,25
503,625,0,0,25,25,25,25,0,0,0,-25,0,0,-25,0,149.89866666666666,25,149.89866666666666,0,0
504,169,0,0,13,13,13,13,0,0,0,-13,0,0,-13,0,38.708,13,38.708,0,0
505,1,25,25,26,26,-24,-24,625,625,50,24,0,625,24,0,650.0,1,25.0,25,25
506,1,25,0,26,1,-24,1,625,0,25,24,25,0,-1,-25,12.616666666666667,1,12.616666666666667,25,0
507,1,0,0,1,1,1,1,0,0,0,-1,0,0,-1,0,0.0,1,0.0,0,0
508,4,0,0,2,2,2,2,0,0,0,-2,0,0,-2,0,0.49733333333333335,2,0.49733333333333335,0,0
509,1,0,0,1,1,1,1,0,0,0,-1,0,0,-1,0,0.0,1,0.0,0,0
510,169,0,0,13,13,13,13,0,0,0,-13,0,0,-13,0,38.964,13,38.964,0,0
511,100,250,250,35,35,-15,-15,625,625,50,15,0,625,15,0,897.6113333333333,10,272.6113333333333,25,25
512,100,0,0,10,10,10,10,0,0,0,-10,0,0,-10,0,22.486,10,22.486,0,0
513,121,275,275,36,36,-14,-14,625,625,50,14,0,625,14,0,927.584,11,302.58399999999995,25,25
514,1,25,21,26,22,-24,-20,625,525,46,24,4,441,20,-4,548.072,1,23.072000000000003,25,21
515,625,0,0,25,25,25,25,0,0,0,-25,0,0,-25,0,149.97466666666668,25,149.97466666666668,0,0
516,121,0,0,11,11,11,11,0,0,0,-11,0,0,-11,0,27.497333333333334,11,27.497333333333334,0,0
517,625,0,0,25,25,25,25,0,0,0,-25,0,0,-25,0,150.24,25,150.24,0,0
518,1,0,25,1,26,1,-24,0,0,25,-1,-25,625,24,25,12.166666666666666,1,12.166666666666666,0,25
519,4,0,50,2,27,2,-23,0,0,25,-2,-25,625,23,25,25.673333333333332,2,25.673333333333332,0,25
520,1,0,12,1,13,1,-11,0,0,12,-1,-12,144,11,12,6.192,1,6.192,0,12
521,49,0,133,7,26,7,-12,0,0,19,-7,-19,361,12,19,77.30466666666666,7,77.30466666666666,0,19
522,1,25,0,26,1,-24,1,625,0,25,24,25,0,-1,-25,12.483333333333333,1,12.483333333333333,25,0
523,625,625,0,50,25,0,25,625,0,25,0,25,0,-25,-25,464.31933333333336,25,464.31933333333336,25,0
524,625,0,0,25,25,25,25,0,0,0,-25,0,0,-25,0,149.748,25,149.748,0,0
525,121,0,275,11,36,11,-14,0,0,25,-11,-25,625,14,25,162.51133333333334,11,162.51133333333334,0,25
526,1,0,25,1,26,1,-24,0,0,25,-1,-25,625,24,25,12.833333333333334,1,12.833333333333334,0,25
527,4,0,50,2,27,2,-23,0,0,25,-2,-25,625,23,25,25.68,2,25.68,0,25
528,100,0,0,10,10,10,10,0,0,0,-10,0,0,-10,0,22.513333333333332,10,22.513333333333332,0,0
529,121,0,275,11,36,11,-14,0,0,25,-11,-25,625,14,25,164.306,11,164.306,0,25
530,1,0,12,1,13,1,-11,0,0,12,-1,-12,144,11,12,6.032,1,6.032,0,12
531,625,0,625,25,50,25,0,0,0,25,-25,-25,625,0,25,461.464,25,461.464,0,25
532,100,0,0,10,10,10,10,0,0,0,-10,0,0,-10,0,22.604666666666667,10,22.604666666666667,0,0
533,121,275,0,36,11,-14,11,625,0,25,14,25,0,-11,-25,164.662,11,164.662,25,0
534,1,25,0,26,1,-24,1,625,0,25,24,25,0,-1,-25,12.8,1,12.8,25,0
535,625,625,0,50,25,0,25,625,0,25,0,25,0,-25,-25,458.63866666666667,25,458.63866666666667,25,0
536,100,250,250,35,35,-15,-15,625,625,50,15,0,625,15,0,897.3613333333333,10,272.3613333333333,25,25
537,121,0,0,11,11,11,11,0,0,0,-11,0,0,-11,0,27.496,11,27.496,0,0
538,625,0,0,25,25,25,25,0,0,0,-25,0,0,-25,0,149.84666666666666,25,149.84666666666666,0,0
539,100,0,250,10,35,10,-15,0,0,25,-10,-25,625,15,25,148.74266666666668,10,148.74266666666668,0,25
540,625,0,0,25,25,25,25,0,0,0,-25,0,0,-25,0,149.89866666666666,25,149.89866666666666,0,0
541,169,0,0,13,13,13,13,0,0,0,-13,0,0,-13,0,38.708,13,38.708,0,0
542,1,25,25,26,26,-24,-24,625,625,50,24,0,625,24,0,650.0,1,25.0,25,25
543,1,25,0,26,1,-24,1,625,0,25,24,25,0,-1,-25,12.616666666666667,1,12.616666666666667,25,0
544,1,0,0,1,1,1,1,0,0,0,-1,0,0,-1,0,0.0,1,0.0,0,0
545,4,0,0,2,2,2,2,0,0,0,-2,0,0,-2,0,0.49733333333333335,2,0.49733333333333335,0,0
546,1,0,0,1,1,1,1,0,0,0,-1,0,0,-1,0,0.0,1,0.0,0,0
547,169,0,0,13,13,13,13,0,0,0,-13,0,0,-13,0,38.964,13,38.964,0,0
548,100,250,250,35,35,-15,-15,625,625,50,15,0,625,15,0,897.6113333333333,10,272.6113333333333,25,25
549,100,0,0,10,10,10,10,0,0,0,-10,0,0,-10,0,22.486,10,22.486,0,0
550,121,275,275,36,36,-14,-14,625,625,50,14,0,625,14,0,927.584,11,302.58399999999995,25,25
551,1,25,21,26,22,-24,-20,625,525,46,24,4,441,20,-4,548.072,1,23.072000000000003,25,21
552,625,0,0,25,25,25,25,0,0,0,-25,0,0,-25,0,149.97466666666668,25,149.97466666666668,0,0
553,121,0,0,11,11,11,11,0,0,0,-11,0,0,-11,0,27.497333333333334,11,27.497333333333334,0,0
554,625,0,0,25,25,25,25,0,0,0,-25,0,0,-25,0,150.24,25,150.24,0,0
555,1,0,25,1,26,1,-24,0,0,25,-1,-25,625,24,25,12.166666666666666,1,12.166666666666666,0,25
556,4,0,50,2,27,2,-23,0,0,25,-2,-25,625,23,25,25.673333333333332,2,25.673333333333332,0,25
557,1,0,12,1,13,1,-11,0,0,12,-1,-12,144,11,12,6.192,1,6.192,0,12
558,49,0,133,7,26,7,-12,0,0,19,-7,-19,361,12,19,77.30466666666666,7,77.30466666666666,0,19
559,1,25,0,26,1,-24,1,625,0,25,24,25,0,-1,-25,12.483333333333333,1,12.483333333333333,25,0
560,625,625,0,50,25,0,25,625,0,25,0,25,0,-25,-25,464.31933333333336,25,464.31933333333336,25,0
561,625,0,0,25,25,25,25,0,0,0,-25,0,0,-25,0,149.748,25,149.748,0,0
562,121,0,275,11,36,11,-14,0,0,25,-11,-25,625,14,25,162.51133333333334,11,162.51133333333334,0,25
563,1,0,25,1,26,1,-24,0,0,25,-1,-25,625,24,25,12.833333333333334,1,12.833333333333334,0,25
564,4,0,50,2,27,2,-23,0,0,25,-2,-25,625,23,25,25.68,2,25.68,0,25
565,100,0,0,10,10,10,10,0,0,0,-10,0,0,-10,0,22.513333333333332,10,22.513333333333332,0,0
566,121,0,275,11,36,11,-14,0,0,25,-11,-25,625,14,25,164.306,11,164.306,0,25
567,1,0,12,1,13,1,-11,0,0,12,-1,-12,144,11,12,6.032,1,6.032,0,12
568,625,0,625,25,50,25,0,0,0,25,-25,-25,625,0,25,461.464,25,461.464,0,25
569,100,0,0,10,10,10,10,0,0,0,-10,0,0,-10,0,22.604666666666667,10,22.604666666666667,0,0
570,121,275,0,36,11,-14,11,625,0,25,14,25,0,-11,-25,164.662,11,164.662,25,0
571,1,25,0,26,1,-24,1,625,0,25,24,25,0,-1,-25,12.8,1,12.8,25,0
572,625,625,0,50,25,0,25,625,0,25,0,25,0,-25,-25,458.63866666666667,25,458.63866666666667,25,0
573,100,250,250,35,35,-15,-15,625,625,50,15,0,625,15,0,897.3613333333333,10,272.3613333333333,25,25
574,121,0,0,11,11,11,11,0,0,0,-11,0,0,-11,0,27.496,11,27.496,0,0
575,625,0,0,25,25,25,25,0,0,0,-25,0,0,-25,0,149.84666666666666,25,149.84666666666666,0,0
576,100,0,250,10,35,10,-15,0,0,25,-10,-25,625,15,25,148.74266666666668,10,148.74266666666668,0,25
577,625,0,0,25,25,25,25,0,0,0,-25,0,0,-25,0,149.89866666666666,25,149.89866666666666,0,0
578,169,0,0,13,13,13,13,0,0,0,-13,0,0,-13,0,38.708,13,38.708,0,0
579,1,25,25,26,26,-24,-24,625,625,50,24,0,625,24,0,650.0,1,25.0,25,25
580,1,25,0,26,1,-24,1,625,0,25,24,25,0,-1,-25,12.616666666666667,1,12.616666666666667,25,0
581,1,0,0,1,1,1,1,0,0,0,-1,0,0,-1,0,0.0,1,0.0,0,0
582,4,0,0,2,2,2,2,0,0,0,-2,0,0,-2,0,0.49733333333333335,2,0.49733333333333335,0,0
583,1,0,0,1,1,1,1,0,0,0,-1,0,0,-1,0,0.0,1,0.0,0,0
584,169,0,0,13,13,13,13,0,0,0,-13,0,0,-13,0,38.964,13,38.964,0,0
585,100,250,250,35,35,-15,-15,625,625,50,15,0,625,15,0,897.6113333333333,10,272.6113333333333,25,25
586,100,0,0,10,10,10,10,0,0,0,-10,0,0,-10,0,22.486,10,22.486,0,0
587,121,275,275,36,36,-14,-14,625,625,50,14,0,625,14,0,927.584,11,302.58399999999995,25,25
588,1,25,21,26,22,-24,-20,625,525,46,24,4,441,20,-4,548.072,1,23.072000000000003,25,21
589,625,0,0,25,25,25,25,0,0,0,-25,0,0,-25,0,149.97466666666668,25,149.97466666666668,0,0
590,121,0,0,11,11,11,11,0,0,0,-11,0,0,-11,0,27.497333333333334,11,27.497333333333334,0,0
591,625,0,0,25,25,25,25,0,0,0,-25,0,0,-25,0,150.24,25,150.24,0,0
592,1,0,25,1,26,1,-24,0,0,25,-1,-25,625,24,25,12.166666666666666,1,12.166666666666666,0,25
593,4,0,50,2,27,2,-23,0,0,25,-2,-25,625,23,25,25.673333333333332,2,25.673333333333332,0,25
594,1,0,12,1,13,1,-11,0,0,12,-1,-12,144,11,12,6.192,1,6.192,0,12
595,49,0,133,7,26,7,-12,0,0,19,-7,-19,361,12,19,77.30466666666666,7,77.30466666666666,0,19
596,1,25,0,26,1,-24,1,625,0,25,24,25,0,-1,-25,12.483333333333333,1,12.483333333333333,25,0
597,625,625,0,50,25,0,25,625,0,25,0,25,0,-25,-25,464.31933333333336,25,464.31933333333336,25,0
598,625,0,0,25,25,25,25,0,0,0,-25,0,0,-25,0,149.748,25,149.748,0,0
599,121,0,275,11,36,11,-14,0,0,25,-11,-25,625,14,25,162.51133333333334,11,162.51133333333334,0,25
600,1,0,25,1,26,1,-24,0,0,25,-1,-25,625,24,25,12.833333333333334,1,12.833333333333334,0,25
601,4,0,50,2,27,2,-23,0,0,25,-2,-25,625,23,25,25.68,2,25.68,0,25
602,100,0,0,10,10,10,10,0,0,0,-10,0,0,-10,0,22.513333333333332,10,22.513333333333332,0,0
603,121,0,275,11,36,11,-14,0,0,25,-11,-25,625,14,25,164.306,11,164.306,0,25
604,1,0,12,1,13,1,-11,0,0,12,-1,-12,144,11,12,6.032,1,6.032,0,12
605,625,0,625,25,50,25,0,0,0,25,-25,-25,625,0,25,461.464,25,461.464,0,25
606,100,0,0,10,10,10,10,0,0,0,-10,0,0,-10,0,22.604666666666667,10,22.604666666666667,0,0
607,121,275,0,36,11,-14,11,625,0,25,14,25,0,-11,-25,164.662,11,164.662,25,0
608,1,25,0,26,1,-24,1,625,0,25,24,25,0,-1,-25,12.8,1,12.8,25,0
609,625,625,0,50,25,0,25,625,0,25,0,25,0,-25,-25,458.63866666666667,25,458.63866666666667,25,0
610,100,250,250,35,35,-15,-15,625,625,50,15,0,625,15,0,897.3613333333333,10,272.3613333333333,25,25
611,121,0,0,11,11,11,11,0,0,0,-11,0,0,-11,0,27.496,11,27.496,0,0
612,625,0,0,25,25,25,25,0,0,0,-25,0,0,-25,0,149.84666666666666,25,149.84666666666666,0,0
613,100,0,250,10,35,10,-15,0,0,25,-10,-25,625,15,25,148.74266666666668,10,148.74266666666668,0,25
614,625,0,0,25,25,25,25,0,0,0,-25,0,0,-25,0,149.89866666666666,25,149.89866666666666,0,0
615,169,0,0,13,13,13,13,0,0,0,-13,0,0,-13,0,38.708,13,38.708,0,0
616,1,25,25,26,26,-24,-24,625,625,50,24,0,625,24,0,650.0,1,25.0,25,25
617,1,25,0,26,1,-24,1,625,0,25,24,25,0,-1,-25,12.616666666666667,1,12.616666666666667,25,0
618,1,0,0,1,1,1,1,0,0,0,-1,0,0,-1,0,0.0,1,0.0,0,0
619,4,0,0,2,2,2,2,0,0,0,-2,0,0,-2,0,0.49733333333333335,2,0.49733333333333335,0,0
620,1,0,0,1,1,1,1,0,0,0,-1,0,0,-1,0,0.0,1,0.0,0,0
621,169,0,0,13,13,13,13,0,0,0,-13,0,0,-13,0,38.964,13,38.964,0,0
622,100,250,250,35,35,-15,-15,625,625,50,15,0,625,15,0,897.6113333333333,10,272.6113333333333,25,25
623,100,0,0,10,10,10,10,0,0,0,-10,0,0,-10,0,22.486,10,22.486,0,0
624,121,275,275,36,36,-14,-14,625,625,50,14,0,625,14,0,927.584,11,302.58399999999995,25,25
625,1,25,21,26,22,-24,-20,625,525,46,24,4,441,20,-4,548.072,1,23.072000000000003,25,21
626,625,0,0,25,25,25,25,0,0,0,-25,0,0,-25,0,149.97466666666668,25,149.97466666666668,0,0
627,121,0,0,11,11,11,11,0,0,0,-11,0,0,-11,0,27.497333333333334,11,27.497333333333334,0,0
628,625,0,0,25,25,25,25,0,0,0,-25,0,0,-25,0,150.24,25,150.24,0,0
629,1,0,25,1,26,1,-24,0,0,25,-1,-25,625,24,25,12.166666666666666,1,12.166666666666666,0,25
630,4,0,50,2,27,2,-23,0,0,25,-2,-25,625,23,25,25.673333333333332,2,25.673333333333332,0,25
631,1,0,12,1,13,1,-11,0,0,12,-1,-12,144,11,12,6.192,1,6.192,0,12
632,49,0,133,7,26,7,-12,0,0,19,-7,-19,361,12,19,77.30466666666666,7,77.30466666666666,0,19
633,1,25,0,26,1,-24,1,625,0,25,24,25,0,-1,-25,12.483333333333333,1,12.483333333333333,25,0
634,625,625,0,50,25,0,25,625,0,25,0,25,0,-25,-25,464.31933333333336,25,464.31933333333336,25,0
635,625,0,0,25,25,25,25,0,0,0,-25,0,0,-25,0,149.748,25,149.748,0,0
636,121,0,275,11,36,11,-14,0,0,25,-11,-25,625,14,25,162.51133333333334,11,162.51133333333334,0,25
637,1,0,25,1,26,1,-24,0,0,25,-1,-25,625,24,25,12.833333333333334,1,12.833333333333334,0,25
638,4,0,50,2,27,2,-23,0,0,25,-2,-25,625,23,25,25.68,2,25.68,0,25
639,100,0,0,10,10,10,10,0,0,0,-10,0,0,-10,0,22.513333333333332,10,22.513333333333332,0,0
640,121,0,275,11,36,11,-14,0,0,25,-11,-25,625,14,25,164.306,11,164.306,0,25
641,1,0,12,1,13,1,-11,0,0,12,-1,-12,144,11,12,6.032,1,6.032,0,12
642,625,0,625,25,50,25,0,0,0,25,-25,-25,625,0,25,461.464,25,461.464,0,25
643,100,0,0,10,10,10,10,0,0,0,-10,0,0,-10,0,22.604666666666667,10,22.604666666666667,0,0
644,121,275,0,36,11,-14,11,625,0,25,14,25,0,-11,-25,164.662,11,164.662,25,0
645,1,25,0,26,1,-24,1,625,0,25,24,25,0,-1,-25,12.8,1,12.8,25,0
646,625,625,0,50,25,0,25,625,0,25,0,25,0,-25,-25,458.63866666666667,25,458.63866666666667,25,0
647,100,250,250,35,35,-15,-15,625,625,50,15,0,625,15,0,897.3613333333333,10,272.3613333333333,25,25
648,121,0,0,11,11,11,11,0,0,0,-11,0,0,-11,0,27.496,11,27.496,0,0
649,625,0,0,25,25,25,25,0,0,0,-25,0,0,-25,0,149.84666666666666,25,149.84666666666666,0,0
650,100,0,250,10,35,10,-15,0,0,25,-10,-25,625,15,25,148.74266666666668,10,148.74266666666668,0,25
651,625,0,0,25,25,25,25,0,0,0,-25,0,0,-25,0,149.89866666666666,25,149.89866666666666,0,0
652,169,0,0,13,13,13,13,0,0,0,-13,0,0,-13,0,38.708,13,38.708,0,0
653,1,25,25,26,26,-24,-24,625,625,50,24,0,625,24,0,650.0,1,25.0,25,25
654,1,25,0,26,1,-24,1,625,0,25,24,25,0,-1,-25,12.616666666666667,1,12.616666666666667,25,0
655,1,0,0,1,1,1,1,0,0,0,-1,0,0,-1,0,0.0,1,0.0,0,0
656,4,0,0,2,2,2,2,0,0,0,-2,0,0,-2,0,0.49733333333333335,2,0.49733333333333335,0,0
657,1,0,0,1,1,1,1,0,0,0,-1,0,0,-1,0,0.0,1,0.0,0,0
658,169,0,0,13,13,13,13,0,0,0,-13,0,0,-13,0,38.964,13,38.964,0,0
659,100,250,250,35,35,-15,-15,625,625,50,15,0,625,15,0,897.6113333333333,10,272.6113333333333,25,25
660,100,0,0,10,10,10,10,0,0,0,-10,0,0,-10,0,22.486,10,22.486,0,0
661,121,275,275,36,36,-14,-14,625,625,50,14,0,625,14,0,927.584,11,302.58399999999995,25,25
662,1,25,21,26,22,-24,-20,625,525,46,24,4,441,20,-4,548.072,1,23.072000000000003,25,21
663,625,0,0,25,25,25,25,0,0,0,-25,0,0,-25,0,149.97466666666668,25,149.97466666666668,0,0
664,121,0,0,11,11,11,11,0,0,0,-11,0,0,-11,0,27.497333333333334,11,27.497333333333334,0,0
665,625,0,0,25,25,25,25,0,0,0,-25,0,0,-25,0,150.24,25,150.24,0,0
666,1,0,25,1,26,1,-24,0,0,25,-1,-25,625,24,25,12.166666666666666,1,12.166666666666666,0,25
667,4,0,50,2,27,2,-23,0,0,25,-2,-25,625,23,25,25.673333333333332,2,25.673333333333332,0,25
668,1,0,12,1,13,1,-11,0,0,12,-1,-12,144,11,12,6.192,1,6.192,0,12
669,49,0,133,7,26,7,-12,0,0,19,-7,-19,361,12,19,77.30466666666666,7,77.30466666666666,0,19
670,1,25,0,26,1,-24,1,625,0,25,24,25,0,-1,-25,12.483333333333333,1,12.483333333333333,25,0
671,625,625,0,50,25,0,25,625,0,25,0,25,0,-25,-25,464.31933333333336,25,464.31933333333336,25,0
672,625,0,0,25,25,25,25,0,0,0,-25,0,0,-25,0,149.748,25,149.748,0,0
673,121,0,275,11,36,11,-14,0,0,25,-11,-25,625,14,25,162.51133333333334,11,162.51133333333334,0,25
674,1,0,25,1,26,1,-24,0,0,25,-1,-25,625,24,25,12.833333333333334,1,12.833333333333334,0,25
675,4,0,50,2,27,2,-23,0,0,25,-2,-25,625,23,25,25.68,2,25.68,0,25
676,100,0,0,10,10,10,10,0,0,0,-10,0,0,-10,0,22.513333333333332,10,22.513333333333332,0,0
677,121,0,275,11,36,11,-14,0,0,25,-11,-25,625,14,25,164.306,11,164.306,0,25
678,1,0,12,1,13,1,-11,0,0,12,-1,-12,144,11,12,6.032,1,6.032,0,12
679,625,0,625,25,50,25,0,0,0,25,-25,-25,625,0,25,461.464,25,461.464,0,25
680,100,0,0,10,10,10,10,0,0,0,-10,0,0,-10,0,22.604666666666667,10,22.604666666666667,0,0
681,121,275,0,36,11,-14,11,625,0,25,14,25,0,-11,-25,164.662,11,164.662,25,0
682,1,25,0,26,1,-24,1,625,0,25,24,25,0,-1,-25,12.8,1,12.8,25,0
683,625,625,0,50,25,0,25,625,0,25,0,25,0,-25,-25,458.63866666666667,25,458.63866666666667,25,0
684,100,250,250,35,35,-15,-15,625,625,50,15,0,625,15,0,897.3613333333333,10,272.3613333333333,25,25
685,121,0,0,11,11,11,11,0,0,0,-11,0,0,-11,0,27.496,11,27.496,0,0
686,625,0,0,25,25,25,25,0,0,0,-25,0,0,-25,0,149.84666666666666,25,149.84666666666666,0,0
687,100,0,250,10,35,10,-15,0,0,25,-10,-25,625,15,25,148.74266666666668,10,148.74266666666668,0,25
688,625,0,0,25,25,25,25,0,0,0,-25,0,0,-25,0,149.89866666666666,25,149.89866666666666,0,0
689,169,0,0,13,13,13,13,0,0,0,-13,0,0,-13,0,38.708,13,38.708,0,0
690,1,25,25,26,26,-24,-24,625,625,50,24,0,625,24,0,650.0,1,25.0,25,25
691,1,25,0,26,1,-24,1,625,0,25,24,25,0,-1,-25,12.616666666666667,1,12.616666666666667,25,0
692,1,0,0,1,1,1,1,0,0,0,-1,0,0,-1,0,0.0,1,0.0,0,0
693,4,0,0,2,2,2,2,0,0,0,-2,0,0,-2,0,0.49733333333333335,2,0.49733333333333335,0,0
694,1,0,0,1,1,1,1,0,0,0,-1,0,0,-1,0,0.0,1,0.0,0,0
695,169,0,0,13,13,13,13,0,0,0,-13,0,0,-13,0,38.964,13,38.964,0,0
696,100,250,250,35,35,-15,-15,625,625,50,15,0,625,15,0,897.6113333333333,10,272.6113333333333,25,25
697,100,0,0,10,10,10,10,0,0,0,-10,0,0,-10,0,22.486,10,22.486,0,0
698,121,275,275,36,36,-14,-14,625,625,50,14,0,625,14,0,927.584,11,302.58399999999995,25,25
699,1,25,21,26,22,-24,-20,625,525,46,24,4,441,20,-4,548.072,1,23.072000000000003,25,21
700,625,0,0,25,25,25,25,0,0,0,-25,0,0,-25,0,149.97466666666668,25,149.97466666666668,0,0
701,121,0,0,11,11,11,11,0,0,0,-11,0,0,-11,0,27.497333333333334,11,27.497333333333334,0,0
702,625,0,0,25,25,25,25,0,0,0,-25,0,0,-25,0,150.24,25,150.24,0,0
703,1,0,25,1,26,1,-24,0,0,25,-1,-25,625,24,25,12.166666666666666,1,12.166666666666666,0,25
704,4,0,50,2,27,2,-23,0,0,25,-2,-25,625,23,25,25.673333333333332,2,25.673333333333332,0,25
705,1,0,12,1,13,1,-11,0,0,12,-1,-12,144,11,12,6.192,1,6.192,0,12
706,49,0,133,7,26,7,-12,0,0,19,-7,-19,361,12,19,77.30466666666666,7,77.30466666666666,0,19
707,1,25,0,26,1,-24,1,625,0,25,24,25,0,-1,-25,12.483333333333333,1,12.483333333333333,25,0
708,625,625,0,50,25,0,25,625,0,25,0,25,0,-25,-25,464.31933333333336,25,464.31933333333336,25,0
709,625,0,0,25,25,25,25,0,0,0,-25,0,0,-25,0,149.748,25,149.748,0,0
710,121,0,275,11,36,11,-14,0,0,25,-11,-25,625,14,25,162.51133333333334,11,162.51133333333334,0,25
711,1,0,25,1,26,1,-24,0,0,25,-1,-25,625,24,25,12.833333333333334,1,12.833333333333334,0,25
712,4,0,50,2,27,2,-23,0,0,25,-2,-25,625,23,25,25.68,2,25.68,0,25
713,100,0,0,10,10,10,10,0,0,0,-10,0,0,-10,0,22.513333333333332,10,22.513333333333332,0,0
714,121,0,275,11,36,11,-14,0,0,25,-11,-25,625,14,25,164.306,11,164.306,0,25
715,1,0,12,1,13,1,-11,0,0,12,-1,-12,144,11,12,6.032,1,6.032,0,12
716,625,0,625,25,50,25,0,0,0,25,-25,-25,625,0,25,461.464,25,461.464,0,25
717,100,0,0,10,10,10,10,0,0,0,-10,0,0,-10,0,22.604666666666667,10,22.604666666666667,0,0
718,121,275,0,36,11,-14,11,625,0,25,14,25,0,-11,-25,164.662,11,164.662,25,0
719,1,25,0,26,1,-24,1,625,0,25,24,25,0,-1,-25,12.8,1,12.8,25,0
720,625,625,0,50,25,0,25,625,0,25,0,25,0,-25,-25,458.63866666666667,25,458.63866666666667,25,0
721,100,250,250,35,35,-15,-15,625,625,50,15,0,625,15,0,897.3613333333333,10,272.3613333333333,25,25
722,121,0,0,11,11,11,11,0,0,0,-11,0,0,-11,0,27.496,11,27.496,0,0
723,625,0,0,25,25,25,25,0,0,0,-25,0,0,-25,0,149.84666666666666,25,149.84666666666666,0,0
724,100,0,250,10,35,10,-15,0,0,25,-10,-25,625,15,25,148.74266666666668,10,148.74266666666668,0,25
725,625,0,0,25,25,25,25,0,0,0,-25,0,0,-25,0,149.89866666666666,25,149.89866666666666,0,0
726,169,0,0,13,13,13,13,0,0,0,-13,0,0,-13,0,38.708,13,38.708,0,0
727,1,25,25,26,26,-24,-24,625,625,50,24,0,625,24,0,650.0,1,25.0,25,25
728,1,25,0,26,1,-24,1,625,0,25,24,25,0,-1,-25,12.616666666666667,1,12.616666666666667,25,0
729,1,0,0,1,1,1,1,0,0,0,-1,0,0,-1,0,0.0,1,0.0,0,0
730,4,0,0,2,2,2,2,0,0,0,-2,0,0,-2,0,0.49733333333333335,2,0.49733333333333335,0,0
731,1,0,0,1,1,1,1,0,0,0,-1,0,0,-1,0,0.0,1,0.0,0,0
732,169,0,0,13,13,13,13,0,0,0,-13,0,0,-13,0,38.964,13,38.964,0,0
733,100,250,250,35,35,-15,-15,625,625,50,15,0,625,15,0,897.6113333333333,10,272.6113333333333,25,25
734,100,0,0,10,10,10,10,0,0,0,-10,0,0,-10,0,22.486,10,22.486,0,0
735,121,275,275,36,36,-14,-14,625,625,50,14,0,625,14,0,927.584,11,302.58399999999995,25,25
736,1,25,21,26,22,-24,-20,625,525,46,24,4,441,20,-4,548.072,1,23.072000000000003,25,21
737,625,0,0,25,25,25,25,0,0,0,-25,0,0,-25,0,149.97466666666668,25,149.97466666666668,0,0
738,121,0,0,11,11,11,11,0,0,0,-11,0,0,-11,0,27.497333333333334,11,27.497333333333334,0,0
739,625,0,0,25,25,25,25,0,0,0,-25,0,0,-25,0,150.24,25,150.24,0,0
740,1,0,25,1,26,1,-24,0,0,25,-1,-25,625,24,25,12.166666666666666,1,12.166666666666666,0,25
741,4,0,50,2,27,2,-23,0,0,25,-2,-25,625,23,25,25.673333333333332,2,25.673333333333332,0,25
742,1,0,12,1,13,1,-11,0,0,12,-1,-12,144,11,12,6.192,1,6.192,0,12
743,49,0,133,7,26,7,-12,0,0,19,-7,-19,361,12,19,77.30466666666666,7,77.30466666666666,0,19
744,1,25,0,26,1,-24,1,625,0,25,24,25,0,-1,-25,12.483333333333333,1,12.483333333333333,25,0
745,625,625,0,50,25,0,25,625,0,25,0,25,0,-25,-25,464.31933333333336,25,464.31933333333336,25,0
746,625,0,0,25,25,25,25,0,0,0,-25,0,0,-25,0,149.748,25,149.748,0,0
747,121,0,275,11,36,11,-14,0,0,25,-11,-25,625,14,25,162.51133333333334,11,162.51133333333334,0,25
748,1,0,25,1,26,1,-24,0,0,25,-1,-25,625,24,25,12.833333333333334,1,12.833333333333334,0,25
749,4,0,50,2,27,2,-23,0,0,25,-2,-25,625,23,25,25.68,2,25.68,0,25
750,100,0,0,10,10,10,10,0,0,0,-10,0,0,-10,0,22.513333333333332,10,22.513333333333332,0,0
751,121,0,275,11,36,11,-14,0,0,25,-11,-25,625,14,25,164.306,11,164.306,0,25
752,1,0,12,1,13,1,-11,0,0,12,-1,-12,144,11,12,6.032,1,6.032,0,12
753,625,0,625,25,50,25,0,0,0,25,-25,-25,625,0,25,461.464,25,461.464,0,25
754,100,0,0,10,10,10,10,0,0,0,-10,0,0,-10,0,22.604666666666667,10,22.604666666666667,0,0
755,121,275,0,36,11,-14,11,625,0,25,14,25,0,-11,-25,164.662,11,164.662,25,0
756,1,25,0,26,1,-24,1,625,0,25,24,25,0,-1,-25,12.8,1,12.8,25,0
757,625,625,0,50,25,0,25,625,0,25,0,25,0,-25,-25,458.63866666666667,25,458.63866666666667,25,0
758,100,250,250,35,35,-15,-15,625,625,50,15,0,625,15,0,897.3613333333333,10,272.3613333333333,25,25
759,121,0,0,11,11,11,11,0,0,0,-11,0,0,-11,0,27.496,11,27.496,0,0
760,625,0,0,25,25,25,25,0,0,0,-25,0,0,-25,0,149.84666666666666,25,149.84666666666666,0,0
761,100,0,250,10,35,10,-15,0,0,25,-10,-25,625,15,25,148.74266666666668,10,148.74266666666668,0,25
762,625,0,0,25,25,25,25,0,0,0,-25,0,0,-25,0,149.89866666666666,25,149.89866666666666,0,0
763,169,0,0,13,13,13,13,0,0,0,-13,0,0,-13,0,38.708,13,38.708,0,0
764,1,25,25,26,26,-24,-24,625,625,50,24,0,625,24,0,650.0,1,25.0,25,25
765,1,25,0,26,1,-24,1,625,0,25,24,25,0,-1,-25,12.616666666666667,1,12.616666666666667,25,0
766,1,0,0,1,1,1,1,0,0,0,-1,0,0,-1,0,0.0,1,0.0,0,0
767,4,0,0,2,2,2,2,0,0,0,-2,0,0,-2,0,0.49733333333333335,2,0.49733333333333335,0,0
768,1,0,0,1,1,1,1,0,0,0,-1,0,0,-1,0,0.0,1,0.0,0,0
769,169,0,0,13,13,13,13,0,0,0,-13,0,0,-13,0,38.964,13,38.964,0,0
770,100,250,250,35,35,-15,-15,625,625,50,15,0,625,15,0,897.6113333333333,10,272.6113333333333,25,25
771,100,0,0,10,10,10,10,0,0,0,-10,0,0,-10,0,22.486,10,22.486,0,0
772,121,275,275,36,36,-14,-14,625,625,50,14,0,625,14,0,927.584,11,302.58399999999995,25,25
773,1,25,21,26,22,-24,-20,625,525,46,24,4,441,20,-4,548.072,1,23.072000000000003,25,21
774,625,0,0,25,25,25,25,0,0,0,-25,0,0,-25,0,149.97466666666668,25,149.97466666666668,0,0
775,121,0,0,11,11,11,11,0,0,0,-11,0,0,-11,0,27.497333333333334,11,27.497333333333334,0,0
776,625,0,0,25,25,25,25,0,0,0,-25,0,0,-25,0,150.24,25,150.24,0,0
777,1,0,25,1,26,1,-24,0,0,25,-1,-25,625,24,25,12.166666666666666,1,12.166666666666666,0,25
778,4,0,50,2,27,2,-23,0,0,25,-2,-25,625,23,25,25.673333333333332,2,25.673333333333332,0,25
779,1,0,12,1,13,1,-11,0,0,12,-1,-12,144,11,12,6.192,1,6.192,0,12
780,49,0,133,7,26,7,-12,0,0,19,-7,-19,361,12,19,77.30466666666666,7,77.30466666666666,0,19
781,1,25,0,26,1,-24,1,625,0,25,24,25,0,-1,-25,12.483333333333333,1,12.483333333333333,25,0
782,625,625,0,50,25,0,25,625,0,25,0,25,0,-25,-25,464.31933333333336,25,464.31933333333336,25,0
783,625,0,0,25,25,25,25,0,0,0,-25,0,0,-25,0,149.748,25,149.748,0,0
784,121,0,275,11,36,11,-14,0,0,25,-11,-25,625,14,25,162.51133333333334,11,162.51133333333334,0,25
785,1,0,25,1,26,1,-24,0,0,25,-1,-25,625,24,25,12.833333333333334,1,12.833333333333334,0,25
786,4,0,50,2,27,2,-23,0,0,25,-2,-25,625,23,25,25.68,2,25.68,0,25
787,100,0,0,10,10,10,10,0,0,0,-10,0,0,-10,0,22.513333333333332,10,22.513333333333332,0,0
788,121,0,275,11,36,11,-14,0,0,25,-11,-25,625,14,25,164.306,11,164.306,0,25
789,1,0,12,1,13,1,-11,0,0,12,-1,-12,144,11,12,6.032,1,6.032,0,12
790,625,0,625,25,50,25,0,0,0,25,-25,-25,625,0,25,461.464,25,461.464,0,25
791,100,0,0,10,10,10,10,0,0,0,-10,0,0,-10,0,22.604666666666667,10,22.604666666666667,0,0
792,121,275,0,36,11,-14,11,625,0,25,14,25,0,-11,-25,164.662,11,164.662,25,0
793,1,25,0,26,1,-24,1,625,0,25,24,25,0,-1,-25,12.8,1,12.8,25,0
794,625,625,0,50,25,0,25,625,0,25,0,25,0,-25,-25,458.63866666666667,25,458.63866666666667,25,0
795,100,250,250,35,35,-15,-15,625,625,50,15,0,625,15,0,897.3613333333333,10,272.3613333333333,25,25
796,121,0,0,11,11,11,11,0,0,0,-11,0,0,-11,0,27.496,11,27.496,0,0
797,625,0,0,25,25,25,25,0,0,0,-25,0,0,-25,0,149.84666666666666,25,149.84666666666666,0,0
798,100,0,250,10,35,10,-15,0,0,25,-10,-25,625,15,25,148.74266666666668,10,148.74266666666668,0,25
799,625,0,0,25,25,25,25,0,0,0,-25,0,0,-25,0,149.89866666666666,25,149.89866666666666,0,0
800,169,0,0,13,13,13,13,0,0,0,-13,0,0,-13,0,38.708,13,38.708,0,0
801,1,25,25,26,26,-24,-24,625,625,50,24,0,625,24,0,650.0,1,25.0,25,25
802,1,25,0,26,1,-24,1,625,0,25,24,25,0,-1,-25,12.616666666666667,1,12.616666666666667,25,0
803,1,0,0,1,1,1,1,0,0,0,-1,0,0,-1,0,0.0,1,0.0,0,0
804,4,0,0,2,2,2,2,0,0,0,-2,0,0,-2,0,0.49733333333333335,2,0.49733333333333335,0,0
805,1,0,0,1,1,1,1,0,0,0,-1,0,0,-1,0,0.0,1,0.0,0,0
806,169,0,0,13,13,13,13,0,0,0,-13,0,0,-13,0,38.964,13,38.964,0,0
807,100,250,250,35,35,-15,-15,625,625,50,15,0,625,15,0,897.6113333333333,10,272.6113333333333,25,25
808,100,0,0,10,10,10,10,0,0,0,-10,0,0,-10,0,22.486,10,22.486,0,0
809,121,275,275,36,36,-14,-14,625,625,50,14,0,625,14,0,927.584,11,302.58399999999995,25,25
810,1,25,21,26,22,-24,-20,625,525,46,24,4,441,20,-4,548.072,1,23.072000000000003,25,21
811,625,0,0,25,25,25,25,0,0,0,-25,0,0,-25,0,149.97466666666668,25,149.97466666666668,0,0
812,121,0,0,11,11,11,11,0,0,0,-11,0,0,-11,0,27.497333333333334,11,27.497333333333334,0,0
813,625,0,0,25,25,25,25,0,0,0,-25,0,0,-25,0,150.24,25,150.24,0,0
814,1,0,25,1,26,1,-24,0,0,25,-1,-25,625,24,25,12.166666666666666,1,12.166666666666666,0,25
815,4,0,50,2,27,2,-23,0,0,25,-2,-25,625,23,25,25.673333333333332,2,25.673333333333332,0,25
816,1,0,12,1,13,1,-11,0,0,12,-1,-12,144,11,12,6.192,1,6.192,0,12
817,49,0,133,7,26,7,-12,0,0,19,-7,-19,361,12,19,77.30466666666666,7,77.30466666666666,0,19
818,1,25,0,26,1,-24,1,625,0,25,24,25,0,-1,-25,12.483333333333333,1,12.483333333333333,25,0
819,625,625,0,50,25,0,25,625,0,25,0,25,0,-25,-25,464.31933333333336,25,464.31933333333336,25,0
820,625,0,0,25,25,25,25,0,0,0,-25,0,0,-25,0,149.748,25,149.748,0,0
821,121,0,275,11,36,11,-14,0,0,25,-11,-25,625,14,25,162.51133333333334,11,162.51133333333334,0,25
822,1,0,25,1,26,1,-24,0,0,25,-1,-25,625,24,25,12.833333333333334,1,12.833333333333334,0,25
823,4,0,50,2,27,2,-23,0,0,25,-2,-25,625,23,25,25.68,2,25.68,0,25
824,100,0,0,10,10,10,10,0,0,0,-10,0,0,-10,0,22.513333333333332,10,22.513333333333332,0,0
825,121,0,275,11,36,11,-14,0,0,25,-11,-25,625,14,25,164.306,11,164.306,0,25
826,1,0,12,1,13,1,-11,0,0,12,-1,-12,144,11,12,6.032,1,6.032,0,12
827,625,0,625,25,50,25,0,0,0,25,-25,-25,625,0,25,461.464,25,461.464,0,25
828,100,0,0,10,10,10,10,0,0,0,-10,0,0,-10,0,22.604666666666667,10,22.604666666666667,0,0
829,121,275,0,36,11,-14,11,625,0,25,14,25,0,-11,-25,164.662,11,164.662,25,0
830,1,25,0,26,1,-24,1,625,0,25,24,25,0,-1,-25,12.8,1,12.8,25,0
831,625,625,0,50,25,0,25,625,0,25,0,25,0,-25,-25,458.63866666666667,25,458.63866666666667,25,0
832,100,250,250,35,35,-15,-15,625,625,50,15,0,625,15,0,897.3613333333333,10,272.3613333333333,25,25
833,121,0,0,11,11,11,11,0,0,0,-11,0,0,-11,0,27.496,11,27.496,0,0
834,625,0,0,25,25,25,25,0,0,0,-25,0,0,-25,0,149.84666666666666,25,149.84666666666666,0,0
835,100,0,250,10,35,10,-15,0,0,25,-10,-25,625,15,25,148.74266666666668,10,148.74266666666668,0,25
836,625,0,0,25,25,25,25,0,0,0,-25,0,0,-25,0,149.89866666666666,25,149.89866666666666,0,0
837,169,0,0,13,13,13,13,0,0,0,-13,0,0,-13,0,38.708,13,38.708,0,0
838,1,25,25,26,26,-24,-24,625,625,50,24,0,625,24,0,650.0,1,25.0,25,25
839,1,25,0,26,1,-24,1,625,0,25,24,25,0,-1,-25,12.616666666666667,1,12.616666666666667,25,0
840,1,0,0,1,1,1,1,0,0,0,-1,0,0,-1,0,0.0,1,0.0,0,0
841,4,0,0,2,2,2,2,0,0,0,-2,0,0,-2,0,0.49733333333333335,2,0.49733333333333335,0,0
842,1,0,0,1,1,1,1,0,0,0,-1,0,0,-1,0,0.0,1,0.0,0,0
843,169,0,0,13,13,13,13,0,0,0,-13,0,0,-13,0,38.964,13,38.964,0,0
844,100,250,250,35,35,-15,-15,625,625,50,15,0,625,15,0,897.6113333333333,10,272.6113333333333,25,25
845,100,0,0,10,10,10,10,0,0,0,-10,0,0,-10,0,22.486,10,22.486,0,0
846,121,275,275,36,36,-14,-14,625,625,50,14,0,625,14,0,927.584,11,302.58399999999995,25,25
847,1,25,21,26,22,-24,-20,625,525,46,24,4,441,20,-4,548.072,1,23.072000000000003,25,21
848,625,0,0,25,25,25,25,0,0,0,-25,0,0,-25,0,149.97466666666668,25,149.97466666666668,0,0
849,121,0,0,11,11,11,11,0,0,0,-11,0,0,-11,0,27.497333333333334,11,27.497333333333334,0,0
850,625,0,0,25,25,25,25,0,0,0,-25,0,0,-25,0,150.24,25,150.24,0,0
851,1,0,25,1,26,1,-24,0,0,25,-1,-25,625,24,25,12.166666666666666,1,12.166666666666666,0,25
852,4,0,50,2,27,2,-23,0,0,25,-2,-25,625,23,25,25.673333333333332,2,25.673333333333332,0,25
853,1,0,12,1,13,1,-11,0,0,12,-1,-12,144,11,12,6.192,1,6.192,0,12
854,49,0,133,7,26,7,-12,0,0,19,-7,-19,361,12,19,77.30466666666666,7,77.30466666666666,0,19
855,1,25,0,26,1,-24,1,625,0,25,24,25,0,-1,-25,12.483333333333333,1,12.483333333333333,25,0
856,625,625,0,50,25,0,25,625,0,25,0,25,0,-25,-25,464.31933333333336,25,464.31933333333336,25,0
857,625,0,0,25,25,25,25,0,0,0,-25,0,0,-25,0,149.748,25,149.748,0,0
858,121,0,275,11,36,11,-14,0,0,25,-11,-25,625,14,25,162.51133333333334,11,162.51133333333334,0,25
859,1,0,25,1,26,1,-24,0,0,25,-1,-25,625,24,25,12.833333333333334,1,12.833333333333334,0,25
860,4,0,50,2,27,2,-23,0,0,25,-2,-25,625,23,25,25.68,2,25.68,0,25
861,100,0,0,10,10,10,10,0,0,0,-10,0,0,-10,0,22.513333333333332,10,22.513333333333332,0,0
862,121,0,275,11,36,11,-14,0,0,25,-11,-25,625,14,25,164.306,11,164.306,0,25
863,1,0,12,1,13,1,-11,0,0,12,-1,-12,144,11,12,6.032,1,6.032,0,12
864,625,0,625,25,50,25,0,0,0,25,-25,-25,625,0,25,461.464,25,461.464,0,25
865,100,0,0,10,10,10,10,0,0,0,-10,0,0,-10,0,22.604666666666667,10,22.604666666666667,0,0
866,121,275,0,36,11,-14,11,625,0,25,14,25,0,-11,-25,164.662,11,164.662,25,0
867,1,25,0,26,1,-24,1,625,0,25,24,25,0,-1,-25,12.8,1,12.8,25,0
868,625,625,0,50,25,0,25,625,0,25,0,25,0,-25,-25,458.63866666666667,25,458.63866666666667,25,0
869,100,250,250,35,35,-15,-15,625,625,50,15,0,625,15,0,897.3613333333333,10,272.3613333333333,25,25
870,121,0,0,11,11,11,11,0,0,0,-11,0,0,-11,0,27.496,11,27.496,0,0
871,625,0,0,25,25,25,25,0,0,0,-25,0,0,-25,0,149.84666666666666,25,149.84666666666666,0,0
872,100,0,250,10,35,10,-15,0,0,25,-10,-25,625,15,25,148.74266666666668,10,148.74266666666668,0,25
873,625,0,0,25,25,25,25,0,0,0,-25,0,0,-25,0,149.89866666666666,25,149.89866666666666,0,0
874,169,0,0,13,13,13,13,0,0,0,-13,0,0,-13,0,38.708,13,38.708,0,0
875,1,25,25,26,26,-24,-24,625,625,50,24,0,625,24,0,650.0,1,25.0,25,25
876,1,25,0,26,1,-24,1,625,0,25,24,25,0,-1,-25,12.616666666666667,1,12.616666666666667,25,0
877,1,0,0,1,1,1,1,0,0,0,-1,0,0,-1,0,0.0,1,0.0,0,0
878,4,0,0,2,2,2,2,0,0,0,-2,0,0,-2,0,0.49733333333333335,2,0.49733333333333335,0,0
879,1,0,0,1,1,1,1,0,0,0,-1,0,0,-1,0,0.0,1,0.0,0,0
880,169,0,0,13,13,13,13,0,0,0,-13,0,0,-13,0,38.964,13,38.964,0,0
881,100,250,250,35,35,-15,-15,625,625,50,15,0,625,15,0,897.6113333333333,10,272.6113333333333,25,25
882,100,0,0,10,10,10,10,0,0,0,-10,0,0,-10,0,22.486,10,22.486,0,0
883,121,275,275,36,36,-14,-14,625,625,50,14,0,625,14,0,927.584,11,302.58399999999995,25,25
884,1,25,21,26,22,-24,-20,625,525,46,24,4,441,20,-4,548.072,1,23.072000000000003,25,21
885,625,0,0,25,25,25,25,0,0,0,-25,0,0,-25,0,149.97466666666668,25,149.97466666666668,0,0
886,121,0,0,11,11,11,11,0,0,0,-11,0,0,-11,0,27.497333333333334,11,27.497333333333334,0,0
887,625,0,0,25,25,25,25,0,0,0,-25,0,0,-25,0,150.24,25,150.24,0,0
888,1,0,25,1,26,1,-24,0,0,25,-1,-25,625,24,25,12.166666666666666,1,12.166666666666666,0,25
889,4,0,50,2,27,2,-23,0,0,25,-2,-25,625,23,25,25.673333333333332,2,25.673333333333332,0,25
890,1,0,12,1,13,1,-11,0,0,12,-1,-12,144,11,12,6.192,1,6.192,0,12
891,49,0,133,7,26,7,-12,0,0,19,-7,-19,361,12,19,77.30466666666666,7,77.30466666666666,0,19
892,1,25,0,26,1,-24,1,625,0,25,24,25,0,-1,-25,12.483333333333333,1,12.483333333333333,25,0
893,625,625,0,50,25,0,25,625,0,25,0,25,0,-25,-25,464.31933333333336,25,464.31933333333336,25,0
894,625,0,0,25,25,25,25,0,0,0,-25,0,0,-25,0,149.748,25,149.748,0,0
895,121,0,275,11,36,11,-14,0,0,25,-11,-25,625,14,25,162.51133333333334,11,162.51133333333334,0,25
896,1,0,25,1,26,1,-24,0,0,25,-1,-25,625,24,25,12.833333333333334,1,12.833333333333334,0,25
897,4,0,50,2,27,2,-23,0,0,25,-2,-25,625,23,25,25.68,2,25.68,0,25
898,100,0,0,10,10,10,10,0,0,0,-10,0,0,-10,0,22.513333333333332,10,22.513333333333332,0,0
899,121,0,275,11,36,11,-14,0,0,25,-11,-25,625,14,25,164.306,11,164.306,0,25
900,1,0,12,1,13,1,-11,0,0,12,-1,-12,144,11,12,6.032,1,6.032,0,12
901,625,0,625,25,50,25,0,0,0,25,-25,-25,625,0,25,461.464,25,461.464,0,25
902,100,0,0,10,10,10,10,0,0,0,-10,0,0,-10,0,22.604666666666667,10,22.604666666666667,0,0
903,121,275,0,36,11,-14,11,625,0,25,14,25,0,-11,-25,164.662,11,164.662,25,0
904,1,25,0,26,1,-24,1,625,0,25,24,25,0,-1,-25,12.8,1,12.8,25,0
905,625,625,0,50,25,0,25,625,0,25,0,25,0,-25,-25,458.63866666666667,25,458.63866666666667,25,0
906,100,250,250,35,35,-15,-15,625,625,50,15,0,625,15,0,897.3613333333333,10,272.3613333333333,25,25
907,121,0,0,11,11,11,11,0,0,0,-11,0,0,-11,0,27.496,11,27.496,0,0
908,625,0,0,25,25,25,25,0,0,0,-25,0,0,-25,0,149.84666666666666,25,149.84666666666666,0,0
909,100,0,250,10,35,10,-15,0,0,25,-10,-25,625,15,25,148.74266666666668,10,148.74266666666668,0,25
910,625,0,0,25,25,25,25,0,0,0,-25,0,0,-25,0,149.89866666666666,25,149.89866666666666,0,0
911,169,0,0,13,13,13,13,0,0,0,-13,0,0,-13,0,38.708,13,38.708,0,0
912,1,25,25,26,26,-24,-24,625,625,50,24,0,625,24,0,650.0,1,25.0,25,25
913,1,25,0,26,1,-24,1,625,0,25,24,25,0,-1,-25,12.616666666666667,1,12.616666666666667,25,0
914,1,0,0,1,1,1,1,0,0,0,-1,0,0,-1,0,0.0,1,0.0,0,0
915,4,0,0,2,2,2,2,0,0,0,-2,0,0,-2,0,0.49733333333333335,2,0.49733333333333335,0,0
916,1,0,0,1,1,1,1,0,0,0,-1,0,0,-1,0,0.0,1,0.0,0,0
917,169,0,0,13,13,13,13,0,0,0,-13,0,0,-13,0,38.964,13,38.964,0,0
918,100,250,250,35,35,-15,-15,625,625,50,15,0,625,15,0,897.6113333333333,10,272.6113333333333,25,25
919,100,0,0,10,10,10,10,0,0,0,-10,0,0,-10,0,22.486,10,22.486,0,0
920,121,275,275,36,36,-14,-14,625,625,50,14,0,625,14,0,927.584,11,302.58399999999995,25,25
921,1,25,21,26,22,-24,-20,625,525,46,24,4,441,20,-4,548.072,1,23.072000000000003,25,21
922,625,0,0,25,25,25,25,0,0,0,-25,0,0,-25,0,149.97466666666668,25,149.97466666666668,0,0
923,121,0,0,11,11,11,11,0,0,0,-11,0,0,-11,0,27.497333333333334,11,27.497333333333334,0,0
924,625,0,0,25,25,25,25,0,0,0,-25,0,0,-25,0,150.24,25,150.24,0,0
925,1,0,25,1,26,1,-24,0,0,25,-1,-25,625,24,25,12.166666666666666,1,12.166666666666666,0,25
926,4,0,50,2,27,2,-23,0,0,25,-2,-25,625,23,25,25.673333333333332,2,25.673333333333332,0,25
927,1,0,12,1,13,1,-11,0,0,12,-1,-12,144,11,12,6.192,1,6.192,0,12
928,49,0,133,7,26,7,-12,0,0,19,-7,-19,361,12,19,77.30466666666666,7,77.30466666666666,0,19
929,1,25,0,26,1,-24,1,625,0,25,24,25,0,-1,-25,12.483333333333333,1,12.483333333333333,25,0
930,625,625,0,50,25,0,25,625,0,25,0,25,0,-25,-25,464.31933333333336,25,464.31933333333336,25,0
931,625,0,0,25,25,25,25,0,0,0,-25,0,0,-25,0,149.748,25,149.748,0,0
932,121,0,275,11,36,11,-14,0,0,25,-11,-25,625,14,25,162.51133333333334,11,162.51133333333334,0,25
933,1,0,25,1,26,1,-24,0,0,25,-1,-25,625,24,25,12.833333333333334,1,12.833333333333334,0,25
934,4,0,50,2,27,2,-23,0,0,25,-2,-25,625,23,25,25.68,2,25.68,0,25
935,100,0,0,10,10,10,10,0,0,0,-10,0,0,-10,0,22.513333333333332,10,22.513333333333332,0,0
936,121,0,275,11,36,11,-14,0,0,25,-11,-25,625,14,25,164.306,11,164.306,0,25
937,1,0,12,1,13,1,-11,0,0,12,-1,-12,144,11,12,6.032,1,6.032,0,12
938,625,0,625,25,50,25,0,0,0,25,-25,-25,625,0,25,461.464,25,461.464,0,25
939,100,0,0,10,10,10,10,0,0,0,-10,0,0,-10,0,22.604666666666667,10,22.604666666666667,0,0
940,121,275,0,36,11,-14,11,625,0,25,14,25,0,-11,-25,164.662,11,164.662,25,0
941,1,25,0,26,1,-24,1,625,0,25,24,25,0,-1,-25,12.8,1,12.8,25,0
942,625,625,0,50,25,0,25,625,0,25,0,25,0,-25,-25,458.63866666666667,25,458.63866666666667,25,0
943,100,250,250,35,35,-15,-15,625,625,50,15,0,625,15,0,897.3613333333333,10,272.3613333333333,25,25
944,121,0,0,11,11,11,11,0,0,0,-11,0,0,-11,0,27.496,11,27.496,0,0
945,625,0,0,25,25,25,25,0,0,0,-25,0,0,-25,0,149.84666666666666,25,149.84666666666666,0,0
946,100,0,250,10,35,10,-15,0,0,25,-10,-25,625,15,25,148.74266666666668,10,148.74266666666668,0,25
947,625,0,0,25,25,25,25,0,0,0,-25,0,0,-25,0,149.89866666666666,25,149.89866666666666,0,0
948,169,0,0,13,13,13,13,0,0,0,-13,0,0,-13,0,38.708,13,38.708,0,0
949,1,25,25,26,26,-24,-24,625,625,50,24,0,625,24,0,650.0,1,25.0,25,25
950,1,25,0,26,1,-24,1,625,0,25,24,25,0,-1,-25,12.616666666666667,1,12.616666666666667,25,0
951,1,0,0,1,1,1,1,0,0,0,-1,0,0,-1,0,0.0,1,0.0,0,0
952,4,0,0,2,2,2,2,0,0,0,-2,0,0,-2,0,0.49733333333333335,2,0.49733333333333335,0,0
953,1,0,0,1,1,1,1,0,0,0,-1,0,0,-1,0,0.0,1,0.0,0,0
954,169,0,0,13,13,13,13,0,0,0,-13,0,0,-13,0,38.964,13,38.964,0,0
955,100,250,250,35,35,-15,-15,625,625,50,15,0,625,15,0,897.6113333333333,10,272.6113333333333,25,25
956,100,0,0,10,10,10,10,0,0,0,-10,0,0,-10,0,22.486,10,22.486,0,0
957,121,275,275,36,36,-14,-14,625,625,50,14,0,625,14,0,927.584,11,302.58399999999995,25,25
958,1,25,21,26,22,-24,-20,625,525,46,24,4,441,20,-4,548.072,1,23.072000000000003,25,21
959,625,0,0,25,25,25,25,0,0,0,-25,0,0,-25,0,149.97466666666668,25,149.97466666666668,0,0
960,121,0,0,11,11,11,11,0,0,0,-11,0,0,-11,0,27.497333333333334,11,27.497333333333334,0,0
961,625,0,0,25,25,25,25,0,0,0,-25,0,0,-25,0,150.24,25,150.24,0,0
962,1,0,25,1,26,1,-24,0,0,25,-1,-25,625,24,25,12.166666666666666,1,12.166666666666666,0,25
963,4,0,50,2,27,2,-23,0,0,25,-2,-25,625,23,25,25.673333333333332,2,25.673333333333332,0,25
964,1,0,12,1,13,1,-11,0,0,12,-1,-12,144,11,12,6.192,1,6.192,0,12
965,49,0,133,7,26,7,-12,0,0,19,-7,-19,361,12,19,77.30466666666666,7,77.30466666666666,0,19
966,1,25,0,26,1,-24,1,625,0,25,24,25,0,-1,-25,12.483333333333333,1,12.483333333333333,25,0
967,625,625,0,50,25,0,25,625,0,25,0,25,0,-25,-25,464.31933333333336,25,464.31933333333336,25,0
968,625,0,0,25,25,25,25,0,0,0,-25,0,0,-25,0,149.748,25,149.748,0,0
969,121,0,275,11,36,11,-14,0,0,25,-11,-25,625,14,25,162.51133333333334,11,162.51133333333334,0,25
970,1,0,25,1,26,1,-24,0,0,25,-1,-25,625,24,25,12.833333333333334,1,12.833333333333334,0,25
971,4,0,50,2,27,2,-23,0,0,25,-2,-25,625,23,25,25.68,2,25.68,0,25
972,100,0,0,10,10,10,10,0,0,0,-10,0,0,-10,0,22.513333333333332,10,22.513333333333332,0,0
973,121,0,275,11,36,11,-14,0,0,25,-11,-25,625,14,25,164.306,11,164.306,0,25
974,1,0,12,1,13,1,-11,0,0,12,-1,-12,144,11,12,6.032,1,6.032,0,12
975,625,0,625,25,50,25,0,0,0,25,-25,-25,625,0,25,461.464,25,461.464,0,25
976,100,0,0,10,10,10,10,0,0,0,-10,0,0,-10,0,22.604666666666667,10,22.604666666666667,0,0
977,121,275,0,36,11,-14,11,625,0,25,14,25,0,-11,-25,164.662,11,164.662,25,0
978,1,25,0,26,1,-24,1,625,0,25,24,25,0,-1,-25,12.8,1,12.8,25,0
979,625,625,0,50,25,0,25,625,0,25,0,25,0,-25,-25,458.63866666666667,25,458.63866666666667,25,0
980,100,250,250,35,35,-15,-15,625,625,50,15,0,625,15,0,897.3613333333333,10,272.3613333333333,25,25
981,121,0,0,11,11,11,11,0,0,0,-11,0,0,-11,0,27.496,11,27.496,0,0
982,625,0,0,25,25,25,25,0,0,0,-25,0,0,-25,0,149.84666666666666,25,149.84666666666666,0,0
983,100,0,250,10,35,10,-15,0,0,25,-10,-25,625,15,25,148.74266666666668,10,148.74266666666668,0,25
984,625,0,0,25,25,25,25,0,0,0,-25,0,0,-25,0,149.89866666666666,25,149.89866666666666,0,0
985,169,0,0,13,13,13,13,0,0,0,-13,0,0,-13,0,38.708,13,38.708,0,0
986,1,25,25,26,26,-24,-24,625,625,50,24,0,625,24,0,650.0,1,25.0,25,25
987,1,25,0,26,1,-24,1,625,0,25,24,25,0,-1,-25,12.616666666666667,1,12.616666666666667,25,0
988,1,0,0,1,1,1,1,0,0,0,-1,0,0,-1,0,0.0,1,0.0,0,0
989,4,0,0,2,2,2,2,0,0,0,-2,0,0,-2,0,0.49733333333333335,2,0.49733333333333335,0,0
990,1,0,0,1,1,1,1,0,0,0,-1,0,0,-1,0,0.0,1,0.0,0,0
991,169,0,0,13,13,13,13,0,0,0,-13,0,0,-13,0,38.964,13,38.964,0,0
992,100,250,250,35,35,-15,-15,625,625,50,15,0,625,15,0,897.6113333333333,10,272.6113333333333,25,25
993,100,0,0,10,10,10,10,0,0,0,-10,0,0,-10,0,22.486,10,22.486,0,0
994,121,275,275,36,36,-14,-14,625,625,50,14,0,625,14,0,927.584,11,302.58399999999995,25,25
995,1,25,21,26,22,-24,-20,625,525,46,24,4,441,20,-4,548.072,1,23.072000000000003,25,21
996,625,0,0,25,25,25,25,0,0,0,-25,0,0,-25,0,149.97466666666668,25,149.97466666666668,0,0
997,121,0,0,11,11,11,11,0,0,0,-11,0,0,-11,0,27.497333333333334,11,27.497333333333334,0,0
998,625,0,0,25,25,25,25,0,0,0,-25,0,0,-25,0,150.24,25,150.24,0,0
999,1,0,25,1,26,1,-24,0,0,25,-1,-25,625,24,25,12.166666666666666,1,12.166666666666666,0,25
1000,4,0,50,2,27,2,-23,0,0,25,-2,-25,625,23,25,25.673333333333332,2,25.673333333333332,0,25
1001,1,0,12,1,13,1,-11,0,0,12,-1,-12,144,11,12,6.192,1,6.192,0,12
1002,49,0,133,7,26,7,-12,0,0,19,-7,-19,361,12,19,77.30466666666666,7,77.30466666666666,0,19
1003,1,25,0,26,1,-24,1,625,0,25,24,25,0,-1,-25,12.483333333333333,1,12.483333333333333,25,0
1004,625,625,0,50,25,0,25,625,0,25,0,25,0,-25,-25,464.31933333333336,25,464.31933333333336,25,0
1005,625,0,0,25,25,25,25,0,0,0,-25,0,0,-25,0,149.748,25,149.748,0,0
1006,121,0,275,11,36,11,-14,0,0,25,-11,-25,625,14,25,162.51133333333334,11,162.51133333333334,0,25
1007,1,0,25,1,26,1,-24,0,0,25,-1,-25,625,24,25,12.833333333333334,1,12.833333333333334,0,25
1008,4,0,50,2,27,2,-23,0,0,25,-2,-25,625,23,25,25.68,2,25.68,0,25
1009,100,0,0,10,10,10,10,0,0,0,-10,0,0,-10,0,22.513333333333332,10,22.513333333333332,0,0
1010,121,0,275,11,36,11,-14,0,0,25,-11,-25,625,14,25,164.306,11,164.306,0,25
1011,1,0,12,1,13,1,-11,0,0,12,-1,-12,144,11,12,6.032,1,6.032,0,12
1012,625,0,625,25,50,25,0,0,0,25,-25,-25,625,0,25,461.464,25,461.464,0,25
1013,100,0,0,10,10,10,10,0,0,0,-10,0,0,-10,0,22.604666666666667,10,22.604666666666667,0,0
1014,121,275,0,36,11,-14,11,625,0,25,14,25,0,-11,-25,164.662,11,164.662,25,0
1015,1,25,0,26,1,-24,1,625,0,25,24,25,0,-1,-25,12.8,1,12.8,25,0
1016,625,625,0,50,25,0,25,625,0,25,0,25,0,-25,-25,458.63866666666667,25,458.63866666666667,25,0
1017,100,250,250,35,35,-15,-15,625,625,50,15,0,625,15,0,897.3613333333333,10,272.3613333333333,25,25
1018,121,0,0,11,11,11,11,0,0,0,-11,0,0,-11,0,27.496,11,27.496,0,0
1019,625,0,0,25,25,25,25,0,0,0,-25,0,0,-25,0,149.84666666666666,25,149.84666666666666,0,0
1020,100,0,250,10,35,10,-15,0,0,25,-10,-25,625,15,25,148.74266666666668,10,148.74266666666668,0,25
1021,625,0,0,25,25,25,25,0,0,0,-25,0,0,-25,0,149.89866666666666,25,149.89866666666666,0,0
1022,169,0,0,13,13,13,13,0,0,0,-13,0,0,-13,0,38.708,13,38.708,0,0
1023,1,25,25,26,26,-24,-24,625,625,50,24,0,625,24,0,650.0,1,25.0,25,25
1024,1,25,0,26,1,-24,1,625,0,25,24,25,0,-1,-25,12.616666666666667,1,12.616666666666667,25,0
1025,1,0,0,1,1,1,1,0,0,0,-1,0,0,-1,0,0.0,1,0.0,0,0
1026,4,0,0,2,2,2,2,0,0,0,-2,0,0,-2,0,0.49733333333333335,2,0.49733333333333335,0,0
1027,1,0,0,1,1,1,1,0,0,0,-1,0,0,-1,0,0.0,1,0.0,0,0
1028,169,0,0,13,13,13,13,0,0,0,-13,0,0,-13,0,38.964,13,38.964,0,0
1029,100,250,250,35,35,-15,-15,625,625,50,15,0,625,15,0,897.6113333333333,10,272.6113333333333,25,25
1030,100,0,0,10,10,10,10,0,0,0,-10,0,0,-10,0,22.486,10,22.486,0,0
1031,121,275,275,36,36,-14,-14,625,625,50,14,0,625,14,0,927.584,11,302.58399999999995,25,25
1032,1,25,21,26,22,-24,-20,625,525,46,24,4,441,20,-4,548.072,1,23.072000000000003,25,21
1033,625,0,0,25,25,25,25,0,0,0,-25,0,0,-25,0,149.97466666666668,25,149.97466666666668,0,0
1034,121,0,0,11,11,11,11,0,0,0,-11,0,0,-11,0,27.497333333333334,11,27.497333333333334,0,0
1035,625,0,0,25,25,25,25,0,0,0,-25,0,0,-25,0,150.24,25,150.24,0,0
1036,1,0,25,1,26,1,-24,0,0,25,-1,-25,625,24,25,12.166666666666666,1,12.166666666666666,0,25
1037,4,0,50,2,27,2,-23,0,0,25,-2,-25,625,23,25,25.673333333333332,2,25.673333333333332,0,25
1038,1,0,12,1,13,1,-11,0,0,12,-1,-12,144,11,12,6.192,1,6.192,0,12
1039,49,0,133,7,26,7,-12,0,0,19,-7,-19,361,12,19,77.30466666666666,7,77.30466666666666,0,19
1040,1,25,0,26,1,-24,1,625,0,25,24,25,0,-1,-25,12.483333333333333,1,12.483333333333333,25,0
1041,625,625,0,50,25,0,25,625,0,25,0,25,0,-25,-25,464.31933333333336,25,464.31933333333336,25,0
1042,625,0,0,25,25,25,25,0,0,0,-25,0,0,-25,0,149.748,25,149.748,0,0
1043,121,0,275,11,36,11,-14,0,0,25,-11,-25,625,14,25,162.51133333333334,11,162.51133333333334,0,25
1044,1,0,25,1,26,1,-24,0,0,25,-1,-25,625,24,25,12.833333333333334,1,12.833333333333334,0,25
1045,4,0,50,2,27,2,-23,0,0,25,-2,-25,625,23,25,25.68,2,25.68,0,25
1046,100,0,0,10,10,10,10,0,0,0,-10,0,0,-10,0,22.513333333333332,10,22.513333333333332,0,0
1047,121,0,275,11,36,11,-14,0,0,25,-11,-25,625,14,25,164.306,11,164.306,0,25
1048,1,0,12,1,13,1,-11,0,0,12,-1,-12,144,11,12,6.032,1,6.032,0,12
1049,625,0,625,25,50,25,0,0,0,25,-25,-25,625,0,25,461.464,25,461.464,0,25
1050,100,0,0,10,10,10,10,0,0,0,-10,0,0,-10,0,22.604666666666667,10,22.604666666666667,0,0
1051,121,275,0,36,11,-14,11,625,0,25,14,25,0,-11,-25,164.662,11,164.662,25,0
1052,1,25,0,26,1,-24,1,625,0,25,24,25,0,-1,-25,12.8,1,12.8,25,0
1053,625,625,0,50,25,0,25,625,0,25,0,25,0,-25,-25,458.63866666666667,25,458.63866666666667,25,0
1054,100,250,250,35,35,-15,-15,625,625,50,15,0,625,15,0,897.3613333333333,10,272.3613333333333,25,25
1055,121,0,0,11,11,11,11,0,0,0,-11,0,0,-11,0,27.496,11,27.496,0,0
1056,625,0,0,25,25,25,25,0,0,0,-25,0,0,-25,0,149.84666666666666,25,149.84666666666666,0,0
1057,100,0,250,10,35,10,-15,0,0,25,-10,-25,625,15,25,148.74266666666668,10,148.74266666666668,0,25
1058,625,0,0,25,25,25,25,0,0,0,-25,0,0,-25,0,149.89866666666666,25,149.89866666666666,0,0
1059,169,0,0,13,13,13,13,0,0,0,-13,0,0,-13,0,38.708,13,38.708,0,0
1060,1,25,25,26,26,-24,-24,625,625,50,24,0,625,24,0,650.0,1,25.0,25,25
1061,1,25,0,26,1,-24,1,625,0,25,24,25,0,-1,-25,12.616666666666667,1,12.616666666666667,25,0
1062,1,0,0,1,1,1,1,0,0,0,-1,0,0,-1,0,0.0,1,0.0,0,0
1063,4,0,0,2,2,2,2,0,0,0,-2,0,0,-2,0,0.49733333333333335,2,0.49733333333333335,0,0
1064,1,0,0,1,1,1,1,0,0,0,-1,0,0,-1,0,0.0,1,0.0,0,0
1065,169,0,0,13,13,13,13,0,0,0,-13,0,0,-13,0,38.964,13,38.964,0,0
1066,100,250,250,35,35,-15,-15,625,625,50,15,0,625,15,0,897.6113333333333,10,272.6113333333333,25,25
1067,100,0,0,10,10,10,10,0,0,0,-10,0,0,-10,0,22.486,10,22.486,0,0
1068,121,275,275,36,36,-14,-14,625,625,50,14,0,625,14,0,927.584,11,302.58399999999995,25,25
1069,1,25,21,26,22,-24,-20,625,525,46,24,4,441,20,-4,548.072,1,23.072000000000003,25,21
1070,625,0,0,25,25,25,25,0,0,0,-25,0,0,-25,0,149.97466666666668,25,149.97466666666668,0,0
1071,121,0,0,11,11,11,11,0,0,0,-11,0,0,-11,0,27.497333333333334,11,27.497333333333334,0,0
1072,625,0,0,25,25,25,25,0,0,0,-25,0,0,-25,0,150.24,25,150.24,0,0
1073,1,0,25,1,26,1,-24,0,0,25,-1,-25,625,24,25,12.166666666666666,1,12.166666666666666,0,25
1074,4,0,50,2,27,2,-23,0,0,25,-2,-25,625,23,25,25.673333333333332,2,25.673333333333332,0,25
1075,1,0,12,1,13,1,-11,0,0,12,-1,-12,144,11,12,6.192,1,6.192,0,12
1076,49,0,133,7,26,7,-12,0,0,19,-7,-19,361,12,19,77.30466666666666,7,77.30466666666666,0,19
1077,1,25,0,26,1,-24,1,625,0,25,24,25,0,-1,-25,12.483333333333333,1,12.483333333333333,25,0
1078,625,625,0,50,25,0,25,625,0,25,0,25,0,-25,-25,464.31933333333336,25,464.31933333333336,25,0
1079,625,0,0,25,25,25,25,0,0,0,-25,0,0,-25,0,149.748,25,149.748,0,0
1080,121,0,275,11,36,11,-14,0,0,25,-11,-25,625,14,25,162.51133333333334,11,162.51133333333334,0,25
1081,1,0,25,1,26,1,-24,0,0,25,-1,-25,625,24,25,12.833333333333334,1,12.833333333333334,0,25
1082,4,0,50,2,27,2,-23,0,0,25,-2,-25,625,23,25,25.68,2,25.68,0,25
1083,100,0,0,10,10,10,10,0,0,0,-10,0,0,-10,0,22.513333333333332,10,22.513333333333332,0,0
1084,121,0,275,11,36,11,-14,0,0,25,-11,-25,625,14,25,164.306,11,164.306,0,25
1085,1,0,12,1,13,1,-11,0,0,12,-1,-12,144,11,12,6.032,1,6.032,0,12
1086,625,0,625,25,50,25,0,0,0,25,-25,-25,625,0,25,461.464,25,461.464,0,25
1087,100,0,0,10,10,10,10,0,0,0,-10,0,0,-10,0,22.604666666666667,10,22.604666666666667,0,0
1088,121,275,0,36,11,-14,11,625,0,25,14,25,0,-11,-25,164.662,11,164.662,25,0
1089,1,25,0,26,1,-24,1,625,0,25,24,25,0,-1,-25,12.8,1,12.8,25,0
1090,625,625,0,50,25,0,25,625,0,25,0,25,0,-25,-25,458.63866666666667,25,458.63866666666667,25,0
1091,100,250,250,35,35,-15,-15,625,625,50,15,0,625,15,0,897.3613333333333,10,272.3613333333333,25,25
1092,121,0,0,11,11,11,11,0,0,0,-11,0,0,-11,0,27.496,11,27.496,0,0
1093,625,0,0,25,25,25,25,0,0,0,-25,0,0,-25,0,149.84666666666666,25,149.84666666666666,0,0
1094,100,0,250,10,35,10,-15,0,0,25,-10,-25,625,15,25,148.74266666666668,10,148.74266666666668,0,25
1095,625,0,0,25,25,25,25,0,0,0,-25,0,0,-25,0,149.89866666666666,25,149.89866666666666,0,0
1096,169,0,0,13,13,13,13,0,0,0,-13,0,0,-13,0,38.708,13,38.708,0,0
1097,1,25,25,26,26,-24,-24,625,625,50,24,0,625,24,0,650.0,1,25.0,25,25
1098,1,25,0,26,1,-24,1,625,0,25,24,25,0,-1,-25,12.616666666666667,1,12.616666666666667,25,0
1099,1,0,0,1,1,1,1,0,0,0,-1,0,0,-1,0,0.0,1,0.0,0,0
1100,4,0,0,2,2,2,2,0,0,0,-2,0,0,-2,0,0.49733333333333335,2,0.49733333333333335,0,0
1101,1,0,0,1,1,1,1,0,0,0,-1,0,0,-1,0,0.0,1,0.0,0,0
1102,169,0,0,13,13,13,13,0,0,0,-13,0,0,-13,0,38.964,13,38.964,0,0
1103,100,250,250,35,35,-15,-15,625,625,50,15,0,625,15,0,897.6113333333333,10,272.6113333333333,25,25
1104,100,0,0,10,10,10,10,0,0,0,-10,0,0,-10,0,22.486,10,22.486,0,0
1105,121,275,275,36,36,-14,-14,625,625,50,14,0,625,14,0,927.584,11,302.58399999999995,25,25
1106,1,25,21,26,22,-24,-20,625,525,46,24,4,441,20,-4,548.072,1,23.072000000000003,25,21
1107,625,0,0,25,25,25,25,0,0,0,-25,0,0,-25,0,149.97466666666668,25,149.97466666666668,0,0
1108,121,0,0,11,11,11,11,0,0,0,-11,0,0,-11,0,27.497333333333334,11,27.497333333333334,0,0
1109,625,0,0,25,25,25,25,0,0,0,-25,0,0,-25,0,150.24,25,150.24,0,0
0,121,99,176,20,27,2,-5,81,144,25,-2,-7,256,5,7,309.1,11,165.10000000000002,9,16
1,4,4,26,4,15,0,-11,4,26,15,0,-11,169,11,11,41.608,2,15.607999999999997,2,13
2,36,48,84,14,20,-2,-8,64,112,22,2,-6,196,8,6,186.126,6,74.126,8,14
3,49,28,21,11,10,3,4,16,12,7,-3,1,9,-4,-1,46.87,7,34.87,4,3
4,81,27,144,12,25,6,-7,9,48,19,-6,-13,256,7,13,152.548,9,104.548,3,16
5,289,17,68,18,21,16,13,1,4,5,-16,-3,16,-13,3,114.848,17,110.848,1,4
6,49,28,133,11,26,3,-12,16,76,23,-3,-15,361,12,15,167.862,7,91.862,4,19
7,81,108,45,21,14,-3,4,144,60,17,3,7,25,-4,-7,154.684,9,94.684,12,5
8,256,32,112,18,23,14,9,4,14,9,-14,-5,49,-9,5,145.42,16,131.42,2,7
9,100,20,100,12,20,8,0,4,20,12,-8,-8,100,0,8,103.51,10,83.51,2,10
10,324,108,126,24,25,12,11,36,42,13,-12,-1,49,-11,1,235.304,18,193.304,6,7
11,169,0,13,13,14,13,12,0,0,1,-13,-1,1,-12,1,45.464,13,45.464,0,1
12,25,50,80,15,21,-5,-11,100,160,26,5,-6,256,11,6,230.068,5,70.06800000000001,10,16
13,49,140,126,27,25,-13,-11,400,360,38,13,2,324,11,-2,503.708,7,143.70800000000003,20,18
14,324,288,54,34,21,2,15,256,48,19,-2,13,9,-15,-13,295.608,18,247.608,16,3
15,1,3,8,4,9,-2,-7,9,24,11,2,-5,64,7,5,29.53,1,5.530000000000001,3,8
16,36,6,36,7,12,5,0,1,6,7,-5,-5,36,0,5,34.08,6,28.08,1,6
17,361,152,190,27,29,11,9,64,80,18,-11,-2,100,-9,2,336.676,19,256.676,8,10
18,324,144,252,26,32,10,4,64,112,22,-10,-6,196,-4,6,386.218,18,274.218,8,14
19,25,90,80,23,21,-13,-11,324,288,34,13,2,256,11,-2,378.284,5,90.28399999999999,18,16
20,169,260,234,33,31,-7,-5,400,360,38,7,2,324,5,-2,645.828,13,285.828,20,18
21,25,75,65,20,18,-10,-8,225,195,28,10,2,169,8,-2,270.096,5,75.096,15,13
22,144,72,96,18,20,6,4,36,48,14,-6,-2,64,-4,2,164.79,12,116.78999999999999,6,8
23,4,0,8,2,6,2,-2,0,0,4,-2,-4,16,2,4,4.486,2,4.486,0,4
24,100,70,100,17,20,3,0,49,70,17,-3,-3,100,0,3,177.376,10,107.376,7,10
25,4,32,34,18,19,-14,-15,256,272,33,14,-1,289,15,1,305.504,2,33.50400000000002,16,17
26,289,51,272,20,33,14,1,9,48,19,-14,-13,256,-1,13,277.298,17,229.298,3,16
27,4,36,12,20,8,-16,-4,324,108,24,16,12,36,4,-12,132.982,2,24.982,18,6
28,36,0,90,6,21,6,-9,0,0,15,-6,-15,225,9,15,52.844,6,52.844,0,15
29,144,60,132,17,23,7,1,25,55,16,-7,-6,121,-1,6,183.122,12,128.122,5,11
30,400,140,240,27,32,13,8,49,84,19,-13,-5,144,-8,5,369.144,20,285.144,7,12
31,196,224,168,30,26,-2,2,256,192,28,2,4,144,-2,-4,432.648,14,240.64800000000002,16,12
32,4,10,40,7,22,-3,-18,25,100,25,3,-15,400,18,15,126.088,2,26.087999999999994,5,20
33,256,160,80,26,21,6,11,100,50,15,-6,5,25,-11,-5,230.56,16,180.56,10,5
34,1,6,18,7,19,-5,-17,36,108,24,5,-12,324,17,12,119.736,1,11.736000000000004,6,18
35,64,56,152,15,27,1,-11,49,133,26,-1,-12,361,11,12,250.862,8,117.862,7,19
36,144,72,84,18,19,6,5,36,42,13,-6,-1,49,-5,1,153.052,12,111.05199999999999,6,7
37,289,153,170,26,27,8,7,81,90,19,-8,-1,100,-7,1,319.174,17,229.17399999999998,9,10
38,16,24,64,10,20,-2,-12,36,96,22,2,-10,256,12,10,142.972,4,46.97200000000001,6,16
39,225,195,165,28,26,2,4,169,143,24,-2,2,121,-4,-2,375.104,15,232.10399999999998,13,11
40,400,140,60,27,23,13,17,49,21,10,-13,4,9,-17,-4,216.292,20,195.292,7,3
41,81,108,54,21,15,-3,3,144,72,18,3,6,36,-3,-6,171.172,9,99.172,12,6
42,49,63,14,16,9,-2,5,81,18,11,2,7,4,-5,-7,67.84,7,49.84,9,2
43,169,156,65,25,18,1,8,144,60,17,-1,7,25,-8,-7,209.352,13,149.352,12,5
44,144,156,132,25,23,-1,1,169,143,24,1,2,121,-1,-2,320.128,12,177.128,13,11
45,1,1,10,2,11,0,-9,1,10,11,0,-9,100,9,9,15.59,1,5.59,1,10
46,256,320,112,36,23,-4,9,400,140,27,4,13,49,-9,-13,417.052,16,277.052,20,7
47,100,30,60,13,16,7,4,9,18,9,-7,-3,36,-4,3,85.488,10,67.488,3,6
0,1,0,25,1,26,1,-24,0,0,25,-1,-25,625,24,25,12.783333333333333,1,12.783333333333333,0,25
1,4,0,50,2,27,2,-23,0,0,25,-2,-25,625,23,25,25.305333333333333,2,25.305333333333333,0,25
2,1,0,12,1,13,1,-11,0,0,12,-1,-12,144,11,12,6.296,1,6.296,0,12
3,49,0,133,7,26,7,-12,0,0,19,-7,-19,361,12,19,78.06933333333333,7,78.06933333333333,0,19
4,1,25,0,26,1,-24,1,625,0,25,24,25,0,-1,-25,13.066666666666666,1,13.066666666666666,25,0
5,625,625,0,50,25,0,25,625,0,25,0,25,0,-25,-25,459.58933333333334,25,459.58933333333334,25,0
6,625,0,0,25,25,25,25,0,0,0,-25,0,0,-25,0,149.84533333333334,25,149.84533333333334,0,0
7,256,240,0,31,16,1,16,225,0,15,-1,15,0,-16,-15,181.34533333333334,16,181.34533333333334,15,0
8,256,256,0,32,16,0,16,256,0,16,0,16,0,-16,-16,188.338,16,188.338,16,0
9,121,275,154,36,25,-14,-3,625,350,39,14,11,196,3,-11,592.2893333333334,11,242.2893333333334,25,14
10,121,275,143,36,24,-14,-2,625,325,38,14,12,169,2,-12,560.852,11,235.85199999999998,25,13
11,1,0,25,1,26,1,-24,0,0,25,-1,-25,625,24,25,12.416666666666666,1,12.416666666666666,0,25
12,4,0,50,2,27,2,-23,0,0,25,-2,-25,625,23,25,26.277333333333335,2,26.277333333333335,0,25
13,256,240,0,31,16,1,16,225,0,15,-1,15,0,-16,-15,182.11466666666666,16,182.11466666666666,15,0
14,100,250,0,35,10,-15,10,625,0,25,15,25,0,-10,-25,147.51066666666668,10,147.51066666666668,25,0
15,121,275,0,36,11,-14,11,625,0,25,14,25,0,-11,-25,163.8,11,163.8,25,0
16,121,275,275,36,36,-14,-14,625,625,50,14,0,625,14,0,927.464,11,302.46400000000006,25,25
17,1,0,12,1,13,1,-11,0,0,12,-1,-12,144,11,12,6.04,1,6.04,0,12
18,625,0,625,25,50,25,0,0,0,25,-25,-25,625,0,25,464.1193333333333,25,464.1193333333333,0,25
19,100,250,140,35,24,-15,-4,625,350,39,15,11,196,4,-11,567.3706666666667,10,217.3706666666667,25,14
20,289,272,425,33,42,1,-8,256,400,41,-1,-9,625,8,9,817.508,17,417.50800000000004,16,25
21,1,25,0,26,1,-24,1,625,0,25,24,25,0,-1,-25,12.45,1,12.45,25,0
22,256,240,0,31,16,1,16,225,0,15,-1,15,0,-16,-15,179.67466666666667,16,179.67466666666667,15,0
23,625,625,0,50,25,0,25,625,0,25,0,25,0,-25,-25,458.9293333333333,25,458.9293333333333,25,0
24,100,250,250,35,35,-15,-15,625,625,50,15,0,625,15,0,897.5206666666667,10,272.52066666666667,25,25
25,121,275,0,36,11,-14,11,625,0,25,14,25,0,-11,-25,162.49266666666668,11,162.49266666666668,25,0
26,576,240,0,34,24,14,24,100,0,10,-14,10,0,-24,-10,259.20666666666665,24,259.20666666666665,10,0
27,625,0,0,25,25,25,25,0,0,0,-25,0,0,-25,0,150.392,25,150.392,0,0
28,625,0,0,25,25,25,25,0,0,0,-25,0,0,-25,0,149.976,25,149.976,0,0
29,169,0,0,13,13,13,13,0,0,0,-13,0,0,-13,0,38.73866666666667,13,38.73866666666667,0,0
30,1,25,25,26,26,-24,-24,625,625,50,24,0,625,24,0,650.0,1,25.0,25,25
31,4,0,0,2,2,2,2,0,0,0,-2,0,0,-2,0,0.5006666666666667,2,0.5006666666666667,0,0
32,169,0,0,13,13,13,13,0,0,0,-13,0,0,-13,0,39.092,13,39.092,0,0
33,256,240,0,31,16,1,16,225,0,15,-1,15,0,-16,-15,180.364,16,180.364,15,0
34,256,256,400,32,41,0,-9,256,400,41,0,-9,625,9,9,787.672,16,387.672,16,25
35,121,275,143,36,24,-14,-2,625,325,38,14,12,169,2,-12,560.8293333333334,11,235.82933333333335,25,13
36,121,275,132,36,23,-14,-1,625,300,37,14,13,144,1,-13,530.7853333333334,11,230.78533333333337,25,12
37,256,240,0,31,16,1,16,225,0,15,-1,15,0,-16,-15,179.34133333333332,16,179.34133333333332,15,0
38,100,250,0,35,10,-15,10,625,0,25,15,25,0,-10,-25,146.68533333333335,10,146.68533333333335,25,0
39,121,275,0,36,11,-14,11,625,0,25,14,25,0,-11,-25,165.24933333333334,11,165.24933333333334,25,0
40,121,275,0,36,11,-14,11,625,0,25,14,25,0,-11,-25,166.20066666666668,11,166.20066666666668,25,0
41,100,250,130,35,23,-15,-3,625,325,38,15,12,169,3,-12,537.4973333333334,10,212.49733333333336,25,13
42,289,272,425,33,42,1,-8,256,400,41,-1,-9,625,8,9,816.184,17,416.18399999999997,16,25
43,289,255,425,32,42,2,-8,225,375,40,-2,-10,625,8,10,783.1773333333333,17,408.1773333333333,15,25
44,625,225,0,34,25,16,25,81,0,9,-16,9,0,-25,-9,262.298,25,262.298,9,0
45,100,250,250,35,35,-15,-15,625,625,50,15,0,625,15,0,897.6326666666666,10,272.63266666666664,25,25
46,121,275,275,36,36,-14,-14,625,625,50,14,0,625,14,0,927.6066666666667,11,302.6066666666667,25,25
47,576,240,0,34,24,14,24,100,0,10,-14,10,0,-24,-10,258.0846666666667,24,258.0846666666667,10,0
48,625,0,0,25,25,25,25,0,0,0,-25,0,0,-25,0,149.92933333333335,25,149.92933333333335,0,0
49,1,0,25,1,26,1,-24,0,0,25,-1,-25,625,24,25,12.783333333333333,1,12.783333333333333,0,25
50,4,0,50,2,27,2,-23,0,0,25,-2,-25,625,23,25,25.305333333333333,2,25.305333333333333,0,25
51,1,0,12,1,13,1,-11,0,0,12,-1,-12,144,11,12,6.296,1,6.296,0,12
52,49,0,133,7,26,7,-12,0,0,19,-7,-19,361,12,19,78.06933333333333,7,78.06933333333333,0,19
53,1,25,0,26,1,-24,1,625,0,25,24,25,0,-1,-25,13.066666666666666,1,13.066666666666666,25,0
54,625,625,0,50,25,0,25,625,0,25,0,25,0,-25,-25,459.58933333333334,25,459.58933333333334,25,0
55,625,0,0,25,25,25,25,0,0,0,-25,0,0,-25,0,149.84533333333334,25,149.84533333333334,0,0
56,256,240,0,31,16,1,16,225,0,15,-1,15,0,-16,-15,181.34533333333334,16,181.34533333333334,15,0
57,256,256,0,32,16,0,16,256,0,16,0,16,0,-16,-16,188.338,16,188.338,16,0
58,121,275,154,36,25,-14,-3,625,350,39,14,11,196,3,-11,592.2893333333334,11,242.2893333333334,25,14
59,121,275,143,36,24,-14,-2,625,325,38,14,12,169,2,-12,560.852,11,235.85199999999998,25,13
60,1,0,25,1,26,1,-24,0,0,25,-1,-25,625,24,25,12.416666666666666,1,12.416666666666666,0,25
61,4,0,50,2,27,2,-23,0,0,25,-2,-25,625,23,25,26.277333333333335,2,26.277333333333335,0,25
62,256,240,0,31,16,1,16,225,0,15,-1,15,0,-16,-15,182.11466666666666,16,182.11466666666666,15,0
63,100,250,0,35,10,-15,10,625,0,25,15,25,0,-10,-25,147.51066666666668,10,147.51066666666668,25,0
64,121,275,0,36,11,-14,11,625,0,25,14,25,0,-11,-25,163.8,11,163.8,25,0
65,121,275,275,36,36,-14,-14,625,625,50,14,0,625,14,0,927.464,11,302.46400000000006,25,25
66,1,0,12,1,13,1,-11,0,0,12,-1,-12,144,11,12,6.04,1,6.04,0,12
67,625,0,625,25,50,25,0,0,0,25,-25,-25,625,0,25,464.1193333333333,25,464.1193333333333,0,25
68,100,250,140,35,24,-15,-4,625,350,39,15,11,196,4,-11,567.3706666666667,10,217.3706666666667,25,14
69,289,272,425,33,42,1,-8,256,400,41,-1,-9,625,8,9,817.508,17,417.50800000000004,16,25
70,1,25,0,26,1,-24,1,625,0,25,24,25,0,-1,-25,12.45,1,12.45,25,0
71,256,240,0,31,16,1,16,225,0,15,-1,15,0,-16,-15,179.67466666666667,16,179.67466666666667,15,0
72,625,625,0,50,25,0,25,625,0,25,0,25,0,-25,-25,458.9293333333333,25,458.9293333333333,25,0
73,100,250,250,35,35,-15,-15,625,625,50,15,0,625,15,0,897.5206666666667,10,272.52066666666667,25,25
74,121,275,0,36,11,-14,11,625,0,25,14,25,0,-11,-25,162.49266666666668,11,162.49266666666668,25,0
75,576,240,0,34,24,14,24,100,0,10,-14,10,0,-24,-10,259.20666666666665,24,259.20666666666665,10,0
76,625,0,0,25,25,25,25,0,0,0,-25,0,0,-25,0,150.392,25,150.392,0,0
77,625,0,0,25,25,25,25,0,0,0,-25,0,0,-25,0,149.976,25,149.976,0,0
78,169,0,0,13,13,13,13,0,0,0,-13,0,0,-13,0,38.73866666666667,13,38.73866666666667,0,0
79,1,25,25,26,26,-24,-24,625,625,50,24,0,625,24,0,650.0,1,25.0,25,25
80,4,0,0,2,2,2,2,0,0,0,-2,0,0,-2,0,0.5006666666666667,2,0.5006666666666667,0,0
81,169,0,0,13,13,13,13,0,0,0,-13,0,0,-13,0,39.092,13,39.092,0,0
82,256,240,0,31,16,1,16,225,0,15,-1,15,0,-16,-15,180.364,16,180.364,15,0
83,256,256,400,32,41,0,-9,256,400,41,0,-9,625,9,9,787.672,16,387.672,16,25
84,121,275,143,36,24,-14,-2,625,325,38,14,12,169,2,-12,560.8293333333334,11,235.82933333333335,25,13
85,121,275,132,36,23,-14,-1,625,300,37,14,13,144,1,-13,530.7853333333334,11,230.78533333333337,25,12
86,256,240,0,31,16,1,16,225,0,15,-1,15,0,-16,-15,179.34133333333332,16,179.34133333333332,15,0
87,100,250,0,35,10,-15,10,625,0,25,15,25,0,-10,-25,146.68533333333335,10,146.68533333333335,25,0
88,121,275,0,36,11,-14,11,625,0,25,14,25,0,-11,-25,165.24933333333334,11,165.24933333333334,25,0
89,121,275,0,36,11,-14,11,625,0,25,14,25,0,-11,-25,166.20066666666668,11,166.20066666666668,25,0
90,100,250,130,35,23,-15,-3,625,325,38,15,12,169,3,-12,537.4973333333334,10,212.49733333333336,25,13
91,289,272,425,33,42,1,-8,256,400,41,-1,-9,625,8,9,816.184,17,416.18399999999997,16,25
92,289,255,425,32,42,2,-8,225,375,40,-2,-10,625,8,10,783.1773333333333,17,408.1773333333333,15,25
93,625,225,0,34,25,16,25,81,0,9,-16,9,0,-25,-9,262.298,25,262.298,9,0
94,100,250,250,35,35,-15,-15,625,625,50,15,0,625,15,0,897.6326666666666,10,272.63266666666664,25,25
95,121,275,275,36,36,-14,-14,625,625,50,14,0,625,14,0,927.6066666666667,11,302.6066666666667,25,25
96,576,240,0,34,24,14,24,100,0,10,-14,10,0,-24,-10,258.0846666666667,24,258.0846666666667,10,0
97,625,0,0,25,25,25,25,0,0,0,-25,0,0,-25,0,149.92933333333335,25,149.92933333333335,0,0
98,1,0,25,1,26,1,-24,0,0,25,-1,-25,625,24,25,12.783333333333333,1,12.783333333333333,0,25
99,4,0,50,2,27,2,-23,0,0,25,-2,-25,625,23,25,25.305333333333333,2,25.305333333333333,0,25
100,1,0,12,1,13,1,-11,0,0,12,-1,-12,144,11,12,6.296,1,6.296,0,12
101,49,0,133,7,26,7,-12,0,0,19,-7,-19,361,12,19,78.06933333333333,7,78.06933333333333,0,19
102,1,25,0,26,1,-24,1,625,0,25,24,25,0,-1,-25,13.066666666666666,1,13.066666666666666,25,0
103,625,625,0,50,25,0,25,625,0,25,0,25,0,-25,-25,459.58933333333334,25,459.58933333333334,25,0
104,625,0,0,25,25,25,25,0,0,0,-25,0,0,-25,0,149.84533333333334,25,149.84533333333334,0,0
105,256,240,0,31,16,1,16,225,0,15,-1,15,0,-16,-15,181.34533333333334,16,181.34533333333334,15,0
106,256,256,0,32,16,0,16,256,0,16,0,16,0,-16,-16,188.338,16,188.338,16,0
107,121,275,154,36,25,-14,-3,625,350,39,14,11,196,3,-11,592.2893333333334,11,242.2893333333334,25,14
108,121,275,143,36,24,-14,-2,625,325,38,14,12,169,2,-12,560.852,11,235.85199999999998,25,13
109,1,0,25,1,26,1,-24,0,0,25,-1,-25,625,24,25,12.416666666666666,1,12.416666666666666,0,25
110,4,0,50,2,27,2,-23,0,0,25,-2,-25,625,23,25,26.277333333333335,2,26.277333333333335,0,25
111,256,240,0,31,16,1,16,225,0,15,-1,15,0,-16,-15,182.11466666666666,16,182.11466666666666,15,0
112,100,250,0,35,10,-15,10,625,0,25,15,25,0,-10,-25,147.51066666666668,10,147.51066666666668,25,0
113,121,275,0,36,11,-14,11,625,0,25,14,25,0,-11,-25,163.8,11,163.8,25,0
114,121,275,275,36,36,-14,-14,625,625,50,14,0,625,14,0,927.464,11,302.46400000000006,25,25
115,1,0,12,1,13,1,-11,0,0,12,-1,-12,144,11,12,6.04,1,6.04,0,12
116,625,0,625,25,50,25,0,0,0,25,-25,-25,625,0,25,464.1193333333333,25,464.1193333333333,0,25
117,100,250,140,35,24,-15,-4,625,350,39,15,11,196,4,-11,567.3706666666667,10,217.3706666666667,25,14
118,289,272,425,33,42,1,-8,256,400,41,-1,-9,625,8,9,817.508,17,417.50800000000004,16,25
119,1,25,0,26,1,-24,1,625,0,25,24,25,0,-1,-25,12.45,1,12.45,25,0
120,256,240,0,31,16,1,16,225,0,15,-1,15,0,-16,-15,179.67466666666667,16,179.67466666666667,15,0
121,625,625,0,50,25,0,25,625,0,25,0,25,0,-25,-25,458.9293333333333,25,458.9293333333333,25,0
122,100,250,250,35,35,-15,-15,625,625,50,15,0,625,15,0,897.5206666666667,10,272.52066666666667,25,25
123,121,275,0,36,11,-14,11,625,0,25,14,25,0,-11,-25,162.49266666666668,11,162.49266666666668,25,0
124,576,240,0,34,24,14,24,100,0,10,-14,10,0,-24,-10,259.20666666666665,24,259.20666666666665,10,0
125,625,0,0,25,25,25,25,0,0,0,-25,0,0,-25,0,150.392,25,150.392,0,0
126,625,0,0,25,25,25,25,0,0,0,-25,0,0,-25,0,149.976,25,149.976,0,0
127,169,0,0,13,13,13,13,0,0,0,-13,0,0,-13,0,38.73866666666667,13,38.73866666666667,0,0
128,1,25,25,26,26,-24,-24,625,625,50,24,0,625,24,0,650.0,1,25.0,25,25
129,4,0,0,2,2,2,2,0,0,0,-2,0,0,-2,0,0.5006666666666667,2,0.5006666666666667,0,0
130,169,0,0,13,13,13,13,0,0,0,-13,0,0,-13,0,39.092,13,39.092,0,0
131,256,240,0,31,16,1,16,225,0,15,-1,15,0,-16,-15,180.364,16,180.364,15,0
132,256,256,400,32,41,0,-9,256,400,41,0,-9,625,9,9,787.672,16,387.672,16,25
133,121,275,143,36,24,-14,-2,625,325,38,14,12,169,2,-12,560.8293333333334,11,235.82933333333335,25,13
134,121,275,132,36,23,-14,-1,625,300,37,14,13,144,1,-13,530.7853333333334,11,230.78533333333337,25,12
135,256,240,0,31,16,1,16,225,0,15,-1,15,0,-16,-15,179.34133333333332,16,179.34133333333332,15,0
136,100,250,0,35,10,-15,10,625,0,25,15,25,0,-10,-25,146.68533333333335,10,146.68533333333335,25,0
137,121,275,0,36,11,-14,11,625,0,25,14,25,0,-11,-25,165.24933333333334,11,165.24933333333334,25,0
138,121,275,0,36,11,-14,11,625,0,25,14,25,0,-11,-25,166.20066666666668,11,166.20066666666668,25,0
139,100,250,130,35,23,-15,-3,625,325,38,15,12,169,3,-12,537.4973333333334,10,212.49733333333336,25,13
140,289,272,425,33,42,1,-8,256,400,41,-1,-9,625,8,9,816.184,17,416.18399999999997,16,25
141,289,255,425,32,42,2,-8,225,375,40,-2,-10,625,8,10,783.1773333333333,17,408.1773333333333,15,25
142,625,225,0,34,25,16,25,81,0,9,-16,9,0,-25,-9,262.298,25,262.298,9,0
143,100,250,250,35,35,-15,-15,625,625,50,15,0,625,15,0,897.6326666666666,10,272.63266666666664,25,25
144,121,275,275,36,36,-14,-14,625,625,50,14,0,625,14,0,927.6066666666667,11,302.6066666666667,25,25
145,576,240,0,34,24,14,24,100,0,10,-14,10,0,-24,-10,258.0846666666667,24,258.0846666666667,10,0
146,625,0,0,25,25,25,25,0,0,0,-25,0,0,-25,0,149.92933333333335,25,149.92933333333335,0,0
147,1,0,25,1,26,1,-24,0,0,25,-1,-25,625,24,25,12.783333333333333,1,12.783333333333333,0,25
148,4,0,50,2,27,2,-23,0,0,25,-2,-25,625,23,25,25.305333333333333,2,25.305333333333333,0,25
149,1,0,12,1,13,1,-11,0,0,12,-1,-12,144,11,12,6.296,1,6.296,0,12
150,49,0,133,7,26,7,-12,0,0,19,-7,-19,361,12,19,78.06933333333333,7,78.06933333333333,0,19
151,1,25,0,26,1,-24,1,625,0,25,24,25,0,-1,-25,13.066666666666666,1,13.066666666666666,25,0
152,625,625,0,50,25,0,25,625,0,25,0,25,0,-25,-25,459.58933333333334,25,459.58933333333334,25,0
153,625,0,0,25,25,25,25,0,0,0,-25,0,0,-25,0,149.84533333333334,25,149.84533333333334,0,0
154,256,240,0,31,16,1,16,225,0,15,-1,15,0,-16,-15,181.34533333333334,16,181.34533333333334,15,0
155,256,256,0,32,16,0,16,256,0,16,0,16,0,-16,-16,188.338,16,188.338,16,0
156,121,275,154,36,25,-14,-3,625,350,39,14,11,196,3,-11,592.2893333333334,11,242.2893333333334,25,14
157,121,275,143,36,24,-14,-2,625,325,38,14,12,169,2,-12,560.852,11,235.85199999999998,25,13
158,1,0,25,1,26,1,-24,0,0,25,-1,-25,625,24,25,12.416666666666666,1,12.416666666666666,0,25
159,4,0,50,2,27,2,-23,0,0,25,-2,-25,625,23,25,26.277333333333335,2,26.277333333333335,0,25
160,256,240,0,31,16,1,16,225,0,15,-1,15,0,-16,-15,182.11466666666666,16,182.11466666666666,15,0
161,100,250,0,35,10,-15,10,625,0,25,15,25,0,-10,-25,147.51066666666668,10,147.51066666666668,25,0
162,121,275,0,36,11,-14,11,625,0,25,14,25,0,-11,-25,163.8,11,163.8,25,0
163,121,275,275,36,36,-14,-14,625,625,50,14,0,625,14,0,927.464,11,302.46400000000006,25,25
164,1,0,12,1,13,1,-11,0,0,12,-1,-12,144,11,12,6.04,1,6.04,0,12
165,625,0,625,25,50,25,0,0,0,25,-25,-25,625,0,25,464.1193333333333,25,464.1193333333333,0,25
166,100,250,140,35,24,-15,-4,625,350,39,15,11,196,4,-11,567.3706666666667,10,217.3706666666667,25,14
167,289,272,425,33,42,1,-8,256,400,41,-1,-9,625,8,9,817.508,17,417.50800000000004,16,25
168,1,25,0,26,1,-24,1,625,0,25,24,25,0,-1,-25,12.45,1,12.45,25,0
169,256,240,0,31,16,1,16,225,0,15,-1,15,0,-16,-15,179.67466666666667,16,179.67466666666667,15,0
170,625,625,0,50,25,0,25,625,0,25,0,25,0,-25,-25,458.9293333333333,25,458.9293333333333,25,0
171,100,250,250,35,35,-15,-15,625,625,50,15,0,625,15,0,897.5206666666667,10,272.52066666666667,25,25
172,121,275,0,36,11,-14,11,625,0,25,14,25,0,-11,-25,162.49266666666668,11,162.49266666666668,25,0
173,576,240,0,34,24,14,24,100,0,10,-14,10,0,-24,-10,259.20666666666665,24,259.20666666666665,10,0
174,625,0,0,25,25,25,25,0,0,0,-25,0,0,-25,0,150.392,25,150.392,0,0
175,625,0,0,25,25,25,25,0,0,0,-25,0,0,-25,0,149.976,25,149.976,0,0
176,169,0,0,13,13,13,13,0,0,0,-13,0,0,-13,0,38.73866666666667,13,38.73866666666667,0,0
177,1,25,25,26,26,-24,-24,625,625,50,24,0,625,24,0,650.0,1,25.0,25,25
178,4,0,0,2,2,2,2,0,0,0,-2,0,0,-2,0,0.5006666666666667,2,0.5006666666666667,0,0
179,169,0,0,13,13,13,13,0,0,0,-13,0,0,-13,0,39.092,13,39.092,0,0
180,256,240,0,31,16,1,16,225,0,15,-1,15,0,-16,-15,180.364,16,180.364,15,0
181,256,256,400,32,41,0,-9,256,400,41,0,-9,625,9,9,787.672,16,387.672,16,25
182,121,275,143,36,24,-14,-2,625,325,38,14,12,169,2,-12,560.8293333333334,11,235.82933333333335,25,13
183,121,275,132,36,23,-14,-1,625,300,37,14,13,144,1,-13,530.7853333333334,11,230.78533333333337,25,12
184,256,240,0,31,16,1,16,225,0,15,-1,15,0,-16,-15,179.34133333333332,16,179.34133333333332,15,0
185,100,250,0,35,10,-15,10,625,0,25,15,25,0,-10,-25,146.68533333333335,10,146.68533333333335,25,0
186,121,275,0,36,11,-14,11,625,0,25,14,25,0,-11,-25,165.24933333333334,11,165.24933333333334,25,0
187,121,275,0,36,11,-14,11,625,0,25,14,25,0,-11,-25,166.20066666666668,11,166.20066666666668,25,0
188,100,250,130,35,23,-15,-3,625,325,38,15,12,169,3,-12,537.4973333333334,10,212.49733333333336,25,13
189,289,272,425,33,42,1,-8,256,400,41,-1,-9,625,8,9,816.184,17,416.18399999999997,16,25
190,289,255,425,32,42,2,-8,225,375,40,-2,-10,625,8,10,783.1773333333333,17,408.1773333333333,15,25
191,625,225,0,34,25,16,25,81,0,9,-16,9,0,-25,-9,262.298,25,262.298,9,0
192,100,250,250,35,35,-15,-15,625,625,50,15,0,625,15,0,897.6326666666666,10,272.63266666666664,25,25
193,121,275,275,36,36,-14,-14,625,625,50,14,0,625,14,0,927.6066666666667,11,302.6066666666667,25,25
194,576,240,0,34,24,14,24,100,0,10,-14,10,0,-24,-10,258.0846666666667,24,258.0846666666667,10,0
195,625,0,0,25,25,25,25,0,0,0,-25,0,0,-25,0,149.92933333333335,25,149.92933333333335,0,0
196,1,0,25,1,26,1,-24,0,0,25,-1,-25,625,24,25,12.783333333333333,1,12.783333333333333,0,25
197,4,0,50,2,27,2,-23,0,0,25,-2,-25,625,23,25,25.305333333333333,2,25.305333333333333,0,25
198,1,0,12,1,13,1,-11,0,0,12,-1,-12,144,11,12,6.296,1,6.296,0,12
199,49,0,133,7,26,7,-12,0,0,19,-7,-19,361,12,19,78.06933333333333,7,78.06933333333333,0,19
200,1,25,0,26,1,-24,1,625,0,25,24,25,0,-1,-25,13.066666666666666,1,13.066666666666666,25,0
201,625,625,0,50,25,0,25,625,0,25,0,25,0,-25,-25,459.58933333333334,25,459.58933333333334,25,0
202,625,0,0,25,25,25,25,0,0,0,-25,0,0,-25,0,149.84533333333334,25,149.84533333333334,0,0
203,256,240,0,31,16,1,16,225,0,15,-1,15,0,-16,-15,181.34533333333334,16,181.34533333333334,15,0
204,256,256,0,32,16,0,16,256,0,16,0,16,0,-16,-16,188.338,16,188.338,16,0
205,121,275,154,36,25,-14,-3,625,350,39,14,11,196,3,-11,592.2893333333334,11,242.2893333333334,25,14
206,121,275,143,36,24,-14,-2,625,325,38,14,12,169,2,-12,560.852,11,235.85199999999998,25,13
207,1,0,25,1,26,1,-24,0,0,25,-1,-25,625,24,25,12.416666666666666,1,12.416666666666666,0,25
208,4,0,50,2,27,2,-23,0,0,25,-2,-25,625,23,25,26.277333333333335,2,26.277333333333335,0,25
209,256,240,0,31,16,1,16,225,0,15,-1,15,0,-16,-15,182.11466666666666,16,182.11466666666666,15,0
210,100,250,0,35,10,-15,10,625,0,25,15,25,0,-10,-25,147.51066666666668,10,147.51066666666668,25,0
211,121,275,0,36,11,-14,11,625,0,25,14,25,0,-11,-25,163.8,11,163.8,25,0
212,121,275,275,36,36,-14,-14,625,625,50,14,0,625,14,0,927.464,11,302.46400000000006,25,25
213,1,0,12,1,13,1,-11,0,0,12,-1,-12,144,11,12,6.04,1,6.04,0,12
214,625,0,625,25,50,25,0,0,0,25,-25,-25,625,0,25,464.1193333333333,25,464.1193333333333,0,25
215,100,250,140,35,24,-15,-4,625,350,39,15,11,196,4,-11,567.3706666666667,10,217.3706666666667,25,14
216,289,272,425,33,42,1,-8,256,400,41,-1,-9,625,8,9,817.508,17,417.50800000000004,16,25
217,1,25,0,26,1,-24,1,625,0,25,24,25,0,-1,-25,12.45,1,12.45,25,0
218,256,240,0,31,16,1,16,225,0,15,-1,15,0,-16,-15,179.67466666666667,16,179.67466666666667,15,0
219,625,625,0,50,25,0,25,625,0,25,0,25,0,-25,-25,458.9293333333333,25,458.9293333333333,25,0
220,100,250,250,35,35,-15,-15,625,625,50,15,0,625,15,0,897.5206666666667,10,272.52066666666667,25,25
221,121,275,0,36,11,-14,11,625,0,25,14,25,0,-11,-25,162.49266666666668,11,162.49266666666668,25,0
222,576,240,0,34,24,14,24,100,0,10,-14,10,0,-24,-10,259.20666666666665,24,259.20666666666665,10,0
223,625,0,0,25,25,25,25,0,0,0,-25,0,0,-25,0,150.392,25,150.392,0,0
224,625,0,0,25,25,25,25,0,0,0,-25,0,0,-25,0,149.976,25,149.976,0,0
225,169,0,0,13,13,13,13,0,0,0,-13,0,0,-13,0,38.73866666666667,13,38.73866666666667,0,0
226,1,25,25,26,26,-24,-24,625,625,50,24,0,625,24,0,650.0,1,25.0,25,25
227,4,0,0,2,2,2,2,0,0,0,-2,0,0,-2,0,0.5006666666666667,2,0.5006666666666667,0,0
228,169,0,0,13,13,13,13,0,0,0,-13,0,0,-13,0,39.092,13,39.092,0,0
229,256,240,0,31,16,1,16,225,0,15,-1,15,0,-16,-15,180.364,16,180.364,15,0
230,256,256,400,32,41,0,-9,256,400,41,0,-9,625,9,9,787.672,16,387.672,16,25
231,121,275,143,36,24,-14,-2,625,325,38,14,12,169,2,-12,560.8293333333334,11,235.82933333333335,25,13
232,121,275,132,36,23,-14,-1,625,300,37,14,13,144,1,-13,530.7853333333334,11,230.78533333333337,25,12
233,256,240,0,31,16,1,16,225,0,15,-1,15,0,-16,-15,179.34133333333332,16,179.34133333333332,15,0
234,100,250,0,35,10,-15,10,625,0,25,15,25,0,-10,-25,146.68533333333335,10,146.68533333333335,25,0
235,121,275,0,36,11,-14,11,625,0,25,14,25,0,-11,-25,165.24933333333334,11,165.24933333333334,25,0
236,121,275,0,36,11,-14,11,625,0,25,14,25,0,-11,-25,166.20066666666668,11,166.20066666666668,25,0
237,100,250,130,35,23,-15,-3,625,325,38,15,12,169,3,-12,537.4973333333334,10,212.49733333333336,25,13
238,289,272,425,33,42,1,-8,256,400,41,-1,-9,625,8,9,816.184,17,416.18399999999997,16,25
239,289,255,425,32,42,2,-8,225,375,40,-2,-10,625,8,10,783.1773333333333,17,408.1773333333333,15,25
240,625,225,0,34,25,16,25,81,0,9,-16,9,0,-25,-9,262.298,25,262.298,9,0
241,100,250,250,35,35,-15,-15,625,625,50,15,0,625,15,0,897.6326666666666,10,272.63266666666664,25,25
242,121,275,275,36,36,-14,-14,625,625,50,14,0,625,14,0,927.6066666666667,11,302.6066666666667,25,25
243,576,240,0,34,24,14,24,100,0,10,-14,10,0,-24,-10,258.0846666666667,24,258.0846666666667,10,0
244,625,0,0,25,25,25,25,0,0,0,-25,0,0,-25,0,149.92933333333335,25,149.92933333333335,0,0
245,1,0,25,1,26,1,-24,0,0,25,-1,-25,625,24,25,12.783333333333333,1,12.783333333333333,0,25
246,4,0,50,2,27,2,-23,0,0,25,-2,-25,625,23,25,25.305333333333333,2,25.305333333333333,0,25
247,1,0,12,1,13,1,-11,0,0,12,-1,-12,144,11,12,6.296,1,6.296,0,12
248,49,0,133,7,26,7,-12,0,0,19,-7,-19,361,12,19,78.06933333333333,7,78.06933333333333,0,19
249,1,25,0,26,1,-24,1,625,0,25,24,25,0,-1,-25,13.066666666666666,1,13.066666666666666,25,0
250,625,625,0,50,25,0,25,625,0,25,0,25,0,-25,-25,459.58933333333334,25,459.58933333333334,25,0
251,625,0,0,25,25,25,25,0,0,0,-25,0,0,-25,0,149.84533333333334,25,149.84533333333334,0,0
252,256,240,0,31,16,1,16,225,0,15,-1,15,0,-16,-15,181.34533333333334,16,181.34533333333334,15,0
253,256,256,0,32,16,0,16,256,0,16,0,16,0,-16,-16,188.338,16,188.338,16,0
254,121,275,154,36,25,-14,-3,625,350,39,14,11,196,3,-11,592.2893333333334,11,242.2893333333334,25,14
255,121,275,143,36,24,-14,-2,625,325,38,14,12,169,2,-12,560.852,11,235.85199999999998,25,13
256,1,0,25,1,26,1,-24,0,0,25,-1,-25,625,24,25,12.416666666666666,1,12.416666666666666,0,25
257,4,0,50,2,27,2,-23,0,0,25,-2,-25,625,23,25,26.277333333333335,2,26.277333333333335,0,25
258,256,240,0,31,16,1,16,225,0,15,-1,15,0,-16,-15,182.11466666666666,16,182.11466666666666,15,0
259,100,250,0,35,10,-15,10,625,0,25,15,25,0,-10,-25,147.51066666666668,10,147.51066666666668,25,0
260,121,275,0,36,11,-14,11,625,0,25,14,25,0,-11,-25,163.8,11,163.8,25,0
261,121,275,275,36,36,-14,-14,625,625,50,14,0,625,14,0,927.464,11,302.46400000000006,25,25
262,1,0,12,1,13,1,-11,0,0,12,-1,-12,144,11,12,6.04,1,6.04,0,12
263,625,0,625,25,50,25,0,0,0,25,-25,-25,625,0,25,464.1193333333333,25,464.1193333333333,0,25
264,100,250,140,35,24,-15,-4,625,350,39,15,11,196,4,-11,567.3706666666667,10,217.3706666666667,25,14
265,289,272,425,33,42,1,-8,256,400,41,-1,-9,625,8,9,817.508,17,417.50800000000004,16,25
266,1,25,0,26,1,-24,1,625,0,25,24,25,0,-1,-25,12.45,1,12.45,25,0
267,256,240,0,31,16,1,16,225,0,15,-1,15,0,-16,-15,179.67466666666667,16,179.67466666666667,15,0
268,625,625,0,50,25,0,25,625,0,25,0,25,0,-25,-25,458.9293333333333,25,458.9293333333333,25,0
269,100,250,250,35,35,-15,-15,625,625,50,15,0,625,15,0,897.5206666666667,10,272.52066666666667,25,25
270,121,275,0,36,11,-14,11,625,0,25,14,25,0,-11,-25,162.49266666666668,11,162.49266666666668,25,0
271,576,240,0,34,24,14,24,100,0,10,-14,10,0,-24,-10,259.20666666666665,24,259.20666666666665,10,0
272,625,0,0,25,25,25,25,0,0,0,-25,0,0,-25,0,150.392,25,150.392,0,0
273,625,0,0,25,25,25,25,0,0,0,-25,0,0,-25,0,149.976,25,149.976,0,0
274,169,0,0,13,13,13,13,0,0,0,-13,0,0,-13,0,38.73866666666667,13,38.73866666666667,0,0
275,1,25,25,26,26,-24,-24,625,625,50,24,0,625,24,0,650.0,1,25.0,25,25
276,4,0,0,2,2,2,2,0,0,0,-2,0,0,-2,0,0.5006666666666667,2,0.5006666666666667,0,0
277,169,0,0,13,13,13,13,0,0,0,-13,0,0,-13,0,39.092,13,39.092,0,0
278,256,240,0,31,16,1,16,225,0,15,-1,15,0,-16,-15,180.364,16,180.364,15,0
279,256,256,400,32,41,0,-9,256,400,41,0,-9,625,9,9,787.672,16,387.672,16,25
280,121,275,143,36,24,-14,-2,625,325,38,14,12,169,2,-12,560.8293333333334,11,235.82933333333335,25,13
281,121,275,132,36,23,-14,-1,625,300,37,14,13,144,1,-13,530.7853333333334,11,230.78533333333337,25,12
282,256,240,0,31,16,1,16,225,0,15,-1,15,0,-16,-15,179.34133333333332,16,179.34133333333332,15,0
283,100,250,0,35,10,-15,10,625,0,25,15,25,0,-10,-25,146.68533333333335,10,146.68533333333335,25,0
284,121,275,0,36,11,-14,11,625,0,25,14,25,0,-11,-25,165.24933333333334,11,165.24933333333334,25,0
285,121,275,0,36,11,-14,11,625,0,25,14,25,0,-11,-25,166.20066666666668,11,166.20066666666668,25,0
286,100,250,130,35,23,-15,-3,625,325,38,15,12,169,3,-12,537.4973333333334,10,212.49733333333336,25,13
287,289,272,425,33,42,1,-8,256,400,41,-1,-9,625,8,9,816.184,17,416.18399999999997,16,25
288,289,255,425,32,42,2,-8,225,375,40,-2,-10,625,8,10,783.1773333333333,17,408.1773333333333,15,25
289,625,225,0,34,25,16,25,81,0,9,-16,9,0,-25,-9,262.298,25,262.298,9,0
290,100,250,250,35,35,-15,-15,625,625,50,15,0,625,15,0,897.6326666666666,10,272.63266666666664,25,25
291,121,275,275,36,36,-14,-14,625,625,50,14,0,625,14,0,927.6066666666667,11,302.6066666666667,25,25
292,576,240,0,34,24,14,24,100,0,10,-14,10,0,-24,-10,258.0846666666667,24,258.0846666666667,10,0
293,625,0,0,25,25,25,25,0,0,0,-25,0,0,-25,0,149.92933333333335,25,149.92933333333335,0,0
294,1,0,25,1,26,1,-24,0,0,25,-1,-25,625,24,25,12.783333333333333,1,12.783333333333333,0,25
295,4,0,50,2,27,2,-23,0,0,25,-2,-25,625,23,25,25.305333333333333,2,25.305333333333333,0,25
296,1,0,12,1,13,1,-11,0,0,12,-1,-12,144,11,12,6.296,1,6.296,0,12
297,49,0,133,7,26,7,-12,0,0,19,-7,-19,361,12,19,78.06933333333333,7,78.06933333333333,0,19
298,1,25,0,26,1,-24,1,625,0,25,24,25,0,-1,-25,13.066666666666666,1,13.066666666666666,25,0
299,625,625,0,50,25,0,25,625,0,25,0,25,0,-25,-25,459.58933333333334,25,459.58933333333334,25,0
300,625,0,0,25,25,25,25,0,0,0,-25,0,0,-25,0,149.84533333333334,25,149.84533333333334,0,0
301,256,240,0,31,16,1,16,225,0,15,-1,15,0,-16,-15,181.34533333333334,16,181.34533333333334,15,0
302,256,256,0,32,16,0,16,256,0,16,0,16,0,-16,-16,188.338,16,188.338,16,0
303,121,275,154,36,25,-14,-3,625,350,39,14,11,196,3,-11,592.2893333333334,11,242.2893333333334,25,14
304,121,275,143,36,24,-14,-2,625,325,38,14,12,169,2,-12,560.852,11,235.85199999999998,25,13
305,1,0,25,1,26,1,-24,0,0,25,-1,-25,625,24,25,12.416666666666666,1,12.416666666666666,0,25
306,4,0,50,2,27,2,-23,0,0,25,-2,-25,625,23,25,26.277333333333335,2,26.277333333333335,0,25
307,256,240,0,31,16,1,16,225,0,15,-1,15,0,-16,-15,182.11466666666666,16,182.11466666666666,15,0
308,100,250,0,35,10,-15,10,625,0,25,15,25,0,-10,-25,147.51066666666668,10,147.51066666666668,25,0
309,121,275,0,36,11,-14,11,625,0,25,14,25,0,-11,-25,163.8,11,163.8,25,0
310,121,275,275,36,36,-14,-14,625,625,50,14,0,625,14,0,927.464,11,302.46400000000006,25,25
311,1,0,12,1,13,1,-11,0,0,12,-1,-12,144,11,12,6.04,1,6.04,0,12
312,625,0,625,25,50,25,0,0,0,25,-25,-25,625,0,25,464.1193333333333,25,464.1193333333333,0,25
313,100,250,140,35,24,-15,-4,625,350,39,15,11,196,4,-11,567.3706666666667,10,217.3706666666667,25,14
314,289,272,425,33,42,1,-8,256,400,41,-1,-9,625,8,9,817.508,17,417.50800000000004,16,25
315,1,25,0,26,1,-24,1,625,0,25,24,25,0,-1,-25,12.45,1,12.45,25,0
316,256,240,0,31,16,1,16,225,0,15,-1,15,0,-16,-15,179.67466666666667,16,179.67466666666667,15,0
317,625,625,0,50,25,0,25,625,0,25,0,25,0,-25,-25,458.9293333333333,25,458.9293333333333,25,0
318,100,250,250,35,35,-15,-15,625,625,50,15,0,625,15,0,897.5206666666667,10,272.52066666666667,25,25
319,121,275,0,36,11,-14,11,625,0,25,14,25,0,-11,-25,162.49266666666668,11,162.49266666666668,25,0
320,576,240,0,34,24,14,24,100,0,10,-14,10,0,-24,-10,259.20666666666665,24,259.20666666666665,10,0
321,625,0,0,25,25,25,25,0,0,0,-25,0,0,-25,0,150.392,25,150.392,0,0
322,625,0,0,25,25,25,25,0,0,0,-25,0,0,-25,0,149.976,25,149.976,0,0
323,169,0,0,13,13,13,13,0,0,0,-13,0,0,-13,0,38.73866666666667,13,38.73866666666667,0,0
324,1,25,25,26,26,-24,-24,625,625,50,24,0,625,24,0,650.0,1,25.0,25,25
325,4,0,0,2,2,2,2,0,0,0,-2,0,0,-2,0,0.5006666666666667,2,0.5006666666666667,0,0
326,169,0,0,13,13,13,13,0,0,0,-13,0,0,-13,0,39.092,13,39.092,0,0
327,256,240,0,31,16,1,16,225,0,15,-1,15,0,-16,-15,180.364,16,180.364,15,0
328,256,256,400,32,41,0,-9,256,400,41,0,-9,625,9,9,787.672,16,387.672,16,25
329,121,275,143,36,24,-14,-2,625,325,38,14,12,169,2,-12,560.8293333333334,11,235.82933333333335,25,13
330,121,275,132,36,23,-14,-1,625,300,37,14,13,144,1,-13,530.7853333333334,11,230.78533333333337,25,12
331,256,240,0,31,16,1,16,225,0,15,-1,15,0,-16,-15,179.34133333333332,16,179.34133333333332,15,0
332,100,250,0,35,10,-15,10,625,0,25,15,25,0,-10,-25,146.68533333333335,10,146.68533333333335,25,0
333,121,275,0,36,11,-14,11,625,0,25,14,25,0,-11,-25,165.24933333333334,11,165.24933333333334,25,0
334,121,275,0,36,11,-14,11,625,0,25,14,25,0,-11,-25,166.20066666666668,11,166.20066666666668,25,0
335,100,250,130,35,23,-15,-3,625,325,38,15,12,169,3,-12,537.4973333333334,10,212.49733333333336,25,13
336,289,272,425,33,42,1,-8,256,400,41,-1,-9,625,8,9,816.184,17,416.18399999999997,16,25
337,289,255,425,32,42,2,-8,225,375,40,-2,-10,625,8,10,783.1773333333333,17,408.1773333333333,15,25
338,625,225,0,34,25,16,25,81,0,9,-16,9,0,-25,-9,262.298,25,262.298,9,0
339,100,250,250,35,35,-15,-15,625,625,50,15,0,625,15,0,897.6326666666666,10,272.63266666666664,25,25
340,121,275,275,36,36,-14,-14,625,625,50,14,0,625,14,0,927.6066666666667,11,302.6066666666667,25,25
341,576,240,0,34,24,14,24,100,0,10,-14,10,0,-24,-10,258.0846666666667,24,258.0846666666667,10,0
342,625,0,0,25,25,25,25,0,0,0,-25,0,0,-25,0,149.92933333333335,25,149.92933333333335,0,0
343,1,0,25,1,26,1,-24,0,0,25,-1,-25,625,24,25,12.783333333333333,1,12.783333333333333,0,25
344,4,0,50,2,27,2,-23,0,0,25,-2,-25,625,23,25,25.305333333333333,2,25.305333333333333,0,25
345,1,0,12,1,13,1,-11,0,0,12,-1,-12,144,11,12,6.296,1,6.296,0,12
346,49,0,133,7,26,7,-12,0,0,19,-7,-19,361,12,19,78.06933333333333,7,78.06933333333333,0,19
347,1,25,0,26,1,-24,1,625,0,25,24,25,0,-1,-25,13.066666666666666,1,13.066666666666666,25,0
348,625,625,0,50,25,0,25,625,0,25,0,25,0,-25,-25,459.58933333333334,25,459.58933333333334,25,0
349,625,0,0,25,25,25,25,0,0,0,-25,0,0,-25,0,149.84533333333334,25,149.84533333333334,0,0
350,256,240,0,31,16,1,16,225,0,15,-1,15,0,-16,-15,181.34533333333334,16,181.34533333333334,15,0
351,256,256,0,32,16,0,16,256,0,16,0,16,0,-16,-16,188.338,16,188.338,16,0
352,121,275,154,36,25,-14,-3,625,350,39,14,11,196,3,-11,592.2893333333334,11,242.2893333333334,25,14
353,121,275,143,36,24,-14,-2,625,325,38,14,12,169,2,-12,560.852,11,235.85199999999998,25,13
354,1,0,25,1,26,1,-24,0,0,25,-1,-25,625,24,25,12.416666666666666,1,12.416666666666666,0,25
355,4,0,50,2,27,2,-23,0,0,25,-2,-25,625,23,25,26.277333333333335,2,26.277333333333335,0,25
356,256,240,0,31,16,1,16,225,0,15,-1,15,0,-16,-15,182.11466666666666,16,182.11466666666666,15,0
357,100,250,0,35,10,-15,10,625,0,25,15,25,0,-10,-25,147.51066666666668,10,147.51066666666668,25,0
358,121,275,0,36,11,-14,11,625,0,25,14,25,0,-11,-25,163.8,11,163.8,25,0
359,121,275,275,36,36,-14,-14,625,625,50,14,0,625,14,0,927.464,11,302.46400000000006,25,25
360,1,0,12,1,13,1,-11,0,0,12,-1,-12,144,11,12,6.04,1,6.04,0,12
361,625,0,625,25,50,25,0,0,0,25,-25,-25,625,0,25,464.1193333333333,25,464.1193333333333,0,25
362,100,250,140,35,24,-15,-4,625,350,39,15,11,196,4,-11,567.3706666666667,10,217.3706666666667,25,14
363,289,272,425,33,42,1,-8,256,400,41,-1,-9,625,8,9,817.508,17,417.50800000000004,16,25
364,1,25,0,26,1,-24,1,625,0,25,24,25,0,-1,-25,12.45,1,12.45,25,0
365,256,240,0,31,16,1,16,225,0,15,-1,15,0,-16,-15,179.67466666666667,16,179.67466666666667,15,0
366,625,625,0,50,25,0,25,625,0,25,0,25,0,-25,-25,458.9293333333333,25,458.9293333333333,25,0
367,100,250,250,35,35,-15,-15,625,625,50,15,0,625,15,0,897.5206666666667,10,272.52066666666667,25,25
368,121,275,0,36,11,-14,11,625,0,25,14,25,0,-11,-25,162.49266666666668,11,162.49266666666668,25,0
369,576,240,0,34,24,14,24,100,0,10,-14,10,0,-24,-10,259.20666666666665,24,259.20666666666665,10,0
370,625,0,0,25,25,25,25,0,0,0,-25,0,0,-25,0,150.392,25,150.392,0,0
371,625,0,0,25,25,25,25,0,0,0,-25,0,0,-25,0,149.976,25,149.976,0,0
372,169,0,0,13,13,13,13,0,0,0,-13,0,0,-13,0,38.73866666666667,13,38.73866666666667,0,0
373,1,25,25,26,26,-24,-24,625,625,50,24,0,625,24,0,650.0,1,25.0,25,25
374,4,0,0,2,2,2,2,0,0,0,-2,0,0,-2,0,0.5006666666666667,2,0.5006666666666667,0,0
375,169,0,0,13,13,13,13,0,0,0,-13,0,0,-13,0,39.092,13,39.092,0,0
376,256,240,0,31,16,1,16,225,0,15,-1,15,0,-16,-15,180.364,16,180.364,15,0
377,256,256,400,32,41,0,-9,256,400,41,0,-9,625,9,9,787.672,16,387.672,16,25
378,121,275,143,36,24,-14,-2,625,325,38,14,12,169,2,-12,560.8293333333334,11,235.82933333333335,25,13
379,121,275,132,36,23,-14,-1,625,300,37,14,13,144,1,-13,530.7853333333334,11,230.78533333333337,25,12
380,256,240,0,31,16,1,16,225,0,15,-1,15,0,-16,-15,179.34133333333332,16,179.34133333333332,15,0
381,100,250,0,35,10,-15,10,625,0,25,15,25,0,-10,-25,146.68533333333335,10,146.68533333333335,25,0
382,121,275,0,36,11,-14,11,625,0,25,14,25,0,-11,-25,165.24933333333334,11,165.24933333333334,25,0
383,121,275,0,36,11,-14,11,625,0,25,14,25,0,-11,-25,166.20066666666668,11,166.20066666666668,25,0
384,100,250,130,35,23,-15,-3,625,325,38,15,12,169,3,-12,537.4973333333334,10,212.49733333333336,25,13
385,289,272,425,33,42,1,-8,256,400,41,-1,-9,625,8,9,816.184,17,416.18399999999997,16,25
386,289,255,425,32,42,2,-8,225,375,40,-2,-10,625,8,10,783.1773333333333,17,408.1773333333333,15,25
387,625,225,0,34,25,16,25,81,0,9,-16,9,0,-25,-9,262.298,25,262.298,9,0
388,100,250,250,35,35,-15,-15,625,625,50,15,0,625,15,0,897.6326666666666,10,272.63266666666664,25,25
389,121,275,275,36,36,-14,-14,625,625,50,14,0,625,14,0,927.6066666666667,11,302.6066666666667,25,25
390,576,240,0,34,24,14,24,100,0,10,-14,10,0,-24,-10,258.0846666666667,24,258.0846666666667,10,0
391,625,0,0,25,25,25,25,0,0,0,-25,0,0,-25,0,149.92933333333335,25,149.92933333333335,0,0
392,1,0,25,1,26,1,-24,0,0,25,-1,-25,625,24,25,12.783333333333333,1,12.783333333333333,0,25
393,4,0,50,2,27,2,-23,0,0,25,-2,-25,625,23,25,25.305333333333333,2,25.305333333333333,0,25
394,1,0,12,1,13,1,-11,0,0,12,-1,-12,144,11,12,6.296,1,6.296,0,12
395,49,0,133,7,26,7,-12,0,0,19,-7,-19,361,12,19,78.06933333333333,7,78.06933333333333,0,19
396,1,25,0,26,1,-24,1,625,0,25,24,25,0,-1,-25,13.066666666666666,1,13.066666666666666,25,0
397,625,625,0,50,25,0,25,625,0,25,0,25,0,-25,-25,459.58933333333334,25,459.58933333333334,25,0
398,625,0,0,25,25,25,25,0,0,0,-25,0,0,-25,0,149.84533333333334,25,149.84533333333334,0,0
399,256,240,0,31,16,1,16,225,0,15,-1,15,0,-16,-15,181.34533333333334,16,181.34533333333334,15,0
400,256,256,0,32,16,0,16,256,0,16,0,16,0,-16,-16,188.338,16,188.338,16,0
401,121,275,154,36,25,-14,-3,625,350,39,14,11,196,3,-11,592.2893333333334,11,242.2893333333334,25,14
402,121,275,143,36,24,-14,-2,625,325,38,14,12,169,2,-12,560.852,11,235.85199999999998,25,13
403,1,0,25,1,26,1,-24,0,0,25,-1,-25,625,24,25,12.416666666666666,1,12.416666666666666,0,25
404,4,0,50,2,27,2,-23,0,0,25,-2,-25,625,23,25,26.277333333333335,2,26.277333333333335,0,25
405,256,240,0,31,16,1,16,225,0,15,-1,15,0,-16,-15,182.11466666666666,16,182.11466666666666,15,0
406,100,250,0,35,10,-15,10,625,0,25,15,25,0,-10,-25,147.51066666666668,10,147.51066666666668,25,0
407,121,275,0,36,11,-14,11,625,0,25,14,25,0,-11,-25,163.8,11,163.8,25,0
408,121,275,275,36,36,-14,-14,625,625,50,14,0,625,14,0,927.464,11,302.46400000000006,25,25
409,1,0,12,1,13,1,-11,0,0,12,-1,-12,144,11,12,6.04,1,6.04,0,12
410,625,0,625,25,50,25,0,0,0,25,-25,-25,625,0,25,464.1193333333333,25,464.1193333333333,0,25
411,100,250,140,35,24,-15,-4,625,350,39,15,11,196,4,-11,567.3706666666667,10,217.3706666666667,25,14
412,289,272,425,33,42,1,-8,256,400,41,-1,-9,625,8,9,817.508,17,417.50800000000004,16,25
413,1,25,0,26,1,-24,1,625,0,25,24,25,0,-1,-25,12.45,1,12.45,25,0
414,256,240,0,31,16,1,16,225,0,15,-1,15,0,-16,-15,179.67466666666667,16,179.67466666666667,15,0
415,625,625,0,50,25,0,25,625,0,25,0,25,0,-25,-25,458.9293333333333,25,458.9293333333333,25,0
416,100,250,250,35,35,-15,-15,625,625,50,15,0,625,15,0,897.5206666666667,10,272.52066666666667,25,25
417,121,275,0,36,11,-14,11,625,0,25,14,25,0,-11,-25,162.49266666666668,11,162.49266666666668,25,0
418,576,240,0,34,24,14,24,100,0,10,-14,10,0,-24,-10,259.20666666666665,24,259.20666666666665,10,0
419,625,0,0,25,25,25,25,0,0,0,-25,0,0,-25,0,150.392,25,150.392,0,0
420,625,0,0,25,25,25,25,0,0,0,-25,0,0,-25,0,149.976,25,149.976,0,0
421,169,0,0,13,13,13,13,0,0,0,-13,0,0,-13,0,38.73866666666667,13,38.73866666666667,0,0
422,1,25,25,26,26,-24,-24,625,625,50,24,0,625,24,0,650.0,1,25.0,25,25
423,4,0,0,2,2,2,2,0,0,0,-2,0,0,-2,0,0.5006666666666667,2,0.5006666666666667,0,0
424,169,0,0,13,13,13,13,0,0,0,-13,0,0,-13,0,39.092,13,39.092,0,0
425,256,240,0,31,16,1,16,225,0,15,-1,15,0,-16,-15,180.364,16,180.364,15,0
426,256,256,400,32,41,0,-9,256,400,41,0,-9,625,9,9,787.672,16,387.672,16,25
427,121,275,143,36,24,-14,-2,625,325,38,14,12,169,2,-12,560.8293333333334,11,235.82933333333335,25,13
428,121,275,132,36,23,-14,-1,625,300,37,14,13,144,1,-13,530.7853333333334,11,230.78533333333337,25,12
429,256,240,0,31,16,1,16,225,0,15,-1,15,0,-16,-15,179.34133333333332,16,179.34133333333332,15,0
430,100,250,0,35,10,-15,10,625,0,25,15,25,0,-10,-25,146.68533333333335,10,146.68533333333335,25,0
431,121,275,0,36,11,-14,11,625,0,25,14,25,0,-11,-25,165.24933333333334,11,165.24933333333334,25,0
432,121,275,0,36,11,-14,11,625,0,25,14,25,0,-11,-25,166.20066666666668,11,166.20066666666668,25,0
433,100,250,130,35,23,-15,-3,625,325,38,15,12,169,3,-12,537.4973333333334,10,212.49733333333336,25,13
434,289,272,425,33,42,1,-8,256,400,41,-1,-9,625,8,9,816.184,17,416.18399999999997,16,25
435,289,255,425,32,42,2,-8,225,375,40,-2,-10,625,8,10,783.1773333333333,17,408.1773333333333,15,25
436,625,225,0,34,25,16,25,81,0,9,-16,9,0,-25,-9,262.298,25,262.298,9,0
437,100,250,250,35,35,-15,-15,625,625,50,15,0,625,15,0,897.6326666666666,10,272.63266666666664,25,25
438,121,275,275,36,36,-14,-14,625,625,50,14,0,625,14,0,927.6066666666667,11,302.6066666666667,25,25
439,576,240,0,34,24,14,24,100,0,10,-14,10,0,-24,-10,258.0846666666667,24,258.0846666666667,10,0
440,625,0,0,25,25,25,25,0,0,0,-25,0,0,-25,0,149.92933333333335,25,149.92933333333335,0,0
441,1,0,25,1,26,1,-24,0,0,25,-1,-25,625,24,25,12.783333333333333,1,12.783333333333333,0,25
442,4,0,50,2,27,2,-23,0,0,25,-2,-25,625,23,25,25.305333333333333,2,25.305333333333333,0,25
443,1,0,12,1,13,1,-11,0,0,12,-1,-12,144,11,12,6.296,1,6.296,0,12
444,49,0,133,7,26,7,-12,0,0,19,-7,-19,361,12,19,78.06933333333333,7,78.06933333333333,0,19
445,1,25,0,26,1,-24,1,625,0,25,24,25,0,-1,-25,13.066666666666666,1,13.066666666666666,25,0
446,625,625,0,50,25,0,25,625,0,25,0,25,0,-25,-25,459.58933333333334,25,459.58933333333334,25,0
447,625,0,0,25,25,25,25,0,0,0,-25,0,0,-25,0,149.84533333333334,25,149.84533333333334,0,0
448,256,240,0,31,16,1,16,225,0,15,-1,15,0,-16,-15,181.34533333333334,16,181.34533333333334,15,0
449,256,256,0,32,16,0,16,256,0,16,0,16,0,-16,-16,188.338,16,188.338,16,0
450,121,275,154,36,25,-14,-3,625,350,39,14,11,196,3,-11,592.2893333333334,11,242.2893333333334,25,14
451,121,275,143,36,24,-14,-2,625,325,38,14,12,169,2,-12,560.852,11,235.85199999999998,25,13
452,1,0,25,1,26,1,-24,0,0,25,-1,-25,625,24,25,12.416666666666666,1,12.416666666666666,0,25
453,4,0,50,2,27,2,-23,0,0,25,-2,-25,625,23,25,26.277333333333335,2,26.277333333333335,0,25
454,256,240,0,31,16,1,16,225,0,15,-1,15,0,-16,-15,182.11466666666666,16,182.11466666666666,15,0
455,100,250,0,35,10,-15,10,625,0,25,15,25,0,-10,-25,147.51066666666668,10,147.51066666666668,25,0
456,121,275,0,36,11,-14,11,625,0,25,14,25,0,-11,-25,163.8,11,163.8,25,0
457,121,275,275,36,36,-14,-14,625,625,50,14,0,625,14,0,927.464,11,302.46400000000006,25,25
458,1,0,12,1,13,1,-11,0,0,12,-1,-12,144,11,12,6.04,1,6.04,0,12
459,625,0,625,25,50,25,0,0,0,25,-25,-25,625,0,25,464.1193333333333,25,464.1193333333333,0,25
460,100,250,140,35,24,-15,-4,625,350,39,15,11,196,4,-11,567.3706666666667,10,217.3706666666667,25,14
461,289,272,425,33,42,1,-8,256,400,41,-1,-9,625,8,9,817.508,17,417.50800000000004,16,25
462,1,25,0,26,1,-24,1,625,0,25,24,25,0,-1,-25,12.45,1,12.45,25,0
463,256,240,0,31,16,1,16,225,0,15,-1,15,0,-16,-15,179.67466666666667,16,179.67466666666667,15,0
464,625,625,0,50,25,0,25,625,0,25,0,25,0,-25,-25,458.9293333333333,25,458.9293333333333,25,0
465,100,250,250,35,35,-15,-15,625,625,50,15,0,625,15,0,897.5206666666667,10,272.52066666666667,25,25
466,121,275,0,36,11,-14,11,625,0,25,14,25,0,-11,-25,162.49266666666668,11,162.49266666666668,25,0
467,576,240,0,34,24,14,24,100,0,10,-14,10,0,-24,-10,259.20666666666665,24,259.20666666666665,10,0
468,625,0,0,25,25,25,25,0,0,0,-25,0,0,-25,0,150.392,25,150.392,0,0
469,625,0,0,25,25,25,25,0,0,0,-25,0,0,-25,0,149.976,25,149.976,0,0
470,169,0,0,13,13,13,13,0,0,0,-13,0,0,-13,0,38.73866666666667,13,38.73866666666667,0,0
471,1,25,25,26,26,-24,-24,625,625,50,24,0,625,24,0,650.0,1,25.0,25,25
472,4,0,0,2,2,2,2,0,0,0,-2,0,0,-2,0,0.5006666666666667,2,0.5006666666666667,0,0
473,169,0,0,13,13,13,13,0,0,0,-13,0,0,-13,0,39.092,13,39.092,0,0
474,256,240,0,31,16,1,16,225,0,15,-1,15,0,-16,-15,180.364,16,180.364,15,0
475,256,256,400,32,41,0,-9,256,400,41,0,-9,625,9,9,787.672,16,387.672,16,25
476,121,275,143,36,24,-14,-2,625,325,38,14,12,169,2,-12,560.8293333333334,11,235.82933333333335,25,13
477,121,275,132,36,23,-14,-1,625,300,37,14,13,144,1,-13,530.7853333333334,11,230.78533333333337,25,12
478,256,240,0,31,16,1,16,225,0,15,-1,15,0,-16,-15,179.34133333333332,16,179.34133333333332,15,0
479,100,250,0,35,10,-15,10,625,0,25,15,25,0,-10,-25,146.68533333333335,10,146.68533333333335,25,0
480,121,275,0,36,11,-14,11,625,0,25,14,25,0,-11,-25,165.24933333333334,11,165.24933333333334,25,0
481,121,275,0,36,11,-14,11,625,0,25,14,25,0,-11,-25,166.20066666666668,11,166.20066666666668,25,0
482,100,250,130,35,23,-15,-3,625,325,38,15,12,169,3,-12,537.4973333333334,10,212.49733333333336,25,13
483,289,272,425,33,42,1,-8,256,400,41,-1,-9,625,8,9,816.184,17,416.18399999999997,16,25
484,289,255,425,32,42,2,-8,225,375,40,-2,-10,625,8,10,783.1773333333333,17,408.1773333333333,15,25
485,625,225,0,34,25,16,25,81,0,9,-16,9,0,-25,-9,262.298,25,262.298,9,0
486,100,250,250,35,35,-15,-15,625,625,50,15,0,625,15,0,897.6326666666666,10,272.63266666666664,25,25
487,121,275,275,36,36,-14,-14,625,625,50,14,0,625,14,0,927.6066666666667,11,302.6066666666667,25,25
488,576,240,0,34,24,14,24,100,0,10,-14,10,0,-24,-10,258.0846666666667,24,258.0846666666667,10,0
489,625,0,0,25,25,25,25,0,0,0,-25,0,0,-25,0,149.92933333333335,25,149.92933333333335,0,0
490,1,0,25,1,26,1,-24,0,0,25,-1,-25,625,24,25,12.783333333333333,1,12.783333333333333,0,25
491,4,0,50,2,27,2,-23,0,0,25,-2,-25,625,23,25,25.305333333333333,2,25.305333333333333,0,25
492,1,0,12,1,13,1,-11,0,0,12,-1,-12,144,11,12,6.296,1,6.296,0,12
493,49,0,133,7,26,7,-12,0,0,19,-7,-19,361,12,19,78.06933333333333,7,78.06933333333333,0,19
494,1,25,0,26,1,-24,1,625,0,25,24,25,0,-1,-25,13.066666666666666,1,13.066666666666666,25,0
495,625,625,0,50,25,0,25,625,0,25,0,25,0,-25,-25,459.58933333333334,25,459.58933333333334,25,0
496,625,0,0,25,25,25,25,0,0,0,-25,0,0,-25,0,149.84533333333334,25,149.84533333333334,0,0
497,256,240,0,31,16,1,16,225,0,15,-1,15,0,-16,-15,181.34533333333334,16,181.34533333333334,15,0
498,256,256,0,32,16,0,16,256,0,16,0,16,0,-16,-16,188.338,16,188.338,16,0
499,121,275,154,36,25,-14,-3,625,350,39,14,11,196,3,-11,592.2893333333334,11,242.2893333333334,25,14
500,121,275,143,36,24,-14,-2,625,325,38,14,12,169,2,-12,560.852,11,235.85199999999998,25,13
501,1,0,25,1,26,1,-24,0,0,25,-1,-25,625,24,25,12.416666666666666,1,12.416666666666666,0,25
502,4,0,50,2,27,2,-23,0,0,25,-2,-25,625,23,25,26.277333333333335,2,26.277333333333335,0,25
503,256,240,0,31,16,1,16,225,0,15,-1,15,0,-16,-15,182.11466666666666,16,182.11466666666666,15,0
504,100,250,0,35,10,-15,10,625,0,25,15,25,0,-10,-25,147.51066666666668,10,147.51066666666668,25,0
505,121,275,0,36,11,-14,11,625,0,25,14,25,0,-11,-25,163.8,11,163.8,25,0
506,121,275,275,36,36,-14,-14,625,625,50,14,0,625,14,0,927.464,11,302.46400000000006,25,25
507,1,0,12,1,13,1,-11,0,0,12,-1,-12,144,11,12,6.04,1,6.04,0,12
508,625,0,625,25,50,25,0,0,0,25,-25,-25,625,0,25,464.1193333333333,25,464.1193333333333,0,25
509,100,250,140,35,24,-15,-4,625,350,39,15,11,196,4,-11,567.3706666666667,10,217.3706666666667,25,14
510,289,272,425,33,42,1,-8,256,400,41,-1,-9,625,8,9,817.508,17,417.50800000000004,16,25
511,1,25,0,26,1,-24,1,625,0,25,24,25,0,-1,-25,12.45,1,12.45,25,0
512,256,240,0,31,16,1,16,225,0,15,-1,15,0,-16,-15,179.67466666666667,16,179.67466666666667,15,0
513,625,625,0,50,25,0,25,625,0,25,0,25,0,-25,-25,458.9293333333333,25,458.9293333333333,25,0
514,100,250,250,35,35,-15,-15,625,625,50,15,0,625,15,0,897.5206666666667,10,272.52066666666667,25,25
515,121,275,0,36,11,-14,11,625,0,25,14,25,0,-11,-25,162.49266666666668,11,162.49266666666668,25,0
516,576,240,0,34,24,14,24,100,0,10,-14,10,0,-24,-10,259.20666666666665,24,259.20666666666665,10,0
517,625,0,0,25,25,25,25,0,0,0,-25,0,0,-25,0,150.392,25,150.392,0,0
518,625,0,0,25,25,25,25,0,0,0,-25,0,0,-25,0,149.976,25,149.976,0,0
519,169,0,0,13,13,13,13,0,0,0,-13,0,0,-13,0,38.73866666666667,13,38.73866666666667,0,0
520,1,25,25,26,26,-24,-24,625,625,50,24,0,625,24,0,650.0,1,25.0,25,25
521,4,0,0,2,2,2,2,0,0,0,-2,0,0,-2,0,0.5006666666666667,2,0.5006666666666667,0,0
522,169,0,0,13,13,13,13,0,0,0,-13,0,0,-13,0,39.092,13,39.092,0,0
523,256,240,0,31,16,1,16,225,0,15,-1,15,0,-16,-15,180.364,16,180.364,15,0
524,256,256,400,32,41,0,-9,256,400,41,0,-9,625,9,9,787.672,16,387.672,16,25
525,121,275,143,36,24,-14,-2,625,325,38,14,12,169,2,-12,560.8293333333334,11,235.82933333333335,25,13
526,121,275,132,36,23,-14,-1,625,300,37,14,13,144,1,-13,530.7853333333334,11,230.78533333333337,25,12
527,256,240,0,31,16,1,16,225,0,15,-1,15,0,-16,-15,179.34133333333332,16,179.34133333333332,15,0
528,100,250,0,35,10,-15,10,625,0,25,15,25,0,-10,-25,146.68533333333335,10,146.68533333333335,25,0
529,121,275,0,36,11,-14,11,625,0,25,14,25,0,-11,-25,165.24933333333334,11,165.24933333333334,25,0
530,121,275,0,36,11,-14,11,625,0,25,14,25,0,-11,-25,166.20066666666668,11,166.20066666666668,25,0
531,100,250,130,35,23,-15,-3,625,325,38,15,12,169,3,-12,537.4973333333334,10,212.49733333333336,25,13
532,289,272,425,33,42,1,-8,256,400,41,-1,-9,625,8,9,816.184,17,416.18399999999997,16,25
533,289,255,425,32,42,2,-8,225,375,40,-2,-10,625,8,10,783.1773333333333,17,408.1773333333333,15,25
534,625,225,0,34,25,16,25,81,0,9,-16,9,0,-25,-9,262.298,25,262.298,9,0
535,100,250,250,35,35,-15,-15,625,625,50,15,0,625,15,0,897.6326666666666,10,272.63266666666664,25,25
536,121,275,275,36,36,-14,-14,625,625,50,14,0,625,14,0,927.6066666666667,11,302.6066666666667,25,25
537,576,240,0,34,24,14,24,100,0,10,-14,10,0,-24,-10,258.0846666666667,24,258.0846666666667,10,0
538,625,0,0,25,25,25,25,0,0,0,-25,0,0,-25,0,149.92933333333335,25,149.92933333333335,0,0
539,1,0,25,1,26,1,-24,0,0,25,-1,-25,625,24,25,12.783333333333333,1,12.783333333333333,0,25
540,4,0,50,2,27,2,-23,0,0,25,-2,-25,625,23,25,25.305333333333333,2,25.305333333333333,0,25
541,1,0,12,1,13,1,-11,0,0,12,-1,-12,144,11,12,6.296,1,6.296,0,12
542,49,0,133,7,26,7,-12,0,0,19,-7,-19,361,12,19,78.06933333333333,7,78.06933333333333,0,19
543,1,25,0,26,1,-24,1,625,0,25,24,25,0,-1,-25,13.066666666666666,1,13.066666666666666,25,0
544,625,625,0,50,25,0,25,625,0,25,0,25,0,-25,-25,459.58933333333334,25,459.58933333333334,25,0
545,625,0,0,25,25,25,25,0,0,0,-25,0,0,-25,0,149.84533333333334,25,149.84533333333334,0,0
546,256,240,0,31,16,1,16,225,0,15,-1,15,0,-16,-15,181.34533333333334,16,181.34533333333334,15,0
547,256,256,0,32,16,0,16,256,0,16,0,16,0,-16,-16,188.338,16,188.338,16,0
548,121,275,154,36,25,-14,-3,625,350,39,14,11,196,3,-11,592.2893333333334,11,242.2893333333334,25,14
549,121,275,143,36,24,-14,-2,625,325,38,14,12,169,2,-12,560.852,11,235.85199999999998,25,13
550,1,0,25,1,26,1,-24,0,0,25,-1,-25,625,24,25,12.416666666666666,1,12.416666666666666,0,25
551,4,0,50,2,27,2,-23,0,0,25,-2,-25,625,23,25,26.277333333333335,2,26.277333333333335,0,25
552,256,240,0,31,16,1,16,225,0,15,-1,15,0,-16,-15,182.11466666666666,16,182.11466666666666,15,0
553,100,250,0,35,10,-15,10,625,0,25,15,25,0,-10,-25,147.51066666666668,10,147.51066666666668,25,0
554,121,275,0,36,11,-14,11,625,0,25,14,25,0,-11,-25,163.8,11,163.8,25,0
555,121,275,275,36,36,-14,-14,625,625,50,14,0,625,14,0,927.464,11,302.46400000000006,25,25
556,1,0,12,1,13,1,-11,0,0,12,-1,-12,144,11,12,6.04,1,6.04,0,12
557,625,0,625,25,50,25,0,0,0,25,-25,-25,625,0,25,464.1193333333333,25,464.1193333333333,0,25
558,100,250,140,35,24,-15,-4,625,350,39,15,11,196,4,-11,567.3706666666667,10,217.3706666666667,25,14
559,289,272,425,33,42,1,-8,256,400,41,-1,-9,625,8,9,817.508,17,417.50800000000004,16,25
560,1,25,0,26,1,-24,1,625,0,25,24,25,0,-1,-25,12.45,1,12.45,25,0
561,256,240,0,31,16,1,16,225,0,15,-1,15,0,-16,-15,179.67466666666667,16,179.67466666666667,15,0
562,625,625,0,50,25,0,25,625,0,25,0,25,0,-25,-25,458.9293333333333,25,458.9293333333333,25,0
563,100,250,250,35,35,-15,-15,625,625,50,15,0,625,15,0,897.5206666666667,10,272.52066666666667,25,25
564,121,275,0,36,11,-14,11,625,0,25,14,25,0,-11,-25,162.49266666666668,11,162.49266666666668,25,0
565,576,240,0,34,24,14,24,100,0,10,-14,10,0,-24,-10,259.20666666666665,24,259.20666666666665,10,0
566,625,0,0,25,25,25,25,0,0,0,-25,0,0,-25,0,150.392,25,150.392,0,0
567,625,0,0,25,25,25,25,0,0,0,-25,0,0,-25,0,149.976,25,149.976,0,0
568,169,0,0,13,13,13,13,0,0,0,-13,0,0,-13,0,38.73866666666667,13,38.73866666666667,0,0
569,1,25,25,26,26,-24,-24,625,625,50,24,0,625,24,0,650.0,1,25.0,25,25
570,4,0,0,2,2,2,2,0,0,0,-2,0,0,-2,0,0.5006666666666667,2,0.5006666666666667,0,0
571,169,0,0,13,13,13,13,0,0,0,-13,0,0,-13,0,39.092,13,39.092,0,0
572,256,240,0,31,16,1,16,225,0,15,-1,15,0,-16,-15,180.364,16,180.364,15,0
573,256,256,400,32,41,0,-9,256,400,41,0,-9,625,9,9,787.672,16,387.672,16,25
574,121,275,143,36,24,-14,-2,625,325,38,14,12,169,2,-12,560.8293333333334,11,235.82933333333335,25,13
575,121,275,132,36,23,-14,-1,625,300,37,14,13,144,1,-13,530.7853333333334,11,230.78533333333337,25,12
576,256,240,0,31,16,1,16,225,0,15,-1,15,0,-16,-15,179.34133333333332,16,179.34133333333332,15,0
577,100,250,0,35,10,-15,10,625,0,25,15,25,0,-10,-25,146.68533333333335,10,146.68533333333335,25,0
578,121,275,0,36,11,-14,11,625,0,25,14,25,0,-11,-25,165.24933333333334,11,165.24933333333334,25,0
579,121,275,0,36,11,-14,11,625,0,25,14,25,0,-11,-25,166.20066666666668,11,166.20066666666668,25,0
580,100,250,130,35,23,-15,-3,625,325,38,15,12,169,3,-12,537.4973333333334,10,212.49733333333336,25,13
581,289,272,425,33,42,1,-8,256,400,41,-1,-9,625,8,9,816.184,17,416.18399999999997,16,25
582,289,255,425,32,42,2,-8,225,375,40,-2,-10,625,8,10,783.1773333333333,17,408.1773333333333,15,25
583,625,225,0,34,25,16,25,81,0,9,-16,9,0,-25,-9,262.298,25,262.298,9,0
584,100,250,250,35,35,-15,-15,625,625,50,15,0,625,15,0,897.6326666666666,10,272.63266666666664,25,25
585,121,275,275,36,36,-14,-14,625,625,50,14,0,625,14,0,927.6066666666667,11,302.6066666666667,25,25
586,576,240,0,34,24,14,24,100,0,10,-14,10,0,-24,-10,258.0846666666667,24,258.0846666666667,10,0
587,625,0,0,25,25,25,25,0,0,0,-25,0,0,-25,0,149.92933333333335,25,149.92933333333335,0,0
588,1,0,25,1,26,1,-24,0,0,25,-1,-25,625,24,25,12.783333333333333,1,12.783333333333333,0,25
589,4,0,50,2,27,2,-23,0,0,25,-2,-25,625,23,25,25.305333333333333,2,25.305333333333333,0,25
590,1,0,12,1,13,1,-11,0,0,12,-1,-12,144,11,12,6.296,1,6.296,0,12
591,49,0,133,7,26,7,-12,0,0,19,-7,-19,361,12,19,78.06933333333333,7,78.06933333333333,0,19
592,1,25,0,26,1,-24,1,625,0,25,24,25,0,-1,-25,13.066666666666666,1,13.066666666666666,25,0
593,625,625,0,50,25,0,25,625,0,25,0,25,0,-25,-25,459.58933333333334,25,459.58933333333334,25,0
594,625,0,0,25,25,25,25,0,0,0,-25,0,0,-25,0,149.84533333333334,25,149.84533333333334,0,0
595,256,240,0,31,16,1,16,225,0,15,-1,15,0,-16,-15,181.34533333333334,16,181.34533333333334,15,0
596,256,256,0,32,16,0,16,256,0,16,0,16,0,-16,-16,188.338,16,188.338,16,0
597,121,275,154,36,25,-14,-3,625,350,39,14,11,196,3,-11,592.2893333333334,11,242.2893333333334,25,14
598,121,275,143,36,24,-14,-2,625,325,38,14,12,169,2,-12,560.852,11,235.85199999999998,25,13
599,1,0,25,1,26,1,-24,0,0,25,-1,-25,625,24,25,12.416666666666666,1,12.416666666666666,0,25
600,4,0,50,2,27,2,-23,0,0,25,-2,-25,625,23,25,26.277333333333335,2,26.277333333333335,0,25
601,256,240,0,31,16,1,16,225,0,15,-1,15,0,-16,-15,182.11466666666666,16,182.11466666666666,15,0
602,100,250,0,35,10,-15,10,625,0,25,15,25,0,-10,-25,147.51066666666668,10,147.51066666666668,25,0
603,121,275,0,36,11,-14,11,625,0,25,14,25,0,-11,-25,163.8,11,163.8,25,0
604,121,275,275,36,36,-14,-14,625,625,50,14,0,625,14,0,927.464,11,302.46400000000006,25,25
605,1,0,12,1,13,1,-11,0,0,12,-1,-12,144,11,12,6.04,1,6.04,0,12
606,625,0,625,25,50,25,0,0,0,25,-25,-25,625,0,25,464.1193333333333,25,464.1193333333333,0,25
607,100,250,140,35,24,-15,-4,625,350,39,15,11,196,4,-11,567.3706666666667,10,217.3706666666667,25,14
608,289,272,425,33,42,1,-8,256,400,41,-1,-9,625,8,9,817.508,17,417.50800000000004,16,25
609,1,25,0,26,1,-24,1,625,0,25,24,25,0,-1,-25,12.45,1,12.45,25,0
610,256,240,0,31,16,1,16,225,0,15,-1,15,0,-16,-15,179.67466666666667,16,179.67466666666667,15,0
611,625,625,0,50,25,0,25,625,0,25,0,25,0,-25,-25,458.9293333333333,25,458.9293333333333,25,0
612,100,250,250,35,35,-15,-15,625,625,50,15,0,625,15,0,897.5206666666667,10,272.52066666666667,25,25
613,121,275,0,36,11,-14,11,625,0,25,14,25,0,-11,-25,162.49266666666668,11,162.49266666666668,25,0
614,576,240,0,34,24,14,24,100,0,10,-14,10,0,-24,-10,259.20666666666665,24,259.20666666666665,10,0
615,625,0,0,25,25,25,25,0,0,0,-25,0,0,-25,0,150.392,25,150.392,0,0
616,625,0,0,25,25,25,25,0,0,0,-25,0,0,-25,0,149.976,25,149.976,0,0
617,169,0,0,13,13,13,13,0,0,0,-13,0,0,-13,0,38.73866666666667,13,38.73866666666667,0,0
618,1,25,25,26,26,-24,-24,625,625,50,24,0,625,24,0,650.0,1,25.0,25,25
619,4,0,0,2,2,2,2,0,0,0,-2,0,0,-2,0,0.5006666666666667,2,0.5006666666666667,0,0
620,169,0,0,13,13,13,13,0,0,0,-13,0,0,-13,0,39.092,13,39.092,0,0
621,256,240,0,31,16,1,16,225,0,15,-1,15,0,-16,-15,180.364,16,180.364,15,0
622,256,256,400,32,41,0,-9,256,400,41,0,-9,625,9,9,787.672,16,387.672,16,25
623,121,275,143,36,24,-14,-2,625,325,38,14,12,169,2,-12,560.8293333333334,11,235.82933333333335,25,13
624,121,275,132,36,23,-14,-1,625,300,37,14,13,144,1,-13,530.7853333333334,11,230.78533333333337,25,12
625,256,240,0,31,16,1,16,225,0,15,-1,15,0,-16,-15,179.34133333333332,16,179.34133333333332,15,0
626,100,250,0,35,10,-15,10,625,0,25,15,25,0,-10,-25,146.68533333333335,10,146.68533333333335,25,0
627,121,275,0,36,11,-14,11,625,0,25,14,25,0,-11,-25,165.24933333333334,11,165.24933333333334,25,0
628,121,275,0,36,11,-14,11,625,0,25,14,25,0,-11,-25,166.20066666666668,11,166.20066666666668,25,0
629,100,250,130,35,23,-15,-3,625,325,38,15,12,169,3,-12,537.4973333333334,10,212.49733333333336,25,13
630,289,272,425,33,42,1,-8,256,400,41,-1,-9,625,8,9,816.184,17,416.18399999999997,16,25
631,289,255,425,32,42,2,-8,225,375,40,-2,-10,625,8,10,783.1773333333333,17,408.1773333333333,15,25
632,625,225,0,34,25,16,25,81,0,9,-16,9,0,-25,-9,262.298,25,262.298,9,0
633,100,250,250,35,35,-15,-15,625,625,50,15,0,625,15,0,897.6326666666666,10,272.63266666666664,25,25
634,121,275,275,36,36,-14,-14,625,625,50,14,0,625,14,0,927.6066666666667,11,302.6066666666667,25,25
635,576,240,0,34,24,14,24,100,0,10,-14,10,0,-24,-10,258.0846666666667,24,258.0846666666667,10,0
636,625,0,0,25,25,25,25,0,0,0,-25,0,0,-25,0,149.92933333333335,25,149.92933333333335,0,0
637,1,0,25,1,26,1,-24,0,0,25,-1,-25,625,24,25,12.783333333333333,1,12.783333333333333,0,25
638,4,0,50,2,27,2,-23,0,0,25,-2,-25,625,23,25,25.305333333333333,2,25.305333333333333,0,25
639,1,0,12,1,13,1,-11,0,0,12,-1,-12,144,11,12,6.296,1,6.296,0,12
640,49,0,133,7,26,7,-12,0,0,19,-7,-19,361,12,19,78.06933333333333,7,78.06933333333333,0,19
641,1,25,0,26,1,-24,1,625,0,25,24,25,0,-1,-25,13.066666666666666,1,13.066666666666666,25,0
642,625,625,0,50,25,0,25,625,0,25,0,25,0,-25,-25,459.58933333333334,25,459.58933333333334,25,0
643,625,0,0,25,25,25,25,0,0,0,-25,0,0,-25,0,149.84533333333334,25,149.84533333333334,0,0
644,256,240,0,31,16,1,16,225,0,15,-1,15,0,-16,-15,181.34533333333334,16,181.34533333333334,15,0
645,256,256,0,32,16,0,16,256,0,16,0,16,0,-16,-16,188.338,16,188.338,16,0
646,121,275,154,36,25,-14,-3,625,350,39,14,11,196,3,-11,592.2893333333334,11,242.2893333333334,25,14
647,121,275,143,36,24,-14,-2,625,325,38,14,12,169,2,-12,560.852,11,235.85199999999998,25,13
648,1,0,25,1,26,1,-24,0,0,25,-1,-25,625,24,25,12.416666666666666,1,12.416666666666666,0,25
649,4,0,50,2,27,2,-23,0,0,25,-2,-25,625,23,25,26.277333333333335,2,26.277333333333335,0,25
650,256,240,0,31,16,1,16,225,0,15,-1,15,0,-16,-15,182.11466666666666,16,182.11466666666666,15,0
651,100,250,0,35,10,-15,10,625,0,25,15,25,0,-10,-25,147.51066666666668,10,147.51066666666668,25,0
652,121,275,0,36,11,-14,11,625,0,25,14,25,0,-11,-25,163.8,11,163.8,25,0
653,121,275,275,36,36,-14,-14,625,625,50,14,0,625,14,0,927.464,11,302.46400000000006,25,25
654,1,0,12,1,13,1,-11,0,0,12,-1,-12,144,11,12,6.04,1,6.04,0,12
655,625,0,625,25,50,25,0,0,0,25,-25,-25,625,0,25,464.1193333333333,25,464.1193333333333,0,25
656,100,250,140,35,24,-15,-4,625,350,39,15,11,196,4,-11,567.3706666666667,10,217.3706666666667,25,14
657,289,272,425,33,42,1,-8,256,400,41,-1,-9,625,8,9,817.508,17,417.50800000000004,16,25
658,1,25,0,26,1,-24,1,625,0,25,24,25,0,-1,-25,12.45,1,12.45,25,0
659,256,240,0,31,16,1,16,225,0,15,-1,15,0,-16,-15,179.67466666666667,16,179.67466666666667,15,0
660,625,625,0,50,25,0,25,625,0,25,0,25,0,-25,-25,458.9293333333333,25,458.9293333333333,25,0
661,100,250,250,35,35,-15,-15,625,625,50,15,0,625,15,0,897.5206666666667,10,272.52066666666667,25,25
662,121,275,0,36,11,-14,11,625,0,25,14,25,0,-11,-25,162.49266666666668,11,162.49266666666668,25,0
663,576,240,0,34,24,14,24,100,0,10,-14,10,0,-24,-10,259.20666666666665,24,259.20666666666665,10,0
664,625,0,0,25,25,25,25,0,0,0,-25,0,0,-25,0,150.392,25,150.392,0,0
665,625,0,0,25,25,25,25,0,0,0,-25,0,0,-25,0,149.976,25,149.976,0,0
666,169,0,0,13,13,13,13,0,0,0,-13,0,0,-13,0,38.73866666666667,13,38.73866666666667,0,0
667,1,25,25,26,26,-24,-24,625,625,50,24,0,625,24,0,650.0,1,25.0,25,25
668,4,0,0,2,2,2,2,0,0,0,-2,0,0,-2,0,0.5006666666666667,2,0.5006666666666667,0,0
669,169,0,0,13,13,13,13,0,0,0,-13,0,0,-13,0,39.092,13,39.092,0,0
670,256,240,0,31,16,1,16,225,0,15,-1,15,0,-16,-15,180.364,16,180.364,15,0
671,256,256,400,32,41,0,-9,256,400,41,0,-9,625,9,9,787.672,16,387.672,16,25
672,121,275,143,36,24,-14,-2,625,325,38,14,12,169,2,-12,560.8293333333334,11,235.82933333333335,25,13
673,121,275,132,36,23,-14,-1,625,300,37,14,13,144,1,-13,530.7853333333334,11,230.78533333333337,25,12
674,256,240,0,31,16,1,16,225,0,15,-1,15,0,-16,-15,179.34133333333332,16,179.34133333333332,15,0
675,100,250,0,35,10,-15,10,625,0,25,15,25,0,-10,-25,146.68533333333335,10,146.68533333333335,25,0
676,121,275,0,36,11,-14,11,625,0,25,14,25,0,-11,-25,165.24933333333334,11,165.24933333333334,25,0
677,121,275,0,36,11,-14,11,625,0,25,14,25,0,-11,-25,166.20066666666668,11,166.20066666666668,25,0
678,100,250,130,35,23,-15,-3,625,325,38,15,12,169,3,-12,537.4973333333334,10,212.49733333333336,25,13
679,289,272,425,33,42,1,-8,256,400,41,-1,-9,625,8,9,816.184,17,416.18399999999997,16,25
680,289,255,425,32,42,2,-8,225,375,40,-2,-10,625,8,10,783.1773333333333,17,408.1773333333333,15,25
681,625,225,0,34,25,16,25,81,0,9,-16,9,0,-25,-9,262.298,25,262.298,9,0
682,100,250,250,35,35,-15,-15,625,625,50,15,0,625,15,0,897.6326666666666,10,272.63266666666664,25,25
683,121,275,275,36,36,-14,-14,625,625,50,14,0,625,14,0,927.6066666666667,11,302.6066666666667,25,25
684,576,240,0,34,24,14,24,100,0,10,-14,10,0,-24,-10,258.0846666666667,24,258.0846666666667,10,0
685,625,0,0,25,25,25,25,0,0,0,-25,0,0,-25,0,149.92933333333335,25,149.92933333333335,0,0
686,1,0,25,1,26,1,-24,0,0,25,-1,-25,625,24,25,12.783333333333333,1,12.783333333333333,0,25
687,4,0,50,2,27,2,-23,0,0,25,-2,-25,625,23,25,25.305333333333333,2,25.305333333333333,0,25
688,1,0,12,1,13,1,-11,0,0,12,-1,-12,144,11,12,6.296,1,6.296,0,12
689,49,0,133,7,26,7,-12,0,0,19,-7,-19,361,12,19,78.06933333333333,7,78.06933333333333,0,19
690,1,25,0,26,1,-24,1,625,0,25,24,25,0,-1,-25,13.066666666666666,1,13.066666666666666,25,0
691,625,625,0,50,25,0,25,625,0,25,0,25,0,-25,-25,459.58933333333334,25,459.58933333333334,25,0
692,625,0,0,25,25,25,25,0,0,0,-25,0,0,-25,0,149.84533333333334,25,149.84533333333334,0,0
693,256,240,0,31,16,1,16,225,0,15,-1,15,0,-16,-15,181.34533333333334,16,181.34533333333334,15,0
694,256,256,0,32,16,0,16,256,0,16,0,16,0,-16,-16,188.338,16,188.338,16,0
695,121,275,154,36,25,-14,-3,625,350,39,14,11,196,3,-11,592.2893333333334,11,242.2893333333334,25,14
696,121,275,143,36,24,-14,-2,625,325,38,14,12,169,2,-12,560.852,11,235.85199999999998,25,13
697,1,0,25,1,26,1,-24,0,0,25,-1,-25,625,24,25,12.416666666666666,1,12.416666666666666,0,25
698,4,0,50,2,27,2,-23,0,0,25,-2,-25,625,23,25,26.277333333333335,2,26.277333333333335,0,25
699,256,240,0,31,16,1,16,225,0,15,-1,15,0,-16,-15,182.11466666666666,16,182.11466666666666,15,0
700,100,250,0,35,10,-15,10,625,0,25,15,25,0,-10,-25,147.51066666666668,10,147.51066666666668,25,0
701,121,275,0,36,11,-14,11,625,0,25,14,25,0,-11,-25,163.8,11,163.8,25,0
702,121,275,275,36,36,-14,-14,625,625,50,14,0,625,14,0,927.464,11,302.46400000000006,25,25
703,1,0,12,1,13,1,-11,0,0,12,-1,-12,144,11,12,6.04,1,6.04,0,12
704,625,0,625,25,50,25,0,0,0,25,-25,-25,625,0,25,464.1193333333333,25,464.1193333333333,0,25
705,100,250,140,35,24,-15,-4,625,350,39,15,11,196,4,-11,567.3706666666667,10,217.3706666666667,25,14
706,289,272,425,33,42,1,-8,256,400,41,-1,-9,625,8,9,817.508,17,417.50800000000004,16,25
707,1,25,0,26,1,-24,1,625,0,25,24,25,0,-1,-25,12.45,1,12.45,25,0
708,256,240,0,31,16,1,16,225,0,15,-1,15,0,-16,-15,179.67466666666667,16,179.67466666666667,15,0
709,625,625,0,50,25,0,25,625,0,25,0,25,0,-25,-25,458.9293333333333,25,458.9293333333333,25,0
710,100,250,250,35,35,-15,-15,625,625,50,15,0,625,15,0,897.5206666666667,10,272.52066666666667,25,25
711,121,275,0,36,11,-14,11,625,0,25,14,25,0,-11,-25,162.49266666666668,11,162.49266666666668,25,0
712,576,240,0,34,24,14,24,100,0,10,-14,10,0,-24,-10,259.20666666666665,24,259.20666666666665,10,0
713,625,0,0,25,25,25,25,0,0,0,-25,0,0,-25,0,150.392,25,150.392,0,0
714,625,0,0,25,25,25,25,0,0,0,-25,0,0,-25,0,149.976,25,149.976,0,0
715,169,0,0,13,13,13,13,0,0,0,-13,0,0,-13,0,38.73866666666667,13,38.73866666666667,0,0
716,1,25,25,26,26,-24,-24,625,625,50,24,0,625,24,0,650.0,1,25.0,25,25
717,4,0,0,2,2,2,2,0,0,0,-2,0,0,-2,0,0.5006666666666667,2,0.5006666666666667,0,0
718,169,0,0,13,13,13,13,0,0,0,-13,0,0,-13,0,39.092,13,39.092,0,0
719,256,240,0,31,16,1,16,225,0,15,-1,15,0,-16,-15,180.364,16,180.364,15,0
720,256,256,400,32,41,0,-9,256,400,41,0,-9,625,9,9,787.672,16,387.672,16,25
721,121,275,143,36,24,-14,-2,625,325,38,14,12,169,2,-12,560.8293333333334,11,235.82933333333335,25,13
722,121,275,132,36,23,-14,-1,625,300,37,14,13,144,1,-13,530.7853333333334,11,230.78533333333337,25,12
723,256,240,0,31,16,1,16,225,0,15,-1,15,0,-16,-15,179.34133333333332,16,179.34133333333332,15,0
724,100,250,0,35,10,-15,10,625,0,25,15,25,0,-10,-25,146.68533333333335,10,146.68533333333335,25,0
725,121,275,0,36,11,-14,11,625,0,25,14,25,0,-11,-25,165.24933333333334,11,165.24933333333334,25,0
726,121,275,0,36,11,-14,11,625,0,25,14,25,0,-11,-25,166.20066666666668,11,166.20066666666668,25,0
727,100,250,130,35,23,-15,-3,625,325,38,15,12,169,3,-12,537.4973333333334,10,212.49733333333336,25,13
728,289,272,425,33,42,1,-8,256,400,41,-1,-9,625,8,9,816.184,17,416.18399999999997,16,25
729,289,255,425,32,42,2,-8,225,375,40,-2,-10,625,8,10,783.1773333333333,17,408.1773333333333,15,25
730,625,225,0,34,25,16,25,81,0,9,-16,9,0,-25,-9,262.298,25,262.298,9,0
731,100,250,250,35,35,-15,-15,625,625,50,15,0,625,15,0,897.6326666666666,10,272.63266666666664,25,25
732,121,275,275,36,36,-14,-14,625,625,50,14,0,625,14,0,927.6066666666667,11,302.6066666666667,25,25
733,576,240,0,34,24,14,24,100,0,10,-14,10,0,-24,-10,258.0846666666667,24,258.0846666666667,10,0
734,625,0,0,25,25,25,25,0,0,0,-25,0,0,-25,0,149.92933333333335,25,149.92933333333335,0,0
735,1,0,25,1,26,1,-24,0,0,25,-1,-25,625,24,25,12.783333333333333,1,12.783333333333333,0,25
736,4,0,50,2,27,2,-23,0,0,25,-2,-25,625,23,25,25.305333333333333,2,25.305333333333333,0,25
737,1,0,12,1,13,1,-11,0,0,12,-1,-12,144,11,12,6.296,1,6.296,0,12
738,49,0,133,7,26,7,-12,0,0,19,-7,-19,361,12,19,78.06933333333333,7,78.06933333333333,0,19
739,1,25,0,26,1,-24,1,625,0,25,24,25,0,-1,-25,13.066666666666666,1,13.066666666666666,25,0
740,625,625,0,50,25,0,25,625,0,25,0,25,0,-25,-25,459.58933333333334,25,459.58933333333334,25,0
741,625,0,0,25,25,25,25,0,0,0,-25,0,0,-25,0,149.84533333333334,25,149.84533333333334,0,0
742,256,240,0,31,16,1,16,225,0,15,-1,15,0,-16,-15,181.34533333333334,16,181.34533333333334,15,0
743,256,256,0,32,16,0,16,256,0,16,0,16,0,-16,-16,188.338,16,188.338,16,0
744,121,275,154,36,25,-14,-3,625,350,39,14,11,196,3,-11,592.2893333333334,11,242.2893333333334,25,14
745,121,275,143,36,24,-14,-2,625,325,38,14,12,169,2,-12,560.852,11,235.85199999999998,25,13
746,1,0,25,1,26,1,-24,0,0,25,-1,-25,625,24,25,12.416666666666666,1,12.416666666666666,0,25
747,4,0,50,2,27,2,-23,0,0,25,-2,-25,625,23,25,26.277333333333335,2,26.277333333333335,0,25
748,256,240,0,31,16,1,16,225,0,15,-1,15,0,-16,-15,182.11466666666666,16,182.11466666666666,15,0
749,100,250,0,35,10,-15,10,625,0,25,15,25,0,-10,-25,147.51066666666668,10,147.51066666666668,25,0
750,121,275,0,36,11,-14,11,625,0,25,14,25,0,-11,-25,163.8,11,163.8,25,0
751,121,275,275,36,36,-14,-14,625,625,50,14,0,625,14,0,927.464,11,302.46400000000006,25,25
752,1,0,12,1,13,1,-11,0,0,12,-1,-12,144,11,12,6.04,1,6.04,0,12
753,625,0,625,25,50,25,0,0,0,25,-25,-25,625,0,25,464.1193333333333,25,464.1193333333333,0,25
754,100,250,140,35,24,-15,-4,625,350,39,15,11,196,4,-11,567.3706666666667,10,217.3706666666667,25,14
755,289,272,425,33,42,1,-8,256,400,41,-1,-9,625,8,9,817.508,17,417.50800000000004,16,25
756,1,25,0,26,1,-24,1,625,0,25,24,25,0,-1,-25,12.45,1,12.45,25,0
757,256,240,0,31,16,1,16,225,0,15,-1,15,0,-16,-15,179.67466666666667,16,179.67466666666667,15,0
758,625,625,0,50,25,0,25,625,0,25,0,25,0,-25,-25,458.9293333333333,25,458.9293333333333,25,0
759,100,250,250,35,35,-15,-15,625,625,50,15,0,625,15,0,897.5206666666667,10,272.52066666666667,25,25
760,121,275,0,36,11,-14,11,625,0,25,14,25,0,-11,-25,162.49266666666668,11,162.49266666666668,25,0
761,576,240,0,34,24,14,24,100,0,10,-14,10,0,-24,-10,259.20666666666665,24,259.20666666666665,10,0
762,625,0,0,25,25,25,25,0,0,0,-25,0,0,-25,0,150.392,25,150.392,0,0
763,625,0,0,25,25,25,25,0,0,0,-25,0,0,-25,0,149.976,25,149.976,0,0
764,169,0,0,13,13,13,13,0,0,0,-13,0,0,-13,0,38.73866666666667,13,38.73866666666667,0,0
765,1,25,25,26,26,-24,-24,625,625,50,24,0,625,24,0,650.0,1,25.0,25,25
766,4,0,0,2,2,2,2,0,0,0,-2,0,0,-2,0,0.5006666666666667,2,0.5006666666666667,0,0
767,169,0,0,13,13,13,13,0,0,0,-13,0,0,-13,0,39.092,13,39.092,0,0
768,256,240,0,31,16,1,16,225,0,15,-1,15,0,-16,-15,180.364,16,180.364,15,0
769,256,256,400,32,41,0,-9,256,400,41,0,-9,625,9,9,787.672,16,387.672,16,25
770,121,275,143,36,24,-14,-2,625,325,38,14,12,169,2,-12,560.8293333333334,11,235.82933333333335,25,13
771,121,275,132,36,23,-14,-1,625,300,37,14,13,144,1,-13,530.7853333333334,11,230.78533333333337,25,12
772,256,240,0,31,16,1,16,225,0,15,-1,15,0,-16,-15,179.34133333333332,16,179.34133333333332,15,0
773,100,250,0,35,10,-15,10,625,0,25,15,25,0,-10,-25,146.68533333333335,10,146.68533333333335,25,0
774,121,275,0,36,11,-14,11,625,0,25,14,25,0,-11,-25,165.24933333333334,11,165.24933333333334,25,0
775,121,275,0,36,11,-14,11,625,0,25,14,25,0,-11,-25,166.20066666666668,11,166.20066666666668,25,0
776,100,250,130,35,23,-15,-3,625,325,38,15,12,169,3,-12,537.4973333333334,10,212.49733333333336,25,13
777,289,272,425,33,42,1,-8,256,400,41,-1,-9,625,8,9,816.184,17,416.18399999999997,16,25
778,289,255,425,32,42,2,-8,225,375,40,-2,-10,625,8,10,783.1773333333333,17,408.1773333333333,15,25
779,625,225,0,34,25,16,25,81,0,9,-16,9,0,-25,-9,262.298,25,262.298,9,0
780,100,250,250,35,35,-15,-15,625,625,50,15,0,625,15,0,897.6326666666666,10,272.63266666666664,25,25
781,121,275,275,36,36,-14,-14,625,625,50,14,0,625,14,0,927.6066666666667,11,302.6066666666667,25,25
782,576,240,0,34,24,14,24,100,0,10,-14,10,0,-24,-10,258.0846666666667,24,258.0846666666667,10,0
783,625,0,0,25,25,25,25,0,0,0,-25,0,0,-25,0,149.92933333333335,25,149.92933333333335,0,0
784,1,0,25,1,26,1,-24,0,0,25,-1,-25,625,24,25,12.783333333333333,1,12.783333333333333,0,25
785,4,0,50,2,27,2,-23,0,0,25,-2,-25,625,23,25,25.305333333333333,2,25.305333333333333,0,25
786,1,0,12,1,13,1,-11,0,0,12,-1,-12,144,11,12,6.296,1,6.296,0,12
787,49,0,133,7,26,7,-12,0,0,19,-7,-19,361,12,19,78.06933333333333,7,78.06933333333333,0,19
788,1,25,0,26,1,-24,1,625,0,25,24,25,0,-1,-25,13.066666666666666,1,13.066666666666666,25,0
789,625,625,0,50,25,0,25,625,0,25,0,25,0,-25,-25,459.58933333333334,25,459.58933333333334,25,0
790,625,0,0,25,25,25,25,0,0,0,-25,0,0,-25,0,149.84533333333334,25,149.84533333333334,0,0
791,256,240,0,31,16,1,16,225,0,15,-1,15,0,-16,-15,181.34533333333334,16,181.34533333333334,15,0
792,256,256,0,32,16,0,16,256,0,16,0,16,0,-16,-16,188.338,16,188.338,16,0
793,121,275,154,36,25,-14,-3,625,350,39,14,11,196,3,-11,592.2893333333334,11,242.2893333333334,25,14
794,121,275,143,36,24,-14,-2,625,325,38,14,12,169,2,-12,560.852,11,235.85199999999998,25,13
795,1,0,25,1,26,1,-24,0,0,25,-1,-25,625,24,25,12.416666666666666,1,12.416666666666666,0,25
796,4,0,50,2,27,2,-23,0,0,25,-2,-25,625,23,25,26.277333333333335,2,26.277333333333335,0,25
797,256,240,0,31,16,1,16,225,0,15,-1,15,0,-16,-15,182.11466666666666,16,182.11466666666666,15,0
798,100,250,0,35,10,-15,10,625,0,25,15,25,0,-10,-25,147.51066666666668,10,147.51066666666668,25,0
799,121,275,0,36,11,-14,11,625,0,25,14,25,0,-11,-25,163.8,11,163.8,25,0
800,121,275,275,36,36,-14,-14,625,625,50,14,0,625,14,0,927.464,11,302.46400000000006,25,25
801,1,0,12,1,13,1,-11,0,0,12,-1,-12,144,11,12,6.04,1,6.04,0,12
802,625,0,625,25,50,25,0,0,0,25,-25,-25,625,0,25,464.1193333333333,25,464.1193333333333,0,25
803,100,250,140,35,24,-15,-4,625,350,39,15,11,196,4,-11,567.3706666666667,10,217.3706666666667,25,14
804,289,272,425,33,42,1,-8,256,400,41,-1,-9,625,8,9,817.508,17,417.50800000000004,16,25
805,1,25,0,26,1,-24,1,625,0,25,24,25,0,-1,-25,12.45,1,12.45,25,0
806,256,240,0,31,16,1,16,225,0,15,-1,15,0,-16,-15,179.67466666666667,16,179.67466666666667,15,0
807,625,625,0,50,25,0,25,625,0,25,0,25,0,-25,-25,458.9293333333333,25,458.9293333333333,25,0
808,100,250,250,35,35,-15,-15,625,625,50,15,0,625,15,0,897.5206666666667,10,272.52066666666667,25,25
809,121,275,0,36,11,-14,11,625,0,25,14,25,0,-11,-25,162.49266666666668,11,162.49266666666668,25,0
810,576,240,0,34,24,14,24,100,0,10,-14,10,0,-24,-10,259.20666666666665,24,259.20666666666665,10,0
811,625,0,0,25,25,25,25,0,0,0,-25,0,0,-25,0,150.392,25,150.392,0,0
812,625,0,0,25,25,25,25,0,0,0,-25,0,0,-25,0,149.976,25,149.976,0,0
813,169,0,0,13,13,13,13,0,0,0,-13,0,0,-13,0,38.73866666666667,13,38.73866666666667,0,0
814,1,25,25,26,26,-24,-24,625,625,50,24,0,625,24,0,650.0,1,25.0,25,25
815,4,0,0,2,2,2,2,0,0,0,-2,0,0,-2,0,0.5006666666666667,2,0.5006666666666667,0,0
816,169,0,0,13,13,13,13,0,0,0,-13,0,0,-13,0,39.092,13,39.092,0,0
817,256,240,0,31,16,1,16,225,0,15,-1,15,0,-16,-15,180.364,16,180.364,15,0
818,256,256,400,32,41,0,-9,256,400,41,0,-9,625,9,9,787.672,16,387.672,16,25
819,121,275,143,36,24,-14,-2,625,325,38,14,12,169,2,-12,560.8293333333334,11,235.82933333333335,25,13
820,121,275,132,36,23,-14,-1,625,300,37,14,13,144,1,-13,530.7853333333334,11,230.78533333333337,25,12
821,256,240,0,31,16,1,16,225,0,15,-1,15,0,-16,-15,179.34133333333332,16,179.34133333333332,15,0
822,100,250,0,35,10,-15,10,625,0,25,15,25,0,-10,-25,146.68533333333335,10,146.68533333333335,25,0
823,121,275,0,36,11,-14,11,625,0,25,14,25,0,-11,-25,165.24933333333334,11,165.24933333333334,25,0
824,121,275,0,36,11,-14,11,625,0,25,14,25,0,-11,-25,166.20066666666668,11,166.20066666666668,25,0
825,100,250,130,35,23,-15,-3,625,325,38,15,12,169,3,-12,537.4973333333334,10,212.49733333333336,25,13
826,289,272,425,33,42,1,-8,256,400,41,-1,-9,625,8,9,816.184,17,416.18399999999997,16,25
827,289,255,425,32,42,2,-8,225,375,40,-2,-10,625,8,10,783.1773333333333,17,408.1773333333333,15,25
828,625,225,0,34,25,16,25,81,0,9,-16,9,0,-25,-9,262.298,25,262.298,9,0
829,100,250,250,35,35,-15,-15,625,625,50,15,0,625,15,0,897.6326666666666,10,272.63266666666664,25,25
830,121,275,275,36,36,-14,-14,625,625,50,14,0,625,14,0,927.6066666666667,11,302.6066666666667,25,25
831,576,240,0,34,24,14,24,100,0,10,-14,10,0,-24,-10,258.0846666666667,24,258.0846666666667,10,0
832,625,0,0,25,25,25,25,0,0,0,-25,0,0,-25,0,149.92933333333335,25,149.92933333333335,0,0
833,1,0,25,1,26,1,-24,0,0,25,-1,-25,625,24,25,12.783333333333333,1,12.783333333333333,0,25
834,4,0,50,2,27,2,-23,0,0,25,-2,-25,625,23,25,25.305333333333333,2,25.305333333333333,0,25
835,1,0,12,1,13,1,-11,0,0,12,-1,-12,144,11,12,6.296,1,6.296,0,12
836,49,0,133,7,26,7,-12,0,0,19,-7,-19,361,12,19,78.06933333333333,7,78.06933333333333,0,19
837,1,25,0,26,1,-24,1,625,0,25,24,25,0,-1,-25,13.066666666666666,1,13.066666666666666,25,0
838,625,625,0,50,25,0,25,625,0,25,0,25,0,-25,-25,459.58933333333334,25,459.58933333333334,25,0
839,625,0,0,25,25,25,25,0,0,0,-25,0,0,-25,0,149.84533333333334,25,149.84533333333334,0,0
840,256,240,0,31,16,1,16,225,0,15,-1,15,0,-16,-15,181.34533333333334,16,181.34533333333334,15,0
841,256,256,0,32,16,0,16,256,0,16,0,16,0,-16,-16,188.338,16,188.338,16,0
842,121,275,154,36,25,-14,-3,625,350,39,14,11,196,3,-11,592.2893333333334,11,242.2893333333334,25,14
843,121,275,143,36,24,-14,-2,625,325,38,14,12,169,2,-12,560.852,11,235.85199999999998,25,13
844,1,0,25,1,26,1,-24,0,0,25,-1,-25,625,24,25,12.416666666666666,1,12.416666666666666,0,25
845,4,0,50,2,27,2,-23,0,0,25,-2,-25,625,23,25,26.277333333333335,2,26.277333333333335,0,25
846,256,240,0,31,16,1,16,225,0,15,-1,15,0,-16,-15,182.11466666666666,16,182.11466666666666,15,0
847,100,250,0,35,10,-15,10,625,0,25,15,25,0,-10,-25,147.51066666666668,10,147.51066666666668,25,0
848,121,275,0,36,11,-14,11,625,0,25,14,25,0,-11,-25,163.8,11,163.8,25,0
849,121,275,275,36,36,-14,-14,625,625,50,14,0,625,14,0,927.464,11,302.46400000000006,25,25
850,1,0,12,1,13,1,-11,0,0,12,-1,-12,144,11,12,6.04,1,6.04,0,12
851,625,0,625,25,50,25,0,0,0,25,-25,-25,625,0,25,464.1193333333333,25,464.1193333333333,0,25
852,100,250,140,35,24,-15,-4,625,350,39,15,11,196,4,-11,567.3706666666667,10,217.3706666666667,25,14
853,289,272,425,33,42,1,-8,256,400,41,-1,-9,625,8,9,817.508,17,417.50800000000004,16,25
854,1,25,0,26,1,-24,1,625,0,25,24,25,0,-1,-25,12.45,1,12.45,25,0
855,256,240,0,31,16,1,16,225,0,15,-1,15,0,-16,-15,179.67466666666667,16,179.67466666666667,15,0
856,625,625,0,50,25,0,25,625,0,25,0,25,0,-25,-25,458.9293333333333,25,458.9293333333333,25,0
857,100,250,250,35,35,-15,-15,625,625,50,15,0,625,15,0,897.5206666666667,10,272.52066666666667,25,25
858,121,275,0,36,11,-14,11,625,0,25,14,25,0,-11,-25,162.49266666666668,11,162.49266666666668,25,0
859,576,240,0,34,24,14,24,100,0,10,-14,10,0,-24,-10,259.20666666666665,24,259.20666666666665,10,0
860,625,0,0,25,25,25,25,0,0,0,-25,0,0,-25,0,150.392,25,150.392,0,0
861,625,0,0,25,25,25,25,0,0,0,-25,0,0,-25,0,149.976,25,149.976,0,0
862,169,0,0,13,13,13,13,0,0,0,-13,0,0,-13,0,38.73866666666667,13,38.73866666666667,0,0
863,1,25,25,26,26,-24,-24,625,625,50,24,0,625,24,0,650.0,1,25.0,25,25
864,4,0,0,2,2,2,2,0,0,0,-2,0,0,-2,0,0.5006666666666667,2,0.5006666666666667,0,0
865,169,0,0,13,13,13,13,0,0,0,-13,0,0,-13,0,39.092,13,39.092,0,0
866,256,240,0,31,16,1,16,225,0,15,-1,15,0,-16,-15,180.364,16,180.364,15,0
867,256,256,400,32,41,0,-9,256,400,41,0,-9,625,9,9,787.672,16,387.672,16,25
868,121,275,143,36,24,-14,-2,625,325,38,14,12,169,2,-12,560.8293333333334,11,235.82933333333335,25,13
869,121,275,132,36,23,-14,-1,625,300,37,14,13,144,1,-13,530.7853333333334,11,230.78533333333337,25,12
870,256,240,0,31,16,1,16,225,0,15,-1,15,0,-16,-15,179.34133333333332,16,179.34133333333332,15,0
871,100,250,0,35,10,-15,10,625,0,25,15,25,0,-10,-25,146.68533333333335,10,146.68533333333335,25,0
872,121,275,0,36,11,-14,11,625,0,25,14,25,0,-11,-25,165.24933333333334,11,165.24933333333334,25,0
873,121,275,0,36,11,-14,11,625,0,25,14,25,0,-11,-25,166.20066666666668,11,166.20066666666668,25,0
874,100,250,130,35,23,-15,-3,625,325,38,15,12,169,3,-12,537.4973333333334,10,212.49733333333336,25,13
875,289,272,425,33,42,1,-8,256,400,41,-1,-9,625,8,9,816.184,17,416.18399999999997,16,25
876,289,255,425,32,42,2,-8,225,375,40,-2,-10,625,8,10,783.1773333333333,17,408.1773333333333,15,25
877,625,225,0,34,25,16,25,81,0,9,-16,9,0,-25,-9,262.298,25,262.298,9,0
878,100,250,250,35,35,-15,-15,625,625,50,15,0,625,15,0,897.6326666666666,10,272.63266666666664,25,25
879,121,275,275,36,36,-14,-14,625,625,50,14,0,625,14,0,927.6066666666667,11,302.6066666666667,25,25
880,576,240,0,34,24,14,24,100,0,10,-14,10,0,-24,-10,258.0846666666667,24,258.0846666666667,10,0
881,625,0,0,25,25,25,25,0,0,0,-25,0,0,-25,0,149.92933333333335,25,149.92933333333335,0,0
882,1,0,25,1,26,1,-24,0,0,25,-1,-25,625,24,25,12.783333333333333,1,12.783333333333333,0,25
883,4,0,50,2,27,2,-23,0,0,25,-2,-25,625,23,25,25.305333333333333,2,25.305333333333333,0,25
884,1,0,12,1,13,1,-11,0,0,12,-1,-12,144,11,12,6.296,1,6.296,0,12
885,49,0,133,7,26,7,-12,0,0,19,-7,-19,361,12,19,78.06933333333333,7,78.06933333333333,0,19
886,1,25,0,26,1,-24,1,625,0,25,24,25,0,-1,-25,13.066666666666666,1,13.066666666666666,25,0
887,625,625,0,50,25,0,25,625,0,25,0,25,0,-25,-25,459.58933333333334,25,459.58933333333334,25,0
888,625,0,0,25,25,25,25,0,0,0,-25,0,0,-25,0,149.84533333333334,25,149.84533333333334,0,0
889,256,240,0,31,16,1,16,225,0,15,-1,15,0,-16,-15,181.34533333333334,16,181.34533333333334,15,0
890,256,256,0,32,16,0,16,256,0,16,0,16,0,-16,-16,188.338,16,188.338,16,0
891,121,275,154,36,25,-14,-3,625,350,39,14,11,196,3,-11,592.2893333333334,11,242.2893333333334,25,14
892,121,275,143,36,24,-14,-2,625,325,38,14,12,169,2,-12,560.852,11,235.85199999999998,25,13
893,1,0,25,1,26,1,-24,0,0,25,-1,-25,625,24,25,12.416666666666666,1,12.416666666666666,0,25
894,4,0,50,2,27,2,-23,0,0,25,-2,-25,625,23,25,26.277333333333335,2,26.277333333333335,0,25
895,256,240,0,31,16,1,16,225,0,15,-1,15,0,-16,-15,182.11466666666666,16,182.11466666666666,15,0
896,100,250,0,35,10,-15,10,625,0,25,15,25,0,-10,-25,147.51066666666668,10,147.51066666666668,25,0
897,121,275,0,36,11,-14,11,625,0,25,14,25,0,-11,-25,163.8,11,163.8,25,0
898,121,275,275,36,36,-14,-14,625,625,50,14,0,625,14,0,927.464,11,302.46400000000006,25,25
899,1,0,12,1,13,1,-11,0,0,12,-1,-12,144,11,12,6.04,1,6.04,0,12
900,625,0,625,25,50,25,0,0,0,25,-25,-25,625,0,25,464.1193333333333,25,464.1193333333333,0,25
901,100,250,140,35,24,-15,-4,625,350,39,15,11,196,4,-11,567.3706666666667,10,217.3706666666667,25,14
902,289,272,425,33,42,1,-8,256,400,41,-1,-9,625,8,9,817.508,17,417.50800000000004,16,25
903,1,25,0,26,1,-24,1,625,0,25,24,25,0,-1,-25,12.45,1,12.45,25,0
904,256,240,0,31,16,1,16,225,0,15,-1,15,0,-16,-15,179.67466666666667,16,179.67466666666667,15,0
905,625,625,0,50,25,0,25,625,0,25,0,25,0,-25,-25,458.9293333333333,25,458.9293333333333,25,0
906,100,250,250,35,35,-15,-15,625,625,50,15,0,625,15,0,897.5206666666667,10,272.52066666666667,25,25
907,121,275,0,36,11,-14,11,625,0,25,14,25,0,-11,-25,162.49266666666668,11,162.49266666666668,25,0
908,576,240,0,34,24,14,24,100,0,10,-14,10,0,-24,-10,259.20666666666665,24,259.20666666666665,10,0
909,625,0,0,25,25,25,25,0,0,0,-25,0,0,-25,0,150.392,25,150.392,0,0
910,625,0,0,25,25,25,25,0,0,0,-25,0,0,-25,0,149.976,25,149.976,0,0
911,169,0,0,13,13,13,13,0,0,0,-13,0,0,-13,0,38.73866666666667,13,38.73866666666667,0,0
912,1,25,25,26,26,-24,-24,625,625,50,24,0,625,24,0,650.0,1,25.0,25,25
913,4,0,0,2,2,2,2,0,0,0,-2,0,0,-2,0,0.5006666666666667,2,0.5006666666666667,0,0
914,169,0,0,13,13,13,13,0,0,0,-13,0,0,-13,0,39.092,13,39.092,0,0
915,256,240,0,31,16,1,16,225,0,15,-1,15,0,-16,-15,180.364,16,180.364,15,0
916,256,256,400,32,41,0,-9,256,400,41,0,-9,625,9,9,787.672,16,387.672,16,25
917,121,275,143,36,24,-14,-2,625,325,38,14,12,169,2,-12,560.8293333333334,11,235.82933333333335,25,13
918,121,275,132,36,23,-14,-1,625,300,37,14,13,144,1,-13,530.7853333333334,11,230.78533333333337,25,12
919,256,240,0,31,16,1,16,225,0,15,-1,15,0,-16,-15,179.34133333333332,16,179.34133333333332,15,0
920,100,250,0,35,10,-15,10,625,0,25,15,25,0,-10,-25,146.68533333333335,10,146.68533333333335,25,0
921,121,275,0,36,11,-14,11,625,0,25,14,25,0,-11,-25,165.24933333333334,11,165.24933333333334,25,0
922,121,275,0,36,11,-14,11,625,0,25,14,25,0,-11,-25,166.20066666666668,11,166.20066666666668,25,0
923,100,250,130,35,23,-15,-3,625,325,38,15,12,169,3,-12,537.4973333333334,10,212.49733333333336,25,13
924,289,272,425,33,42,1,-8,256,400,41,-1,-9,625,8,9,816.184,17,416.18399999999997,16,25
925,289,255,425,32,42,2,-8,225,375,40,-2,-10,625,8,10,783.1773333333333,17,408.1773333333333,15,25
926,625,225,0,34,25,16,25,81,0,9,-16,9,0,-25,-9,262.298,25,262.298,9,0
927,100,250,250,35,35,-15,-15,625,625,50,15,0,625,15,0,897.6326666666666,10,272.63266666666664,25,25
928,121,275,275,36,36,-14,-14,625,625,50,14,0,625,14,0,927.6066666666667,11,302.6066666666667,25,25
929,576,240,0,34,24,14,24,100,0,10,-14,10,0,-24,-10,258.0846666666667,24,258.0846666666667,10,0
930,625,0,0,25,25,25,25,0,0,0,-25,0,0,-25,0,149.92933333333335,25,149.92933333333335,0,0
931,1,0,25,1,26,1,-24,0,0,25,-1,-25,625,24,25,12.783333333333333,1,12.783333333333333,0,25
932,4,0,50,2,27,2,-23,0,0,25,-2,-25,625,23,25,25.305333333333333,2,25.305333333333333,0,25
933,1,0,12,1,13,1,-11,0,0,12,-1,-12,144,11,12,6.296,1,6.296,0,12
934,49,0,133,7,26,7,-12,0,0,19,-7,-19,361,12,19,78.06933333333333,7,78.06933333333333,0,19
935,1,25,0,26,1,-24,1,625,0,25,24,25,0,-1,-25,13.066666666666666,1,13.066666666666666,25,0
936,625,625,0,50,25,0,25,625,0,25,0,25,0,-25,-25,459.58933333333334,25,459.58933333333334,25,0
937,625,0,0,25,25,25,25,0,0,0,-25,0,0,-25,0,149.84533333333334,25,149.84533333333334,0,0
938,256,240,0,31,16,1,16,225,0,15,-1,15,0,-16,-15,181.34533333333334,16,181.34533333333334,15,0
939,256,256,0,32,16,0,16,256,0,16,0,16,0,-16,-16,188.338,16,188.338,16,0
940,121,275,154,36,25,-14,-3,625,350,39,14,11,196,3,-11,592.2893333333334,11,242.2893333333334,25,14
941,121,275,143,36,24,-14,-2,625,325,38,14,12,169,2,-12,560.852,11,235.85199999999998,25,13
942,1,0,25,1,26,1,-24,0,0,25,-1,-25,625,24,25,12.416666666666666,1,12.416666666666666,0,25
943,4,0,50,2,27,2,-23,0,0,25,-2,-25,625,23,25,26.277333333333335,2,26.277333333333335,0,25
944,256,240,0,31,16,1,16,225,0,15,-1,15,0,-16,-15,182.11466666666666,16,182.11466666666666,15,0
945,100,250,0,35,10,-15,10,625,0,25,15,25,0,-10,-25,147.51066666666668,10,147.51066666666668,25,0
946,121,275,0,36,11,-14,11,625,0,25,14,25,0,-11,-25,163.8,11,163.8,25,0
947,121,275,275,36,36,-14,-14,625,625,50,14,0,625,14,0,927.464,11,302.46400000000006,25,25
948,1,0,12,1,13,1,-11,0,0,12,-1,-12,144,11,12,6.04,1,6.04,0,12
949,625,0,625,25,50,25,0,0,0,25,-25,-25,625,0,25,464.1193333333333,25,464.1193333333333,0,25
950,100,250,140,35,24,-15,-4,625,350,39,15,11,196,4,-11,567.3706666666667,10,217.3706666666667,25,14
951,289,272,425,33,42,1,-8,256,400,41,-1,-9,625,8,9,817.508,17,417.50800000000004,16,25
952,1,25,0,26,1,-24,1,625,0,25,24,25,0,-1,-25,12.45,1,12.45,25,0
953,256,240,0,31,16,1,16,225,0,15,-1,15,0,-16,-15,179.67466666666667,16,179.67466666666667,15,0
954,625,625,0,50,25,0,25,625,0,25,0,25,0,-25,-25,458.9293333333333,25,458.9293333333333,25,0
955,100,250,250,35,35,-15,-15,625,625,50,15,0,625,15,0,897.5206666666667,10,272.52066666666667,25,25
956,121,275,0,36,11,-14,11,625,0,25,14,25,0,-11,-25,162.49266666666668,11,162.49266666666668,25,0
957,576,240,0,34,24,14,24,100,0,10,-14,10,0,-24,-10,259.20666666666665,24,259.20666666666665,10,0
958,625,0,0,25,25,25,25,0,0,0,-25,0,0,-25,0,150.392,25,150.392,0,0
959,625,0,0,25,25,25,25,0,0,0,-25,0,0,-25,0,149.976,25,149.976,0,0
960,169,0,0,13,13,13,13,0,0,0,-13,0,0,-13,0,38.73866666666667,13,38.73866666666667,0,0
961,1,25,25,26,26,-24,-24,625,625,50,24,0,625,24,0,650.0,1,25.0,25,25
962,4,0,0,2,2,2,2,0,0,0,-2,0,0,-2,0,0.5006666666666667,2,0.5006666666666667,0,0
963,169,0,0,13,13,13,13,0,0,0,-13,0,0,-13,0,39.092,13,39.092,0,0
964,256,240,0,31,16,1,16,225,0,15,-1,15,0,-16,-15,180.364,16,180.364,15,0
965,256,256,400,32,41,0,-9,256,400,41,0,-9,625,9,9,787.672,16,387.672,16,25
966,121,275,143,36,24,-14,-2,625,325,38,14,12,169,2,-12,560.8293333333334,11,235.82933333333335,25,13
967,121,275,132,36,23,-14,-1,625,300,37,14,13,144,1,-13,530.7853333333334,11,230.78533333333337,25,12
968,256,240,0,31,16,1,16,225,0,15,-1,15,0,-16,-15,179.34133333333332,16,179.34133333333332,15,0
969,100,250,0,35,10,-15,10,625,0,25,15,25,0,-10,-25,146.68533333333335,10,146.68533333333335,25,0
970,121,275,0,36,11,-14,11,625,0,25,14,25,0,-11,-25,165.24933333333334,11,165.24933333333334,25,0
971,121,275,0,36,11,-14,11,625,0,25,14,25,0,-11,-25,166.20066666666668,11,166.20066666666668,25,0
972,100,250,130,35,23,-15,-3,625,325,38,15,12,169,3,-12,537.4973333333334,10,212.49733333333336,25,13
973,289,272,425,33,42,1,-8,256,400,41,-1,-9,625,8,9,816.184,17,416.18399999999997,16,25
974,289,255,425,32,42,2,-8,225,375,40,-2,-10,625,8,10,783.1773333333333,17,408.1773333333333,15,25
975,625,225,0,34,25,16,25,81,0,9,-16,9,0,-25,-9,262.298,25,262.298,9,0
976,100,250,250,35,35,-15,-15,625,625,50,15,0,625,15,0,897.6326666666666,10,272.63266666666664,25,25
977,121,275,275,36,36,-14,-14,625,625,50,14,0,625,14,0,927.6066666666667,11,302.6066666666667,25,25
978,576,240,0,34,24,14,24,100,0,10,-14,10,0,-24,-10,258.0846666666667,24,258.0846666666667,10,0
979,625,0,0,25,25,25,25,0,0,0,-25,0,0,-25,0,149.92933333333335,25,149.92933333333335,0,0
980,1,0,25,1,26,1,-24,0,0,25,-1,-25,625,24,25,12.783333333333333,1,12.783333333333333,0,25
981,4,0,50,2,27,2,-23,0,0,25,-2,-25,625,23,25,25.305333333333333,2,25.305333333333333,0,25
982,1,0,12,1,13,1,-11,0,0,12,-1,-12,144,11,12,6.296,1,6.296,0,12
983,49,0,133,7,26,7,-12,0,0,19,-7,-19,361,12,19,78.06933333333333,7,78.06933333333333,0,19
984,1,25,0,26,1,-24,1,625,0,25,24,25,0,-1,-25,13.066666666666666,1,13.066666666666666,25,0
985,625,625,0,50,25,0,25,625,0,25,0,25,0,-25,-25,459.58933333333334,25,459.58933333333334,25,0
986,625,0,0,25,25,25,25,0,0,0,-25,0,0,-25,0,149.84533333333334,25,149.84533333333334,0,0
987,256,240,0,31,16,1,16,225,0,15,-1,15,0,-16,-15,181.34533333333334,16,181.34533333333334,15,0
988,256,256,0,32,16,0,16,256,0,16,0,16,0,-16,-16,188.338,16,188.338,16,0
989,121,275,154,36,25,-14,-3,625,350,39,14,11,196,3,-11,592.2893333333334,11,242.2893333333334,25,14
990,121,275,143,36,24,-14,-2,625,325,38,14,12,169,2,-12,560.852,11,235.85199999999998,25,13
991,1,0,25,1,26,1,-24,0,0,25,-1,-25,625,24,25,12.416666666666666,1,12.416666666666666,0,25
992,4,0,50,2,27,2,-23,0,0,25,-2,-25,625,23,25,26.277333333333335,2,26.277333333333335,0,25
993,256,240,0,31,16,1,16,225,0,15,-1,15,0,-16,-15,182.11466666666666,16,182.11466666666666,15,0
994,100,250,0,35,10,-15,10,625,0,25,15,25,0,-10,-25,147.51066666666668,10,147.51066666666668,25,0
995,121,275,0,36,11,-14,11,625,0,25,14,25,0,-11,-25,163.8,11,163.8,25,0
996,121,275,275,36,36,-14,-14,625,625,50,14,0,625,14,0,927.464,11,302.46400000000006,25,25
997,1,0,12,1,13,1,-11,0,0,12,-1,-12,144,11,12,6.04,1,6.04,0,12
998,625,0,625,25,50,25,0,0,0,25,-25,-25,625,0,25,464.1193333333333,25,464.1193333333333,0,25
999,100,250,140,35,24,-15,-4,625,350,39,15,11,196,4,-11,567.3706666666667,10,217.3706666666667,25,14
1000,289,272,425,33,42,1,-8,256,400,41,-1,-9,625,8,9,817.508,17,417.50800000000004,16,25
1001,1,25,0,26,1,-24,1,625,0,25,24,25,0,-1,-25,12.45,1,12.45,25,0
1002,256,240,0,31,16,1,16,225,0,15,-1,15,0,-16,-15,179.67466666666667,16,179.67466666666667,15,0
1003,625,625,0,50,25,0,25,625,0,25,0,25,0,-25,-25,458.9293333333333,25,458.9293333333333,25,0
1004,100,250,250,35,35,-15,-15,625,625,50,15,0,625,15,0,897.5206666666667,10,272.52066666666667,25,25
1005,121,275,0,36,11,-14,11,625,0,25,14,25,0,-11,-25,162.49266666666668,11,162.49266666666668,25,0
1006,576,240,0,34,24,14,24,100,0,10,-14,10,0,-24,-10,259.20666666666665,24,259.20666666666665,10,0
1007,625,0,0,25,25,25,25,0,0,0,-25,0,0,-25,0,150.392,25,150.392,0,0
1008,625,0,0,25,25,25,25,0,0,0,-25,0,0,-25,0,149.976,25,149.976,0,0
1009,169,0,0,13,13,13,13,0,0,0,-13,0,0,-13,0,38.73866666666667,13,38.73866666666667,0,0
1010,1,25,25,26,26,-24,-24,625,625,50,24,0,625,24,0,650.0,1,25.0,25,25
1011,4,0,0,2,2,2,2,0,0,0,-2,0,0,-2,0,0.5006666666666667,2,0.5006666666666667,0,0
1012,169,0,0,13,13,13,13,0,0,0,-13,0,0,-13,0,39.092,13,39.092,0,0
1013,256,240,0,31,16,1,16,225,0,15,-1,15,0,-16,-15,180.364,16,180.364,15,0
1014,256,256,400,32,41,0,-9,256,400,41,0,-9,625,9,9,787.672,16,387.672,16,25
1015,121,275,143,36,24,-14,-2,625,325,38,14,12,169,2,-12,560.8293333333334,11,235.82933333333335,25,13
1016,121,275,132,36,23,-14,-1,625,300,37,14,13,144,1,-13,530.7853333333334,11,230.78533333333337,25,12
1017,256,240,0,31,16,1,16,225,0,15,-1,15,0,-16,-15,179.34133333333332,16,179.34133333333332,15,0
1018,100,250,0,35,10,-15,10,625,0,25,15,25,0,-10,-25,146.68533333333335,10,146.68533333333335,25,0
1019,121,275,0,36,11,-14,11,625,0,25,14,25,0,-11,-25,165.24933333333334,11,165.24933333333334,25,0
1020,121,275,0,36,11,-14,11,625,0,25,14,25,0,-11,-25,166.20066666666668,11,166.20066666666668,25,0
1021,100,250,130,35,23,-15,-3,625,325,38,15,12,169,3,-12,537.4973333333334,10,212.49733333333336,25,13
1022,289,272,425,33,42,1,-8,256,400,41,-1,-9,625,8,9,816.184,17,416.18399999999997,16,25
1023,289,255,425,32,42,2,-8,225,375,40,-2,-10,625,8,10,783.1773333333333,17,408.1773333333333,15,25
1024,625,225,0,34,25,16,25,81,0,9,-16,9,0,-25,-9,262.298,25,262.298,9,0
1025,100,250,250,35,35,-15,-15,625,625,50,15,0,625,15,0,897.6326666666666,10,272.63266666666664,25,25
1026,121,275,275,36,36,-14,-14,625,625,50,14,0,625,14,0,927.6066666666667,11,302.6066666666667,25,25
1027,576,240,0,34,24,14,24,100,0,10,-14,10,0,-24,-10,258.0846666666667,24,258.0846666666667,10,0
1028,625,0,0,25,25,25,25,0,0,0,-25,0,0,-25,0,149.92933333333335,25,149.92933333333335,0,0
1029,1,0,25,1,26,1,-24,0,0,25,-1,-25,625,24,25,12.783333333333333,1,12.783333333333333,0,25
1030,4,0,50,2,27,2,-23,0,0,25,-2,-25,625,23,25,25.305333333333333,2,25.305333333333333,0,25
1031,1,0,12,1,13,1,-11,0,0,12,-1,-12,144,11,12,6.296,1,6.296,0,12
1032,49,0,133,7,26,7,-12,0,0,19,-7,-19,361,12,19,78.06933333333333,7,78.06933333333333,0,19
1033,1,25,0,26,1,-24,1,625,0,25,24,25,0,-1,-25,13.066666666666666,1,13.066666666666666,25,0
1034,625,625,0,50,25,0,25,625,0,25,0,25,0,-25,-25,459.58933333333334,25,459.58933333333334,25,0
1035,625,0,0,25,25,25,25,0,0,0,-25,0,0,-25,0,149.84533333333334,25,149.84533333333334,0,0
1036,256,240,0,31,16,1,16,225,0,15,-1,15,0,-16,-15,181.34533333333334,16,181.34533333333334,15,0
1037,256,256,0,32,16,0,16,256,0,16,0,16,0,-16,-16,188.338,16,188.338,16,0
1038,121,275,154,36,25,-14,-3,625,350,39,14,11,196,3,-11,592.2893333333334,11,242.2893333333334,25,14
1039,121,275,143,36,24,-14,-2,625,325,38,14,12,169,2,-12,560.852,11,235.85199999999998,25,13
1040,1,0,25,1,26,1,-24,0,0,25,-1,-25,625,24,25,12.416666666666666,1,12.416666666666666,0,25
1041,4,0,50,2,27,2,-23,0,0,25,-2,-25,625,23,25,26.277333333333335,2,26.277333333333335,0,25
1042,256,240,0,31,16,1,16,225,0,15,-1,15,0,-16,-15,182.11466666666666,16,182.11466666666666,15,0
1043,100,250,0,35,10,-15,10,625,0,25,15,25,0,-10,-25,147.51066666666668,10,147.51066666666668,25,0
1044,121,275,0,36,11,-14,11,625,0,25,14,25,0,-11,-25,163.8,11,163.8,25,0
1045,121,275,275,36,36,-14,-14,625,625,50,14,0,625,14,0,927.464,11,302.46400000000006,25,25
1046,1,0,12,1,13,1,-11,0,0,12,-1,-12,144,11,12,6.04,1,6.04,0,12
1047,625,0,625,25,50,25,0,0,0,25,-25,-25,625,0,25,464.1193333333333,25,464.1193333333333,0,25
1048,100,250,140,35,24,-15,-4,625,350,39,15,11,196,4,-11,567.3706666666667,10,217.3706666666667,25,14
1049,289,272,425,33,42,1,-8,256,400,41,-1,-9,625,8,9,817.508,17,417.50800000000004,16,25
1050,1,25,0,26,1,-24,1,625,0,25,24,25,0,-1,-25,12.45,1,12.45,25,0
1051,256,240,0,31,16,1,16,225,0,15,-1,15,0,-16,-15,179.67466666666667,16,179.67466666666667,15,0
1052,625,625,0,50,25,0,25,625,0,25,0,25,0,-25,-25,458.9293333333333,25,458.9293333333333,25,0
1053,100,250,250,35,35,-15,-15,625,625,50,15,0,625,15,0,897.5206666666667,10,272.52066666666667,25,25
1054,121,275,0,36,11,-14,11,625,0,25,14,25,0,-11,-25,162.49266666666668,11,162.49266666666668,25,0
1055,576,240,0,34,24,14,24,100,0,10,-14,10,0,-24,-10,259.20666666666665,24,259.20666666666665,10,0
1056,625,0,0,25,25,25,25,0,0,0,-25,0,0,-25,0,150.392,25,150.392,0,0
1057,625,0,0,25,25,25,25,0,0,0,-25,0,0,-25,0,149.976,25,149.976,0,0
1058,169,0,0,13,13,13,13,0,0,0,-13,0,0,-13,0,38.73866666666667,13,38.73866666666667,0,0
1059,1,25,25,26,26,-24,-24,625,625,50,24,0,625,24,0,650.0,1,25.0,25,25
1060,4,0,0,2,2,2,2,0,0,0,-2,0,0,-2,0,0.5006666666666667,2,0.5006666666666667,0,0
1061,169,0,0,13,13,13,13,0,0,0,-13,0,0,-13,0,39.092,13,39.092,0,0
1062,256,240,0,31,16,1,16,225,0,15,-1,15,0,-16,-15,180.364,16,180.364,15,0
1063,256,256,400,32,41,0,-9,256,400,41,0,-9,625,9,9,787.672,16,387.672,16,25
1064,121,275,143,36,24,-14,-2,625,325,38,14,12,169,2,-12,560.8293333333334,11,235.82933333333335,25,13
1065,121,275,132,36,23,-14,-1,625,300,37,14,13,144,1,-13,530.7853333333334,11,230.78533333333337,25,12
1066,256,240,0,31,16,1,16,225,0,15,-1,15,0,-16,-15,179.34133333333332,16,179.34133333333332,15,0
1067,100,250,0,35,10,-15,10,625,0,25,15,25,0,-10,-25,146.68533333333335,10,146.68533333333335,25,0
1068,121,275,0,36,11,-14,11,625,0,25,14,25,0,-11,-25,165.24933333333334,11,165.24933333333334,25,0
1069,121,275,0,36,11,-14,11,625,0,25,14,25,0,-11,-25,166.20066666666668,11,166.20066666666668,25,0
1070,100,250,130,35,23,-15,-3,625,325,38,15,12,169,3,-12,537.4973333333334,10,212.49733333333336,25,13
1071,289,272,425,33,42,1,-8,256,400,41,-1,-9,625,8,9,816.184,17,416.18399999999997,16,25
1072,289,255,425,32,42,2,-8,225,375,40,-2,-10,625,8,10,783.1773333333333,17,408.1773333333333,15,25
1073,625,225,0,34,25,16,25,81,0,9,-16,9,0,-25,-9,262.298,25,262.298,9,0
1074,100,250,250,35,35,-15,-15,625,625,50,15,0,625,15,0,897.6326666666666,10,272.63266666666664,25,25
1075,121,275,275,36,36,-14,-14,625,625,50,14,0,625,14,0,927.6066666666667,11,302.6066666666667,25,25
1076,576,240,0,34,24,14,24,100,0,10,-14,10,0,-24,-10,258.0846666666667,24,258.0846666666667,10,0
1077,625,0,0,25,25,25,25,0,0,0,-25,0,0,-25,0,149.92933333333335,25,149.92933333333335,0,0
1078,1,0,25,1,26,1,-24,0,0,25,-1,-25,625,24,25,12.783333333333333,1,12.783333333333333,0,25
1079,4,0,50,2,27,2,-23,0,0,25,-2,-25,625,23,25,25.305333333333333,2,25.305333333333333,0,25
1080,1,0,12,1,13,1,-11,0,0,12,-1,-12,144,11,12,6.296,1,6.296,0,12
1081,49,0,133,7,26,7,-12,0,0,19,-7,-19,361,12,19,78.06933333333333,7,78.06933333333333,0,19
1082,1,25,0,26,1,-24,1,625,0,25,24,25,0,-1,-25,13.066666666666666,1,13.066666666666666,25,0
1083,625,625,0,50,25,0,25,625,0,25,0,25,0,-25,-25,459.58933333333334,25,459.58933333333334,25,0
1084,625,0,0,25,25,25,25,0,0,0,-25,0,0,-25,0,149.84533333333334,25,149.84533333333334,0,0
1085,256,240,0,31,16,1,16,225,0,15,-1,15,0,-16,-15,181.34533333333334,16,181.34533333333334,15,0
1086,256,256,0,32,16,0,16,256,0,16,0,16,0,-16,-16,188.338,16,188.338,16,0
1087,121,275,154,36,25,-14,-3,625,350,39,14,11,196,3,-11,592.2893333333334,11,242.2893333333334,25,14
1088,121,275,143,36,24,-14,-2,625,325,38,14,12,169,2,-12,560.852,11,235.85199999999998,25,13
1089,1,0,25,1,26,1,-24,0,0,25,-1,-25,625,24,25,12.416666666666666,1,12.416666666666666,0,25
1090,4,0,50,2,27,2,-23,0,0,25,-2,-25,625,23,25,26.277333333333335,2,26.277333333333335,0,25
1091,256,240,0,31,16,1,16,225,0,15,-1,15,0,-16,-15,182.11466666666666,16,182.11466666666666,15,0
1092,100,250,0,35,10,-15,10,625,0,25,15,25,0,-10,-25,147.51066666666668,10,147.51066666666668,25,0
1093,121,275,0,36,11,-14,11,625,0,25,14,25,0,-11,-25,163.8,11,163.8,25,0
1094,121,275,275,36,36,-14,-14,625,625,50,14,0,625,14,0,927.464,11,302.46400000000006,25,25
1095,1,0,12,1,13,1,-11,0,0,12,-1,-12,144,11,12,6.04,1,6.04,0,12
1096,625,0,625,25,50,25,0,0,0,25,-25,-25,625,0,25,464.1193333333333,25,464.1193333333333,0,25
1097,100,250,140,35,24,-15,-4,625,350,39,15,11,196,4,-11,567.3706666666667,10,217.3706666666667,25,14
1098,289,272,425,33,42,1,-8,256,400,41,-1,-9,625,8,9,817.508,17,417.50800000000004,16,25
1099,1,25,0,26,1,-24,1,625,0,25,24,25,0,-1,-25,12.45,1,12.45,25,0
1100,256,240,0,31,16,1,16,225,0,15,-1,15,0,-16,-15,179.67466666666667,16,179.67466666666667,15,0
1101,625,625,0,50,25,0,25,625,0,25,0,25,0,-25,-25,458.9293333333333,25,458.9293333333333,25,0
1102,100,250,250,35,35,-15,-15,625,625,50,15,0,625,15,0,897.5206666666667,10,272.52066666666667,25,25
1103,121,275,0,36,11,-14,11,625,0,25,14,25,0,-11,-25,162.49266666666668,11,162.49266666666668,25,0
1104,576,240,0,34,24,14,24,100,0,10,-14,10,0,-24,-10,259.20666666666665,24,259.20666666666665,10,0
1105,625,0,0,25,25,25,25,0,0,0,-25,0,0,-25,0,150.392,25,150.392,0,0
1106,625,0,0,25,25,25,25,0,0,0,-25,0,0,-25,0,149.976,25,149.976,0,0
1107,169,0,0,13,13,13,13,0,0,0,-13,0,0,-13,0,38.73866666666667,13,38.73866666666667,0,0
1108,1,25,25,26,26,-24,-24,625,625,50,24,0,625,24,0,650.0,1,25.0,25,25
1109,4,0,0,2,2,2,2,0,0,0,-2,0,0,-2,0,0.5006666666666667,2,0.5006666666666667,0,0
1110,169,0,0,13,13,13,13,0,0,0,-13,0,0,-13,0,39.092,13,39.092,0,0
1111,256,240,0,31,16,1,16,225,0,15,-1,15,0,-16,-15,180.364,16,180.364,15,0
1112,256,256,400,32,41,0,-9,256,400,41,0,-9,625,9,9,787.672,16,387.672,16,25
1113,121,275,143,36,24,-14,-2,625,325,38,14,12,169,2,-12,560.8293333333334,11,235.82933333333335,25,13
1114,121,275,132,36,23,-14,-1,625,300,37,14,13,144,1,-13,530.7853333333334,11,230.78533333333337,25,12
1115,256,240,0,31,16,1,16,225,0,15,-1,15,0,-16,-15,179.34133333333332,16,179.34133333333332,15,0
1116,100,250,0,35,10,-15,10,625,0,25,15,25,0,-10,-25,146.68533333333335,10,146.68533333333335,25,0
1117,121,275,0,36,11,-14,11,625,0,25,14,25,0,-11,-25,165.24933333333334,11,165.24933333333334,25,0
1118,121,275,0,36,11,-14,11,625,0,25,14,25,0,-11,-25,166.20066666666668,11,166.20066666666668,25,0
1119,100,250,130,35,23,-15,-3,625,325,38,15,12,169,3,-12,537.4973333333334,10,212.49733333333336,25,13
1120,289,272,425,33,42,1,-8,256,400,41,-1,-9,625,8,9,816.184,17,416.18399999999997,16,25
1121,289,255,425,32,42,2,-8,225,375,40,-2,-10,625,8,10,783.1773333333333,17,408.1773333333333,15,25
1122,625,225,0,34,25,16,25,81,0,9,-16,9,0,-25,-9,262.298,25,262.298,9,0
1123,100,250,250,35,35,-15,-15,625,625,50,15,0,625,15,0,897.6326666666666,10,272.63266666666664,25,25
1124,121,275,275,36,36,-14,-14,625,625,50,14,0,625,14,0,927.6066666666667,11,302.6066666666667,25,25
1125,576,240,0,34,24,14,24,100,0,10,-14,10,0,-24,-10,258.0846666666667,24,258.0846666666667,10,0
1126,625,0,0,25,25,25,25,0,0,0,-25,0,0,-25,0,149.92933333333335,25,149.92933333333335,0,0
1127,1,0,25,1,26,1,-24,0,0,25,-1,-25,625,24,25,12.783333333333333,1,12.783333333333333,0,25
1128,4,0,50,2,27,2,-23,0,0,25,-2,-25,625,23,25,25.305333333333333,2,25.305333333333333,0,25
1129,1,0,12,1,13,1,-11,0,0,12,-1,-12,144,11,12,6.296,1,6.296,0,12
1130,49,0,133,7,26,7,-12,0,0,19,-7,-19,361,12,19,78.06933333333333,7,78.06933333333333,0,19
1131,1,25,0,26,1,-24,1,625,0,25,24,25,0,-1,-25,13.066666666666666,1,13.066666666666666,25,0
1132,625,625,0,50,25,0,25,625,0,25,0,25,0,-25,-25,459.58933333333334,25,459.58933333333334,25,0
1133,625,0,0,25,25,25,25,0,0,0,-25,0,0,-25,0,149.84533333333334,25,149.84533333333334,0,0
1134,256,240,0,31,16,1,16,225,0,15,-1,15,0,-16,-15,181.34533333333334,16,181.34533333333334,15,0
1135,256,256,0,32,16,0,16,256,0,16,0,16,0,-16,-16,188.338,16,188.338,16,0
1136,121,275,154,36,25,-14,-3,625,350,39,14,11,196,3,-11,592.2893333333334,11,242.2893333333334,25,14
1137,121,275,143,36,24,-14,-2,625,325,38,14,12,169,2,-12,560.852,11,235.85199999999998,25,13
1138,1,0,25,1,26,1,-24,0,0,25,-1,-25,625,24,25,12.416666666666666,1,12.416666666666666,0,25
1139,4,0,50,2,27,2,-23,0,0,25,-2,-25,625,23,25,26.277333333333335,2,26.277333333333335,0,25
1140,256,240,0,31,16,1,16,225,0,15,-1,15,0,-16,-15,182.11466666666666,16,182.11466666666666,15,0
1141,100,250,0,35,10,-15,10,625,0,25,15,25,0,-10,-25,147.51066666666668,10,147.51066666666668,25,0
1142,121,275,0,36,11,-14,11,625,0,25,14,25,0,-11,-25,163.8,11,163.8,25,0
1143,121,275,275,36,36,-14,-14,625,625,50,14,0,625,14,0,927.464,11,302.46400000000006,25,25
1144,1,0,12,1,13,1,-11,0,0,12,-1,-12,144,11,12,6.04,1,6.04,0,12
1145,625,0,625,25,50,25,0,0,0,25,-25,-25,625,0,25,464.1193333333333,25,464.1193333333333,0,25
1146,100,250,140,35,24,-15,-4,625,350,39,15,11,196,4,-11,567.3706666666667,10,217.3706666666667,25,14
1147,289,272,425,33,42,1,-8,256,400,41,-1,-9,625,8,9,817.508,17,417.50800000000004,16,25
1148,1,25,0,26,1,-24,1,625,0,25,24,25,0,-1,-25,12.45,1,12.45,25,0
1149,256,240,0,31,16,1,16,225,0,15,-1,15,0,-16,-15,179.67466666666667,16,179.67466666666667,15,0
1150,625,625,0,50,25,0,25,625,0,25,0,25,0,-25,-25,458.9293333333333,25,458.9293333333333,25,0
1151,100,250,250,35,35,-15,-15,625,625,50,15,0,625,15,0,897.5206666666667,10,272.52066666666667,25,25
1152,121,275,0,36,11,-14,11,625,0,25,14,25,0,-11,-25,162.49266666666668,11,162.49266666666668,25,0
1153,576,240,0,34,24,14,24,100,0,10,-14,10,0,-24,-10,259.20666666666665,24,259.20666666666665,10,0
1154,625,0,0,25,25,25,25,0,0,0,-25,0,0,-25,0,150.392,25,150.392,0,0
1155,625,0,0,25,25,25,25,0,0,0,-25,0,0,-25,0,149.976,25,149.976,0,0
1156,169,0,0,13,13,13,13,0,0,0,-13,0,0,-13,0,38.73866666666667,13,38.73866666666667,0,0
1157,1,25,25,26,26,-24,-24,625,625,50,24,0,625,24,0,650.0,1,25.0,25,25
1158,4,0,0,2,2,2,2,0,0,0,-2,0,0,-2,0,0.5006666666666667,2,0.5006666666666667,0,0
1159,169,0,0,13,13,13,13,0,0,0,-13,0,0,-13,0,39.092,13,39.092,0,0
1160,256,240,0,31,16,1,16,225,0,15,-1,15,0,-16,-15,180.364,16,180.364,15,0
1161,256,256,400,32,41,0,-9,256,400,41,0,-9,625,9,9,787.672,16,387.672,16,25
1162,121,275,143,36,24,-14,-2,625,325,38,14,12,169,2,-12,560.8293333333334,11,235.82933333333335,25,13
1163,121,275,132,36,23,-14,-1,625,300,37,14,13,144,1,-13,530.7853333333334,11,230.78533333333337,25,12
1164,256,240,0,31,16,1,16,225,0,15,-1,15,0,-16,-15,179.34133333333332,16,179.34133333333332,15,0
1165,100,250,0,35,10,-15,10,625,0,25,15,25,0,-10,-25,146.68533333333335,10,146.68533333333335,25,0
1166,121,275,0,36,11,-14,11,625,0,25,14,25,0,-11,-25,165.24933333333334,11,165.24933333333334,25,0
1167,121,275,0,36,11,-14,11,625,0,25,14,25,0,-11,-25,166.20066666666668,11,166.20066666666668,25,0
1168,100,250,130,35,23,-15,-3,625,325,38,15,12,169,3,-12,537.4973333333334,10,212.49733333333336,25,13
1169,289,272,425,33,42,1,-8,256,400,41,-1,-9,625,8,9,816.184,17,416.18399999999997,16,25
1170,289,255,425,32,42,2,-8,225,375,40,-2,-10,625,8,10,783.1773333333333,17,408.1773333333333,15,25
1171,625,225,0,34,25,16,25,81,0,9,-16,9,0,-25,-9,262.298,25,262.298,9,0
1172,100,250,250,35,35,-15,-15,625,625,50,15,0,625,15,0,897.6326666666666,10,272.63266666666664,25,25
1173,121,275,275,36,36,-14,-14,625,625,50,14,0,625,14,0,927.6066666666667,11,302.6066666666667,25,25
1174,576,240,0,34,24,14,24,100,0,10,-14,10,0,-24,-10,258.0846666666667,24,258.0846666666667,10,0
1175,625,0,0,25,25,25,25,0,0,0,-25,0,0,-25,0,149.92933333333335,25,149.92933333333335,0,0
1176,1,0,25,1,26,1,-24,0,0,25,-1,-25,625,24,25,12.783333333333333,1,12.783333333333333,0,25
1177,4,0,50,2,27,2,-23,0,0,25,-2,-25,625,23,25,25.305333333333333,2,25.305333333333333,0,25
1178,1,0,12,1,13,1,-11,0,0,12,-1,-12,144,11,12,6.296,1,6.296,0,12
1179,49,0,133,7,26,7,-12,0,0,19,-7,-19,361,12,19,78.06933333333333,7,78.06933333333333,0,19
1180,1,25,0,26,1,-24,1,625,0,25,24,25,0,-1,-25,13.066666666666666,1,13.066666666666666,25,0
1181,625,625,0,50,25,0,25,625,0,25,0,25,0,-25,-25,459.58933333333334,25,459.58933333333334,25,0
1182,625,0,0,25,25,25,25,0,0,0,-25,0,0,-25,0,149.84533333333334,25,149.84533333333334,0,0
1183,256,240,0,31,16,1,16,225,0,15,-1,15,0,-16,-15,181.34533333333334,16,181.34533333333334,15,0
1184,256,256,0,32,16,0,16,256,0,16,0,16,0,-16,-16,188.338,16,188.338,16,0
1185,121,275,154,36,25,-14,-3,625,350,39,14,11,196,3,-11,592.2893333333334,11,242.2893333333334,25,14
1186,121,275,143,36,24,-14,-2,625,325,38,14,12,169,2,-12,560.852,11,235.85199999999998,25,13
1187,1,0,25,1,26,1,-24,0,0,25,-1,-25,625,24,25,12.416666666666666,1,12.416666666666666,0,25
1188,4,0,50,2,27,2,-23,0,0,25,-2,-25,625,23,25,26.277333333333335,2,26.277333333333335,0,25
1189,256,240,0,31,16,1,16,225,0,15,-1,15,0,-16,-15,182.11466666666666,16,182.11466666666666,15,0
1190,100,250,0,35,10,-15,10,625,0,25,15,25,0,-10,-25,147.51066666666668,10,147.51066666666668,25,0
1191,121,275,0,36,11,-14,11,625,0,25,14,25,0,-11,-25,163.8,11,163.8,25,0
1192,121,275,275,36,36,-14,-14,625,625,50,14,0,625,14,0,927.464,11,302.46400000000006,25,25
1193,1,0,12,1,13,1,-11,0,0,12,-1,-12,144,11,12,6.04,1,6.04,0,12
1194,625,0,625,25,50,25,0,0,0,25,-25,-25,625,0,25,464.1193333333333,25,464.1193333333333,0,25
1195,100,250,140,35,24,-15,-4,625,350,39,15,11,196,4,-11,567.3706666666667,10,217.3706666666667,25,14
1196,289,272,425,33,42,1,-8,256,400,41,-1,-9,625,8,9,817.508,17,417.50800000000004,16,25
1197,1,25,0,26,1,-24,1,625,0,25,24,25,0,-1,-25,12.45,1,12.45,25,0
1198,256,240,0,31,16,1,16,225,0,15,-1,15,0,-16,-15,179.67466666666667,16,179.67466666666667,15,0
1199,625,625,0,50,25,0,25,625,0,25,0,25,0,-25,-25,458.9293333333333,25,458.9293333333333,25,0
1200,100,250,250,35,35,-15,-15,625,625,50,15,0,625,15,0,897.5206666666667,10,272.52066666666667,25,25
1201,121,275,0,36,11,-14,11,625,0,25,14,25,0,-11,-25,162.49266666666668,11,162.49266666666668,25,0
1202,576,240,0,34,24,14,24,100,0,10,-14,10,0,-24,-10,259.20666666666665,24,259.20666666666665,10,0
1203,625,0,0,25,25,25,25,0,0,0,-25,0,0,-25,0,150.392,25,150.392,0,0
1204,625,0,0,25,25,25,25,0,0,0,-25,0,0,-25,0,149.976,25,149.976,0,0
1205,169,0,0,13,13,13,13,0,0,0,-13,0,0,-13,0,38.73866666666667,13,38.73866666666667,0,0
1206,1,25,25,26,26,-24,-24,625,625,50,24,0,625,24,0,650.0,1,25.0,25,25
1207,4,0,0,2,2,2,2,0,0,0,-2,0,0,-2,0,0.5006666666666667,2,0.5006666666666667,0,0
1208,169,0,0,13,13,13,13,0,0,0,-13,0,0,-13,0,39.092,13,39.092,0,0
1209,256,240,0,31,16,1,16,225,0,15,-1,15,0,-16,-15,180.364,16,180.364,15,0
1210,256,256,400,32,41,0,-9,256,400,41,0,-9,625,9,9,787.672,16,387.672,16,25
1211,121,275,143,36,24,-14,-2,625,325,38,14,12,169,2,-12,560.8293333333334,11,235.82933333333335,25,13
1212,121,275,132,36,23,-14,-1,625,300,37,14,13,144,1,-13,530.7853333333334,11,230.78533333333337,25,12
1213,256,240,0,31,16,1,16,225,0,15,-1,15,0,-16,-15,179.34133333333332,16,179.34133333333332,15,0
1214,100,250,0,35,10,-15,10,625,0,25,15,25,0,-10,-25,146.68533333333335,10,146.68533333333335,25,0
1215,121,275,0,36,11,-14,11,625,0,25,14,25,0,-11,-25,165.24933333333334,11,165.24933333333334,25,0
1216,121,275,0,36,11,-14,11,625,0,25,14,25,0,-11,-25,166.20066666666668,11,166.20066666666668,25,0
1217,100,250,130,35,23,-15,-3,625,325,38,15,12,169,3,-12,537.4973333333334,10,212.49733333333336,25,13
1218,289,272,425,33,42,1,-8,256,400,41,-1,-9,625,8,9,816.184,17,416.18399999999997,16,25
1219,289,255,425,32,42,2,-8,225,375,40,-2,-10,625,8,10,783.1773333333333,17,408.1773333333333,15,25
1220,625,225,0,34,25,16,25,81,0,9,-16,9,0,-25,-9,262.298,25,262.298,9,0
1221,100,250,250,35,35,-15,-15,625,625,50,15,0,625,15,0,897.6326666666666,10,272.63266666666664,25,25
1222,121,275,275,36,36,-14,-14,625,625,50,14,0,625,14,0,927.6066666666667,11,302.6066666666667,25,25
1223,576,240,0,34,24,14,24,100,0,10,-14,10,0,-24,-10,258.0846666666667,24,258.0846666666667,10,0
1224,625,0,0,25,25,25,25,0,0,0,-25,0,0,-25,0,149.92933333333335,25,149.92933333333335,0,0
1225,1,0,25,1,26,1,-24,0,0,25,-1,-25,625,24,25,12.783333333333333,1,12.783333333333333,0,25
1226,4,0,50,2,27,2,-23,0,0,25,-2,-25,625,23,25,25.305333333333333,2,25.305333333333333,0,25
1227,1,0,12,1,13,1,-11,0,0,12,-1,-12,144,11,12,6.296,1,6.296,0,12
1228,49,0,133,7,26,7,-12,0,0,19,-7,-19,361,12,19,78.06933333333333,7,78.06933333333333,0,19
1229,1,25,0,26,1,-24,1,625,0,25,24,25,0,-1,-25,13.066666666666666,1,13.066666666666666,25,0
1230,625,625,0,50,25,0,25,625,0,25,0,25,0,-25,-25,459.58933333333334,25,459.58933333333334,25,0
1231,625,0,0,25,25,25,25,0,0,0,-25,0,0,-25,0,149.84533333333334,25,149.84533333333334,0,0
1232,256,240,0,31,16,1,16,225,0,15,-1,15,0,-16,-15,181.34533333333334,16,181.34533333333334,15,0
1233,256,256,0,32,16,0,16,256,0,16,0,16,0,-16,-16,188.338,16,188.338,16,0
1234,121,275,154,36,25,-14,-3,625,350,39,14,11,196,3,-11,592.2893333333334,11,242.2893333333334,25,14
1235,121,275,143,36,24,-14,-2,625,325,38,14,12,169,2,-12,560.852,11,235.85199999999998,25,13
1236,1,0,25,1,26,1,-24,0,0,25,-1,-25,625,24,25,12.416666666666666,1,12.416666666666666,0,25
1237,4,0,50,2,27,2,-23,0,0,25,-2,-25,625,23,25,26.277333333333335,2,26.277333333333335,0,25
1238,256,240,0,31,16,1,16,225,0,15,-1,15,0,-16,-15,182.11466666666666,16,182.11466666666666,15,0
1239,100,250,0,35,10,-15,10,625,0,25,15,25,0,-10,-25,147.51066666666668,10,147.51066666666668,25,0
1240,121,275,0,36,11,-14,11,625,0,25,14,25,0,-11,-25,163.8,11,163.8,25,0
1241,121,275,275,36,36,-14,-14,625,625,50,14,0,625,14,0,927.464,11,302.46400000000006,25,25
1242,1,0,12,1,13,1,-11,0,0,12,-1,-12,144,11,12,6.04,1,6.04,0,12
1243,625,0,625,25,50,25,0,0,0,25,-25,-25,625,0,25,464.1193333333333,25,464.1193333333333,0,25
1244,100,250,140,35,24,-15,-4,625,350,39,15,11,196,4,-11,567.3706666666667,10,217.3706666666667,25,14
1245,289,272,425,33,42,1,-8,256,400,41,-1,-9,625,8,9,817.508,17,417.50800000000004,16,25
1246,1,25,0,26,1,-24,1,625,0,25,24,25,0,-1,-25,12.45,1,12.45,25,0
1247,256,240,0,31,16,1,16,225,0,15,-1,15,0,-16,-15,179.67466666666667,16,179.67466666666667,15,0
1248,625,625,0,50,25,0,25,625,0,25,0,25,0,-25,-25,458.9293333333333,25,458.9293333333333,25,0
1249,100,250,250,35,35,-15,-15,625,625,50,15,0,625,15,0,897.5206666666667,10,272.52066666666667,25,25
1250,121,275,0,36,11,-14,11,625,0,25,14,25,0,-11,-25,162.49266666666668,11,162.49266666666668,25,0
1251,576,240,0,34,24,14,24,100,0,10,-14,10,0,-24,-10,259.20666666666665,24,259.20666666666665,10,0
1252,625,0,0,25,25,25,25,0,0,0,-25,0,0,-25,0,150.392,25,150.392,0,0
1253,625,0,0,25,25,25,25,0,0,0,-25,0,0,-25,0,149.976,25,149.976,0,0
1254,169,0,0,13,13,13,13,0,0,0,-13,0,0,-13,0,38.73866666666667,13,38.73866666666667,0,0
1255,1,25,25,26,26,-24,-24,625,625,50,24,0,625,24,0,650.0,1,25.0,25,25
1256,4,0,0,2,2,2,2,0,0,0,-2,0,0,-2,0,0.5006666666666667,2,0.5006666666666667,0,0
1257,169,0,0,13,13,13,13,0,0,0,-13,0,0,-13,0,39.092,13,39.092,0,0
1258,256,240,0,31,16,1,16,225,0,15,-1,15,0,-16,-15,180.364,16,180.364,15,0
1259,256,256,400,32,41,0,-9,256,400,41,0,-9,625,9,9,787.672,16,387.672,16,25
1260,121,275,143,36,24,-14,-2,625,325,38,14,12,169,2,-12,560.8293333333334,11,235.82933333333335,25,13
1261,121,275,132,36,23,-14,-1,625,300,37,14,13,144,1,-13,530.7853333333334,11,230.78533333333337,25,12
1262,256,240,0,31,16,1,16,225,0,15,-1,15,0,-16,-15,179.34133333333332,16,179.34133333333332,15,0
1263,100,250,0,35,10,-15,10,625,0,25,15,25,0,-10,-25,146.68533333333335,10,146.68533333333335,25,0
1264,121,275,0,36,11,-14,11,625,0,25,14,25,0,-11,-25,165.24933333333334,11,165.24933333333334,25,0
1265,121,275,0,36,11,-14,11,625,0,25,14,25,0,-11,-25,166.20066666666668,11,166.20066666666668,25,0
1266,100,250,130,35,23,-15,-3,625,325,38,15,12,169,3,-12,537.4973333333334,10,212.49733333333336,25,13
1267,289,272,425,33,42,1,-8,256,400,41,-1,-9,625,8,9,816.184,17,416.18399999999997,16,25
1268,289,255,425,32,42,2,-8,225,375,40,-2,-10,625,8,10,783.1773333333333,17,408.1773333333333,15,25
1269,625,225,0,34,25,16,25,81,0,9,-16,9,0,-25,-9,262.298,25,262.298,9,0
1270,100,250,250,35,35,-15,-15,625,625,50,15,0,625,15,0,897.6326666666666,10,272.63266666666664,25,25
1271,121,275,275,36,36,-14,-14,625,625,50,14,0,625,14,0,927.6066666666667,11,302.6066666666667,25,25
1272,576,240,0,34,24,14,24,100,0,10,-14,10,0,-24,-10,258.0846666666667,24,258.0846666666667,10,0
1273,625,0,0,25,25,25,25,0,0,0,-25,0,0,-25,0,149.92933333333335,25,149.92933333333335,0,0
1274,1,0,25,1,26,1,-24,0,0,25,-1,-25,625,24,25,12.783333333333333,1,12.783333333333333,0,25
1275,4,0,50,2,27,2,-23,0,0,25,-2,-25,625,23,25,25.305333333333333,2,25.305333333333333,0,25
1276,1,0,12,1,13,1,-11,0,0,12,-1,-12,144,11,12,6.296,1,6.296,0,12
1277,49,0,133,7,26,7,-12,0,0,19,-7,-19,361,12,19,78.06933333333333,7,78.06933333333333,0,19
1278,1,25,0,26,1,-24,1,625,0,25,24,25,0,-1,-25,13.066666666666666,1,13.066666666666666,25,0
1279,625,625,0,50,25,0,25,625,0,25,0,25,0,-25,-25,459.58933333333334,25,459.58933333333334,25,0
1280,625,0,0,25,25,25,25,0,0,0,-25,0,0,-25,0,149.84533333333334,25,149.84533333333334,0,0
1281,256,240,0,31,16,1,16,225,0,15,-1,15,0,-16,-15,181.34533333333334,16,181.34533333333334,15,0
1282,256,256,0,32,16,0,16,256,0,16,0,16,0,-16,-16,188.338,16,188.338,16,0
1283,121,275,154,36,25,-14,-3,625,350,39,14,11,196,3,-11,592.2893333333334,11,242.2893333333334,25,14
1284,121,275,143,36,24,-14,-2,625,325,38,14,12,169,2,-12,560.852,11,235.85199999999998,25,13
1285,1,0,25,1,26,1,-24,0,0,25,-1,-25,625,24,25,12.416666666666666,1,12.416666666666666,0,25
1286,4,0,50,2,27,2,-23,0,0,25,-2,-25,625,23,25,26.277333333333335,2,26.277333333333335,0,25
1287,256,240,0,31,16,1,16,225,0,15,-1,15,0,-16,-15,182.11466666666666,16,182.11466666666666,15,0
1288,100,250,0,35,10,-15,10,625,0,25,15,25,0,-10,-25,147.51066666666668,10,147.51066666666668,25,0
1289,121,275,0,36,11,-14,11,625,0,25,14,25,0,-11,-25,163.8,11,163.8,25,0
1290,121,275,275,36,36,-14,-14,625,625,50,14,0,625,14,0,927.464,11,302.46400000000006,25,25
1291,1,0,12,1,13,1,-11,0,0,12,-1,-12,144,11,12,6.04,1,6.04,0,12
1292,625,0,625,25,50,25,0,0,0,25,-25,-25,625,0,25,464.1193333333333,25,464.1193333333333,0,25
1293,100,250,140,35,24,-15,-4,625,350,39,15,11,196,4,-11,567.3706666666667,10,217.3706666666667,25,14
1294,289,272,425,33,42,1,-8,256,400,41,-1,-9,625,8,9,817.508,17,417.50800000000004,16,25
1295,1,25,0,26,1,-24,1,625,0,25,24,25,0,-1,-25,12.45,1,12.45,25,0
1296,256,240,0,31,16,1,16,225,0,15,-1,15,0,-16,-15,179.67466666666667,16,179.67466666666667,15,0
1297,625,625,0,50,25,0,25,625,0,25,0,25,0,-25,-25,458.9293333333333,25,458.9293333333333,25,0
1298,100,250,250,35,35,-15,-15,625,625,50,15,0,625,15,0,897.5206666666667,10,272.52066666666667,25,25
1299,121,275,0,36,11,-14,11,625,0,25,14,25,0,-11,-25,162.49266666666668,11,162.49266666666668,25,0
1300,576,240,0,34,24,14,24,100,0,10,-14,10,0,-24,-10,259.20666666666665,24,259.20666666666665,10,0
1301,625,0,0,25,25,25,25,0,0,0,-25,0,0,-25,0,150.392,25,150.392,0,0
1302,625,0,0,25,25,25,25,0,0,0,-25,0,0,-25,0,149.976,25,149.976,0,0
1303,169,0,0,13,13,13,13,0,0,0,-13,0,0,-13,0,38.73866666666667,13,38.73866666666667,0,0
1304,1,25,25,26,26,-24,-24,625,625,50,24,0,625,24,0,650.0,1,25.0,25,25
1305,4,0,0,2,2,2,2,0,0,0,-2,0,0,-2,0,0.5006666666666667,2,0.5006666666666667,0,0
1306,169,0,0,13,13,13,13,0,0,0,-13,0,0,-13,0,39.092,13,39.092,0,0
1307,256,240,0,31,16,1,16,225,0,15,-1,15,0,-16,-15,180.364,16,180.364,15,0
1308,256,256,400,32,41,0,-9,256,400,41,0,-9,625,9,9,787.672,16,387.672,16,25
1309,121,275,143,36,24,-14,-2,625,325,38,14,12,169,2,-12,560.8293333333334,11,235.82933333333335,25,13
1310,121,275,132,36,23,-14,-1,625,300,37,14,13,144,1,-13,530.7853333333334,11,230.78533333333337,25,12
1311,256,240,0,31,16,1,16,225,0,15,-1,15,0,-16,-15,179.34133333333332,16,179.34133333333332,15,0
1312,100,250,0,35,10,-15,10,625,0,25,15,25,0,-10,-25,146.68533333333335,10,146.68533333333335,25,0
1313,121,275,0,36,11,-14,11,625,0,25,14,25,0,-11,-25,165.24933333333334,11,165.24933333333334,25,0
1314,121,275,0,36,11,-14,11,625,0,25,14,25,0,-11,-25,166.20066666666668,11,166.20066666666668,25,0
1315,100,250,130,35,23,-15,-3,625,325,38,15,12,169,3,-12,537.4973333333334,10,212.49733333333336,25,13
1316,289,272,425,33,42,1,-8,256,400,41,-1,-9,625,8,9,816.184,17,416.18399999999997,16,25
1317,289,255,425,32,42,2,-8,225,375,40,-2,-10,625,8,10,783.1773333333333,17,408.1773333333333,15,25
1318,625,225,0,34,25,16,25,81,0,9,-16,9,0,-25,-9,262.298,25,262.298,9,0
1319,100,250,250,35,35,-15,-15,625,625,50,15,0,625,15,0,897.6326666666666,10,272.63266666666664,25,25
1320,121,275,275,36,36,-14,-14,625,625,50,14,0,625,14,0,927.6066666666667,11,302.6066666666667,25,25
1321,576,240,0,34,24,14,24,100,0,10,-14,10,0,-24,-10,258.0846666666667,24,258.0846666666667,10,0
1322,625,0,0,25,25,25,25,0,0,0,-25,0,0,-25,0,149.92933333333335,25,149.92933333333335,0,0
1323,1,0,25,1,26,1,-24,0,0,25,-1,-25,625,24,25,12.783333333333333,1,12.783333333333333,0,25
1324,4,0,50,2,27,2,-23,0,0,25,-2,-25,625,23,25,25.305333333333333,2,25.305333333333333,0,25
1325,1,0,12,1,13,1,-11,0,0,12,-1,-12,144,11,12,6.296,1,6.296,0,12
1326,49,0,133,7,26,7,-12,0,0,19,-7,-19,361,12,19,78.06933333333333,7,78.06933333333333,0,19
1327,1,25,0,26,1,-24,1,625,0,25,24,25,0,-1,-25,13.066666666666666,1,13.066666666666666,25,0
1328,625,625,0,50,25,0,25,625,0,25,0,25,0,-25,-25,459.58933333333334,25,459.58933333333334,25,0
1329,625,0,0,25,25,25,25,0,0,0,-25,0,0,-25,0,149.84533333333334,25,149.84533333333334,0,0
1330,256,240,0,31,16,1,16,225,0,15,-1,15,0,-16,-15,181.34533333333334,16,181.34533333333334,15,0
1331,256,256,0,32,16,0,16,256,0,16,0,16,0,-16,-16,188.338,16,188.338,16,0
1332,121,275,154,36,25,-14,-3,625,350,39,14,11,196,3,-11,592.2893333333334,11,242.2893333333334,25,14
1333,121,275,143,36,24,-14,-2,625,325,38,14,12,169,2,-12,560.852,11,235.85199999999998,25,13
1334,1,0,25,1,26,1,-24,0,0,25,-1,-25,625,24,25,12.416666666666666,1,12.416666666666666,0,25
1335,4,0,50,2,27,2,-23,0,0,25,-2,-25,625,23,25,26.277333333333335,2,26.277333333333335,0,25
1336,256,240,0,31,16,1,16,225,0,15,-1,15,0,-16,-15,182.11466666666666,16,182.11466666666666,15,0
1337,100,250,0,35,10,-15,10,625,0,25,15,25,0,-10,-25,147.51066666666668,10,147.51066666666668,25,0
1338,121,275,0,36,11,-14,11,625,0,25,14,25,0,-11,-25,163.8,11,163.8,25,0
1339,121,275,275,36,36,-14,-14,625,625,50,14,0,625,14,0,927.464,11,302.46400000000006,25,25
1340,1,0,12,1,13,1,-11,0,0,12,-1,-12,144,11,12,6.04,1,6.04,0,12
1341,625,0,625,25,50,25,0,0,0,25,-25,-25,625,0,25,464.1193333333333,25,464.1193333333333,0,25
1342,100,250,140,35,24,-15,-4,625,350,39,15,11,196,4,-11,567.3706666666667,10,217.3706666666667,25,14
1343,289,272,425,33,42,1,-8,256,400,41,-1,-9,625,8,9,817.508,17,417.50800000000004,16,25
1344,1,25,0,26,1,-24,1,625,0,25,24,25,0,-1,-25,12.45,1,12.45,25,0
1345,256,240,0,31,16,1,16,225,0,15,-1,15,0,-16,-15,179.67466666666667,16,179.67466666666667,15,0
1346,625,625,0,50,25,0,25,625,0,25,0,25,0,-25,-25,458.9293333333333,25,458.9293333333333,25,0
1347,100,250,250,35,35,-15,-15,625,625,50,15,0,625,15,0,897.5206666666667,10,272.52066666666667,25,25
1348,121,275,0,36,11,-14,11,625,0,25,14,25,0,-11,-25,162.49266666666668,11,162.49266666666668,25,0
1349,576,240,0,34,24,14,24,100,0,10,-14,10,0,-24,-10,259.20666666666665,24,259.20666666666665,10,0
1350,625,0,0,25,25,25,25,0,0,0,-25,0,0,-25,0,150.392,25,150.392,0,0
1351,625,0,0,25,25,25,25,0,0,0,-25,0,0,-25,0,149.976,25,149.976,0,0
1352,169,0,0,13,13,13,13,0,0,0,-13,0,0,-13,0,38.73866666666667,13,38.73866666666667,0,0
1353,1,25,25,26,26,-24,-24,625,625,50,24,0,625,24,0,650.0,1,25.0,25,25
1354,4,0,0,2,2,2,2,0,0,0,-2,0,0,-2,0,0.5006666666666667,2,0.5006666666666667,0,0
1355,169,0,0,13,13,13,13,0,0,0,-13,0,0,-13,0,39.092,13,39.092,0,0
1356,256,240,0,31,16,1,16,225,0,15,-1,15,0,-16,-15,180.364,16,180.364,15,0
1357,256,256,400,32,41,0,-9,256,400,41,0,-9,625,9,9,787.672,16,387.672,16,25
1358,121,275,143,36,24,-14,-2,625,325,38,14,12,169,2,-12,560.8293333333334,11,235.82933333333335,25,13
1359,121,275,132,36,23,-14,-1,625,300,37,14,13,144,1,-13,530.7853333333334,11,230.78533333333337,25,12
1360,256,240,0,31,16,1,16,225,0,15,-1,15,0,-16,-15,179.34133333333332,16,179.34133333333332,15,0
1361,100,250,0,35,10,-15,10,625,0,25,15,25,0,-10,-25,146.68533333333335,10,146.68533333333335,25,0
1362,121,275,0,36,11,-14,11,625,0,25,14,25,0,-11,-25,165.24933333333334,11,165.24933333333334,25,0
1363,121,275,0,36,11,-14,11,625,0,25,14,25,0,-11,-25,166.20066666666668,11,166.20066666666668,25,0
1364,100,250,130,35,23,-15,-3,625,325,38,15,12,169,3,-12,537.4973333333334,10,212.49733333333336,25,13
1365,289,272,425,33,42,1,-8,256,400,41,-1,-9,625,8,9,816.184,17,416.18399999999997,16,25
1366,289,255,425,32,42,2,-8,225,375,40,-2,-10,625,8,10,783.1773333333333,17,408.1773333333333,15,25
1367,625,225,0,34,25,16,25,81,0,9,-16,9,0,-25,-9,262.298,25,262.298,9,0
1368,100,250,250,35,35,-15,-15,625,625,50,15,0,625,15,0,897.6326666666666,10,272.63266666666664,25,25
1369,121,275,275,36,36,-14,-14,625,625,50,14,0,625,14,0,927.6066666666667,11,302.6066666666667,25,25
1370,576,240,0,34,24,14,24,100,0,10,-14,10,0,-24,-10,258.0846666666667,24,258.0846666666667,10,0
1371,625,0,0,25,25,25,25,0,0,0,-25,0,0,-25,0,149.92933333333335,25,149.92933333333335,0,0
1372,1,0,25,1,26,1,-24,0,0,25,-1,-25,625,24,25,12.783333333333333,1,12.783333333333333,0,25
1373,4,0,50,2,27,2,-23,0,0,25,-2,-25,625,23,25,25.305333333333333,2,25.305333333333333,0,25
1374,1,0,12,1,13,1,-11,0,0,12,-1,-12,144,11,12,6.296,1,6.296,0,12
1375,49,0,133,7,26,7,-12,0,0,19,-7,-19,361,12,19,78.06933333333333,7,78.06933333333333,0,19
1376,1,25,0,26,1,-24,1,625,0,25,24,25,0,-1,-25,13.066666666666666,1,13.066666666666666,25,0
1377,625,625,0,50,25,0,25,625,0,25,0,25,0,-25,-25,459.58933333333334,25,459.58933333333334,25,0
1378,625,0,0,25,25,25,25,0,0,0,-25,0,0,-25,0,149.84533333333334,25,149.84533333333334,0,0
1379,256,240,0,31,16,1,16,225,0,15,-1,15,0,-16,-15,181.34533333333334,16,181.34533333333334,15,0
1380,256,256,0,32,16,0,16,256,0,16,0,16,0,-16,-16,188.338,16,188.338,16,0
1381,121,275,154,36,25,-14,-3,625,350,39,14,11,196,3,-11,592.2893333333334,11,242.2893333333334,25,14
1382,121,275,143,36,24,-14,-2,625,325,38,14,12,169,2,-12,560.852,11,235.85199999999998,25,13
1383,1,0,25,1,26,1,-24,0,0,25,-1,-25,625,24,25,12.416666666666666,1,12.416666666666666,0,25
1384,4,0,50,2,27,2,-23,0,0,25,-2,-25,625,23,25,26.277333333333335,2,26.277333333333335,0,25
1385,256,240,0,31,16,1,16,225,0,15,-1,15,0,-16,-15,182.11466666666666,16,182.11466666666666,15,0
1386,100,250,0,35,10,-15,10,625,0,25,15,25,0,-10,-25,147.51066666666668,10,147.51066666666668,25,0
1387,121,275,0,36,11,-14,11,625,0,25,14,25,0,-11,-25,163.8,11,163.8,25,0
1388,121,275,275,36,36,-14,-14,625,625,50,14,0,625,14,0,927.464,11,302.46400000000006,25,25
1389,1,0,12,1,13,1,-11,0,0,12,-1,-12,144,11,12,6.04,1,6.04,0,12
1390,625,0,625,25,50,25,0,0,0,25,-25,-25,625,0,25,464.1193333333333,25,464.1193333333333,0,25
1391,100,250,140,35,24,-15,-4,625,350,39,15,11,196,4,-11,567.3706666666667,10,217.3706666666667,25,14
1392,289,272,425,33,42,1,-8,256,400,41,-1,-9,625,8,9,817.508,17,417.50800000000004,16,25
1393,1,25,0,26,1,-24,1,625,0,25,24,25,0,-1,-25,12.45,1,12.45,25,0
1394,256,240,0,31,16,1,16,225,0,15,-1,15,0,-16,-15,179.67466666666667,16,179.67466666666667,15,0
1395,625,625,0,50,25,0,25,625,0,25,0,25,0,-25,-25,458.9293333333333,25,458.9293333333333,25,0
1396,100,250,250,35,35,-15,-15,625,625,50,15,0,625,15,0,897.5206666666667,10,272.52066666666667,25,25
1397,121,275,0,36,11,-14,11,625,0,25,14,25,0,-11,-25,162.49266666666668,11,162.49266666666668,25,0
1398,576,240,0,34,24,14,24,100,0,10,-14,10,0,-24,-10,259.20666666666665,24,259.20666666666665,10,0
1399,625,0,0,25,25,25,25,0,0,0,-25,0,0,-25,0,150.392,25,150.392,0,0
1400,625,0,0,25,25,25,25,0,0,0,-25,0,0,-25,0,149.976,25,149.976,0,0
1401,169,0,0,13,13,13,13,0,0,0,-13,0,0,-13,0,38.73866666666667,13,38.73866666666667,0,0
1402,1,25,25,26,26,-24,-24,625,625,50,24,0,625,24,0,650.0,1,25.0,25,25
1403,4,0,0,2,2,2,2,0,0,0,-2,0,0,-2,0,0.5006666666666667,2,0.5006666666666667,0,0
1404,169,0,0,13,13,13,13,0,0,0,-13,0,0,-13,0,39.092,13,39.092,0,0
1405,256,240,0,31,16,1,16,225,0,15,-1,15,0,-16,-15,180.364,16,180.364,15,0
1406,256,256,400,32,41,0,-9,256,400,41,0,-9,625,9,9,787.672,16,387.672,16,25
1407,121,275,143,36,24,-14,-2,625,325,38,14,12,169,2,-12,560.8293333333334,11,235.82933333333335,25,13
1408,121,275,132,36,23,-14,-1,625,300,37,14,13,144,1,-13,530.7853333333334,11,230.78533333333337,25,12
1409,256,240,0,31,16,1,16,225,0,15,-1,15,0,-16,-15,179.34133333333332,16,179.34133333333332,15,0
1410,100,250,0,35,10,-15,10,625,0,25,15,25,0,-10,-25,146.68533333333335,10,146.68533333333335,25,0
1411,121,275,0,36,11,-14,11,625,0,25,14,25,0,-11,-25,165.24933333333334,11,165.24933333333334,25,0
1412,121,275,0,36,11,-14,11,625,0,25,14,25,0,-11,-25,166.20066666666668,11,166.20066666666668,25,0
1413,100,250,130,35,23,-15,-3,625,325,38,15,12,169,3,-12,537.4973333333334,10,212.49733333333336,25,13
1414,289,272,425,33,42,1,-8,256,400,41,-1,-9,625,8,9,816.184,17,416.18399999999997,16,25
1415,289,255,425,32,42,2,-8,225,375,40,-2,-10,625,8,10,783.1773333333333,17,408.1773333333333,15,25
1416,625,225,0,34,25,16,25,81,0,9,-16,9,0,-25,-9,262.298,25,262.298,9,0
1417,100,250,250,35,35,-15,-15,625,625,50,15,0,625,15,0,897.6326666666666,10,272.63266666666664,25,25
1418,121,275,275,36,36,-14,-14,625,625,50,14,0,625,14,0,927.6066666666667,11,302.6066666666667,25,25
1419,576,240,0,34,24,14,24,100,0,10,-14,10,0,-24,-10,258.0846666666667,24,258.0846666666667,10,0
1420,625,0,0,25,25,25,25,0,0,0,-25,0,0,-25,0,149.92933333333335,25,149.92933333333335,0,0
1421,1,0,25,1,26,1,-24,0,0,25,-1,-25,625,24,25,12.783333333333333,1,12.783333333333333,0,25
1422,4,0,50,2,27,2,-23,0,0,25,-2,-25,625,23,25,25.305333333333333,2,25.305333333333333,0,25
1423,1,0,12,1,13,1,-11,0,0,12,-1,-12,144,11,12,6.296,1,6.296,0,12
1424,49,0,133,7,26,7,-12,0,0,19,-7,-19,361,12,19,78.06933333333333,7,78.06933333333333,0,19
1425,1,25,0,26,1,-24,1,625,0,25,24,25,0,-1,-25,13.066666666666666,1,13.066666666666666,25,0
1426,625,625,0,50,25,0,25,625,0,25,0,25,0,-25,-25,459.58933333333334,25,459.58933333333334,25,0
1427,625,0,0,25,25,25,25,0,0,0,-25,0,0,-25,0,149.84533333333334,25,149.84533333333334,0,0
1428,256,240,0,31,16,1,16,225,0,15,-1,15,0,-16,-15,181.34533333333334,16,181.34533333333334,15,0
1429,256,256,0,32,16,0,16,256,0,16,0,16,0,-16,-16,188.338,16,188.338,16,0
1430,121,275,154,36,25,-14,-3,625,350,39,14,11,196,3,-11,592.2893333333334,11,242.2893333333334,25,14
1431,121,275,143,36,24,-14,-2,625,325,38,14,12,169,2,-12,560.852,11,235.85199999999998,25,13
1432,1,0,25,1,26,1,-24,0,0,25,-1,-25,625,24,25,12.416666666666666,1,12.416666666666666,0,25
1433,4,0,50,2,27,2,-23,0,0,25,-2,-25,625,23,25,26.277333333333335,2,26.277333333333335,0,25
1434,256,240,0,31,16,1,16,225,0,15,-1,15,0,-16,-15,182.11466666666666,16,182.11466666666666,15,0
1435,100,250,0,35,10,-15,10,625,0,25,15,25,0,-10,-25,147.51066666666668,10,147.51066666666668,25,0
1436,121,275,0,36,11,-14,11,625,0,25,14,25,0,-11,-25,163.8,11,163.8,25,0
1437,121,275,275,36,36,-14,-14,625,625,50,14,0,625,14,0,927.464,11,302.46400000000006,25,25
1438,1,0,12,1,13,1,-11,0,0,12,-1,-12,144,11,12,6.04,1,6.04,0,12
1439,625,0,625,25,50,25,0,0,0,25,-25,-25,625,0,25,464.1193333333333,25,464.1193333333333,0,25
1440,100,250,140,35,24,-15,-4,625,350,39,15,11,196,4,-11,567.3706666666667,10,217.3706666666667,25,14
1441,289,272,425,33,42,1,-8,256,400,41,-1,-9,625,8,9,817.508,17,417.50800000000004,16,25
1442,1,25,0,26,1,-24,1,625,0,25,24,25,0,-1,-25,12.45,1,12.45,25,0
1443,256,240,0,31,16,1,16,225,0,15,-1,15,0,-16,-15,179.67466666666667,16,179.67466666666667,15,0
1444,625,625,0,50,25,0,25,625,0,25,0,25,0,-25,-25,458.9293333333333,25,458.9293333333333,25,0
1445,100,250,250,35,35,-15,-15,625,625,50,15,0,625,15,0,897.5206666666667,10,272.52066666666667,25,25
1446,121,275,0,36,11,-14,11,625,0,25,14,25,0,-11,-25,162.49266666666668,11,162.49266666666668,25,0
1447,576,240,0,34,24,14,24,100,0,10,-14,10,0,-24,-10,259.20666666666665,24,259.20666666666665,10,0
1448,625,0,0,25,25,25,25,0,0,0,-25,0,0,-25,0,150.392,25,150.392,0,0
1449,625,0,0,25,25,25,25,0,0,0,-25,0,0,-25,0,149.976,25,149.976,0,0
1450,169,0,0,13,13,13,13,0,0,0,-13,0,0,-13,0,38.73866666666667,13,38.73866666666667,0,0
1451,1,25,25,26,26,-24,-24,625,625,50,24,0,625,24,0,650.0,1,25.0,25,25
1452,4,0,0,2,2,2,2,0,0,0,-2,0,0,-2,0,0.5006666666666667,2,0.5006666666666667,0,0
1453,169,0,0,13,13,13,13,0,0,0,-13,0,0,-13,0,39.092,13,39.092,0,0
1454,256,240,0,31,16,1,16,225,0,15,-1,15,0,-16,-15,180.364,16,180.364,15,0
1455,256,256,400,32,41,0,-9,256,400,41,0,-9,625,9,9,787.672,16,387.672,16,25
1456,121,275,143,36,24,-14,-2,625,325,38,14,12,169,2,-12,560.8293333333334,11,235.82933333333335,25,13
1457,121,275,132,36,23,-14,-1,625,300,37,14,13,144,1,-13,530.7853333333334,11,230.78533333333337,25,12
1458,256,240,0,31,16,1,16,225,0,15,-1,15,0,-16,-15,179.34133333333332,16,179.34133333333332,15,0
1459,100,250,0,35,10,-15,10,625,0,25,15,25,0,-10,-25,146.68533333333335,10,146.68533333333335,25,0
1460,121,275,0,36,11,-14,11,625,0,25,14,25,0,-11,-25,165.24933333333334,11,165.24933333333334,25,0
1461,121,275,0,36,11,-14,11,625,0,25,14,25,0,-11,-25,166.20066666666668,11,166.20066666666668,25,0
1462,100,250,130,35,23,-15,-3,625,325,38,15,12,169,3,-12,537.4973333333334,10,212.49733333333336,25,13
1463,289,272,425,33,42,1,-8,256,400,41,-1,-9,625,8,9,816.184,17,416.18399999999997,16,25
1464,289,255,425,32,42,2,-8,225,375,40,-2,-10,625,8,10,783.1773333333333,17,408.1773333333333,15,25
1465,625,225,0,34,25,16,25,81,0,9,-16,9,0,-25,-9,262.298,25,262.298,9,0
1466,100,250,250,35,35,-15,-15,625,625,50,15,0,625,15,0,897.6326666666666,10,272.63266666666664,25,25
1467,121,275,275,36,36,-14,-14,625,625,50,14,0,625,14,0,927.6066666666667,11,302.6066666666667,25,25
1468,576,240,0,34,24,14,24,100,0,10,-14,10,0,-24,-10,258.0846666666667,24,258.0846666666667,10,0
1469,625,0,0,25,25,25,25,0,0,0,-25,0,0,-25,0,149.92933333333335,25,149.92933333333335,0,0
0,169,0,247,13,32,13,-6,0,0,19,-13,-19,361,6,19,161.024,13,161.024,0,19
1,49,63,91,16,20,-2,-6,81,117,22,2,-4,169,6,4,203.92,7,86.91999999999999,9,13
2,225,45,165,18,26,12,4,9,33,14,-12,-8,121,-4,8,189.968,15,156.968,3,11
3,169,208,182,29,27,-3,-1,256,224,30,3,2,196,1,-2,457.988,13,233.988,16,14
4,144,216,84,30,19,-6,5,324,126,25,6,11,49,-5,-11,309.732,12,183.73200000000003,18,7
5,256,64,208,20,29,12,3,16,52,17,-12,-9,169,-3,9,247.192,16,195.192,4,13
6,256,48,160,19,26,13,6,9,30,13,-13,-7,100,-6,7,194.14,16,164.14,3,10
7,361,57,76,22,23,16,15,9,12,7,-16,-1,16,-15,1,163.87,19,151.87,3,4
8,16,80,4,24,5,-16,3,400,20,21,16,19,1,-3,-19,66.132,4,46.132000000000005,20,1
9,9,45,48,18,19,-12,-13,225,240,31,12,-1,256,13,1,288.006,3,48.00599999999997,15,16
10,36,66,84,17,20,-5,-8,121,154,25,5,-3,196,8,3,236.436,6,82.436,11,14
11,361,228,247,31,32,7,6,144,156,25,-7,-1,169,-6,1,478.848,19,322.848,12,13
12,1,9,4,10,5,-8,-3,81,36,13,8,5,16,3,-5,42.48,1,6.479999999999997,9,4
13,196,280,252,34,32,-6,-4,400,360,38,6,2,324,4,-2,671.674,14,311.674,20,18
14,1,8,15,9,16,-7,-14,64,120,23,7,-7,225,14,7,131.318,1,11.318000000000012,8,15
15,169,221,91,30,20,-4,6,289,119,24,4,10,49,-6,-10,314.172,13,195.17200000000003,17,7
16,196,28,154,16,25,12,3,4,22,13,-12,-9,121,-3,9,157.488,14,135.488,2,11
17,81,108,108,21,21,-3,-3,144,144,24,3,0,144,3,0,269.86,9,125.86000000000001,12,12
18,49,84,112,19,23,-5,-9,144,192,28,5,-4,256,9,4,300.78,7,108.77999999999997,12,16
19,81,72,72,17,17,1,1,64,64,16,-1,0,64,-1,0,153.868,9,89.868,8,8
20,49,49,28,14,11,0,3,49,28,11,0,3,16,-3,-3,77.122,7,49.122,7,4
21,289,323,340,36,37,-2,-3,361,380,39,2,-1,400,3,1,779.124,17,399.124,19,20
22,36,108,90,24,21,-12,-9,324,270,33,12,3,225,9,-3,376.376,6,106.37599999999998,18,15
23,225,285,120,34,23,-4,7,361,152,27,4,11,64,-7,-11,405.91,15,253.91000000000003,19,8
24,9,15,6,8,5,-2,1,25,10,7,2,3,4,-1,-3,21.954,3,11.954,5,2
25,49,56,63,15,16,-1,-2,64,72,17,1,-1,81,2,1,141.956,7,69.95599999999999,8,9
26,49,84,35,19,12,-5,2,144,60,17,5,7,25,-2,-7,130.396,7,70.39599999999999,12,5
27,100,160,170,26,27,-6,-7,256,272,33,6,-1,289,7,1,459.676,10,187.676,16,17
28,4,12,24,8,14,-4,-10,36,72,18,4,-6,144,10,6,90.546,2,18.546000000000006,6,12
29,196,42,224,17,30,11,-2,9,48,19,-11,-13,256,2,13,224.716,14,176.716,3,16
30,196,84,252,20,32,8,-4,36,108,24,-8,-12,324,4,12,321.738,14,213.738,6,18
31,196,266,14,33,15,-5,13,361,19,20,5,18,1,-13,-18,204.85,14,185.85,19,1
32,25,95,0,24,5,-14,5,361,0,19,14,19,0,-5,-19,51.672,5,51.672,19,0
33,81,54,117,15,22,3,-4,36,78,19,-3,-7,169,4,7,181.484,9,103.48400000000001,6,13
34,169,52,195,17,28,9,-2,16,60,19,-9,-11,225,2,11,221.514,13,161.514,4,15
35,121,132,44,23,15,-1,7,144,48,16,1,8,16,-7,-8,163.192,11,115.19200000000001,12,4
36,36,42,66,13,17,-1,-5,49,77,18,1,-4,121,5,4,138.102,6,61.102000000000004,7,11
37,64,128,160,24,28,-8,-12,256,320,36,8,-4,400,12,4,478.42,8,158.42000000000002,16,20
38,16,60,36,19,13,-11,-5,225,135,24,11,6,81,5,-6,186.19,4,51.19,15,9
39,4,8,36,6,20,-2,-16,16,72,22,2,-14,324,16,14,95.022,2,23.022000000000006,4,18
40,256,128,16,24,17,8,15,64,8,9,-8,7,1,-15,-7,141.148,16,133.148,8,1
41,324,270,306,33,35,3,1,225,255,32,-3,-2,289,-1,2,619.252,18,364.25199999999995,15,17
42,324,342,252,37,32,-1,4,361,266,33,1,5,196,-4,-5,639.276,18,373.27599999999995,19,14
43,16,60,4,19,5,-11,3,225,15,16,11,14,1,-3,-14,49.084,4,34.084,15,1
44,36,54,114,15,25,-3,-13,81,171,28,3,-10,361,13,10,262.358,6,91.358,9,19
45,121,88,55,19,16,3,6,64,40,13,-3,3,25,-6,-3,139.064,11,99.064,8,5
46,49,84,91,19,20,-5,-6,144,156,25,5,-1,169,6,1,254.06,7,98.06,12,13
47,16,64,68,20,21,-12,-13,256,272,33,12,-1,289,13,1,340.996,4,68.99599999999998,16,17
48,144,216,156,30,25,-6,-1,324,234,31,6,5,169,1,-5,452.416,12,218.416,18,13
0,1,0,25,1,26,1,-24,0,0,25,-1,-25,625,24,25,12.316666666666666,1,12.316666666666666,0,25
1,4,0,50,2,27,2,-23,0,0,25,-2,-25,625,23,25,26.097333333333335,2,26.097333333333335,0,25
2,1,0,12,1,13,1,-11,0,0,12,-1,-12,144,11,12,6.112,1,6.112,0,12
3,49,0,133,7,26,7,-12,0,0,19,-7,-19,361,12,19,77.68333333333334,7,77.68333333333334,0,19
4,1,25,0,26,1,-24,1,625,0,25,24,25,0,-1,-25,12.35,1,12.35,25,0
5,625,625,0,50,25,0,25,625,0,25,0,25,0,-25,-25,461.746,25,461.746,25,0
6,625,0,0,25,25,25,25,0,0,0,-25,0,0,-25,0,150.336,25,150.336,0,0
7,289,255,425,32,42,2,-8,225,375,40,-2,-10,625,8,10,782.6933333333334,17,407.6933333333334,15,25
8,1,25,25,26,26,-24,-24,625,625,50,24,0,625,24,0,650.0,1,25.0,25,25
9,4,50,50,27,27,-23,-23,625,625,50,23,0,625,23,0,675.4693333333333,2,50.46933333333334,25,25
10,625,250,0,35,25,15,25,100,0,10,-15,10,0,-25,-10,273.6186666666667,25,273.6186666666667,10,0
11,1,0,12,1,13,1,-11,0,0,12,-1,-12,144,11,12,6.088,1,6.088,0,12
12,49,0,175,7,32,7,-18,0,0,25,-7,-25,625,18,25,98.19333333333333,7,98.19333333333333,0,25
13,625,625,0,50,25,0,25,625,0,25,0,25,0,-25,-25,461.80133333333333,25,461.80133333333333,25,0
14,121,275,0,36,11,-14,11,625,0,25,14,25,0,-11,-25,162.594,11,162.594,25,0
15,121,275,0,36,11,-14,11,625,0,25,14,25,0,-11,-25,164.06666666666666,11,164.06666666666666,25,0
16,625,0,0,25,25,25,25,0,0,0,-25,0,0,-25,0,149.85866666666666,25,149.85866666666666,0,0
17,625,625,0,50,25,0,25,625,0,25,0,25,0,-25,-25,462.2966666666667,25,462.2966666666667,25,0
18,121,275,0,36,11,-14,11,625,0,25,14,25,0,-11,-25,164.80133333333333,11,164.80133333333333,25,0
19,100,250,0,35,10,-15,10,625,0,25,15,25,0,-10,-25,146.90266666666668,10,146.90266666666668,25,0
20,625,0,0,25,25,25,25,0,0,0,-25,0,0,-25,0,150.1,25,150.1,0,0
21,625,0,0,25,25,25,25,0,0,0,-25,0,0,-25,0,150.00666666666666,25,150.00666666666666,0,0
22,169,0,0,13,13,13,13,0,0,0,-13,0,0,-13,0,39.04266666666667,13,39.04266666666667,0,0
23,1,25,0,26,1,-24,1,625,0,25,24,25,0,-1,-25,12.416666666666666,1,12.416666666666666,25,0
24,1,25,0,26,1,-24,1,625,0,25,24,25,0,-1,-25,12.05,1,12.05,25,0
25,1,0,0,1,1,1,1,0,0,0,-1,0,0,-1,0,0.0,1,0.0,0,0
26,4,0,0,2,2,2,2,0,0,0,-2,0,0,-2,0,0.504,2,0.504,0,0
27,1,0,0,1,1,1,1,0,0,0,-1,0,0,-1,0,0.0,1,0.0,0,0
28,169,0,0,13,13,13,13,0,0,0,-13,0,0,-13,0,38.977333333333334,13,38.977333333333334,0,0
29,625,250,0,35,25,15,25,100,0,10,-15,10,0,-25,-10,274.1426666666667,25,274.1426666666667,10,0
30,256,256,0,32,16,0,16,256,0,16,0,16,0,-16,-16,188.178,16,188.178,16,0
31,121,275,0,36,11,-14,11,625,0,25,14,25,0,-11,-25,163.76333333333332,11,163.76333333333332,25,0
32,100,250,0,35,10,-15,10,625,0,25,15,25,0,-10,-25,146.58266666666665,10,146.58266666666665,25,0
33,625,250,0,35,25,15,25,100,0,10,-15,10,0,-25,-10,274.2866666666667,25,274.2866666666667,10,0
34,625,250,0,35,25,15,25,100,0,10,-15,10,0,-25,-10,274.63866666666667,25,274.63866666666667,10,0
35,625,225,0,34,25,16,25,81,0,9,-16,9,0,-25,-9,262.4986666666667,25,262.4986666666667,9,0
36,625,625,0,50,25,0,25,625,0,25,0,25,0,-25,-25,461.0013333333333,25,461.0013333333333,25,0
37,625,250,0,35,25,15,25,100,0,10,-15,10,0,-25,-10,274.5613333333333,25,274.5613333333333,10,0
38,625,0,0,25,25,25,25,0,0,0,-25,0,0,-25,0,149.91733333333335,25,149.91733333333335,0,0
39,1,0,25,1,26,1,-24,0,0,25,-1,-25,625,24,25,12.316666666666666,1,12.316666666666666,0,25
40,4,0,50,2,27,2,-23,0,0,25,-2,-25,625,23,25,26.097333333333335,2,26.097333333333335,0,25
41,1,0,12,1,13,1,-11,0,0,12,-1,-12,144,11,12,6.112,1,6.112,0,12
42,49,0,133,7,26,7,-12,0,0,19,-7,-19,361,12,19,77.68333333333334,7,77.68333333333334,0,19
43,1,25,0,26,1,-24,1,625,0,25,24,25,0,-1,-25,12.35,1,12.35,25,0
44,625,625,0,50,25,0,25,625,0,25,0,25,0,-25,-25,461.746,25,461.746,25,0
45,625,0,0,25,25,25,25,0,0,0,-25,0,0,-25,0,150.336,25,150.336,0,0
46,289,255,425,32,42,2,-8,225,375,40,-2,-10,625,8,10,782.6933333333334,17,407.6933333333334,15,25
47,1,25,25,26,26,-24,-24,625,625,50,24,0,625,24,0,650.0,1,25.0,25,25
48,4,50,50,27,27,-23,-23,625,625,50,23,0,625,23,0,675.4693333333333,2,50.46933333333334,25,25
49,625,250,0,35,25,15,25,100,0,10,-15,10,0,-25,-10,273.6186666666667,25,273.6186666666667,10,0
50,1,0,12,1,13,1,-11,0,0,12,-1,-12,144,11,12,6.088,1,6.088,0,12
51,49,0,175,7,32,7,-18,0,0,25,-7,-25,625,18,25,98.19333333333333,7,98.19333333333333,0,25
52,625,625,0,50,25,0,25,625,0,25,0,25,0,-25,-25,461.80133333333333,25,461.80133333333333,25,0
53,121,275,0,36,11,-14,11,625,0,25,14,25,0,-11,-25,162.594,11,162.594,25,0
54,121,275,0,36,11,-14,11,625,0,25,14,25,0,-11,-25,164.06666666666666,11,164.06666666666666,25,0
55,625,0,0,25,25,25,25,0,0,0,-25,0,0,-25,0,149.85866666666666,25,149.85866666666666,0,0
56,625,625,0,50,25,0,25,625,0,25,0,25,0,-25,-25,462.2966666666667,25,462.2966666666667,25,0
57,121,275,0,36,11,-14,11,625,0,25,14,25,0,-11,-25,164.80133333333333,11,164.80133333333333,25,0
58,100,250,0,35,10,-15,10,625,0,25,15,25,0,-10,-25,146.90266666666668,10,146.90266666666668,25,0
59,625,0,0,25,25,25,25,0,0,0,-25,0,0,-25,0,150.1,25,150.1,0,0
60,625,0,0,25,25,25,25,0,0,0,-25,0,0,-25,0,150.00666666666666,25,150.00666666666666,0,0
61,169,0,0,13,13,13,13,0,0,0,-13,0,0,-13,0,39.04266666666667,13,39.04266666666667,0,0
62,1,25,0,26,1,-24,1,625,0,25,24,25,0,-1,-25,12.416666666666666,1,12.416666666666666,25,0
63,1,25,0,26,1,-24,1,625,0,25,24,25,0,-1,-25,12.05,1,12.05,25,0
64,1,0,0,1,1,1,1,0,0,0,-1,0,0,-1,0,0.0,1,0.0,0,0
65,4,0,0,2,2,2,2,0,0,0,-2,0,0,-2,0,0.504,2,0.504,0,0
66,1,0,0,1,1,1,1,0,0,0,-1,0,0,-1,0,0.0,1,0.0,0,0
67,169,0,0,13,13,13,13,0,0,0,-13,0,0,-13,0,38.977333333333334,13,38.977333333333334,0,0
68,625,250,0,35,25,15,25,100,0,10,-15,10,0,-25,-10,274.1426666666667,25,274.1426666666667,10,0
69,256,256,0,32,16,0,16,256,0,16,0,16,0,-16,-16,188.178,16,188.178,16,0
70,121,275,0,36,11,-14,11,625,0,25,14,25,0,-11,-25,163.76333333333332,11,163.76333333333332,25,0
71,100,250,0,35,10,-15,10,625,0,25,15,25,0,-10,-25,146.58266666666665,10,146.58266666666665,25,0
72,625,250,0,35,25,15,25,100,0,10,-15,10,0,-25,-10,274.2866666666667,25,274.2866666666667,10,0
73,625,250,0,35,25,15,25,100,0,10,-15,10,0,-25,-10,274.63866666666667,25,274.63866666666667,10,0
74,625,225,0,34,25,16,25,81,0,9,-16,9,0,-25,-9,262.4986666666667,25,262.4986666666667,9,0
75,625,625,0,50,25,0,25,625,0,25,0,25,0,-25,-25,461.0013333333333,25,461.0013333333333,25,0
76,625,250,0,35,25,15,25,100,0,10,-15,10,0,-25,-10,274.5613333333333,25,274.5613333333333,10,0
77,625,0,0,25,25,25,25,0,0,0,-25,0,0,-25,0,149.91733333333335,25,149.91733333333335,0,0
78,1,0,25,1,26,1,-24,0,0,25,-1,-25,625,24,25,12.316666666666666,1,12.316666666666666,0,25
79,4,0,50,2,27,2,-23,0,0,25,-2,-25,625,23,25,26.097333333333335,2,26.097333333333335,0,25
80,1,0,12,1,13,1,-11,0,0,12,-1,-12,144,11,12,6.112,1,6.112,0,12
81,49,0,133,7,26,7,-12,0,0,19,-7,-19,361,12,19,77.68333333333334,7,77.68333333333334,0,19
82,1,25,0,26,1,-24,1,625,0,25,24,25,0,-1,-25,12.35,1,12.35,25,0
83,625,625,0,50,25,0,25,625,0,25,0,25,0,-25,-25,461.746,25,461.746,25,0
84,625,0,0,25,25,25,25,0,0,0,-25,0,0,-25,0,150.336,25,150.336,0,0
85,289,255,425,32,42,2,-8,225,375,40,-2,-10,625,8,10,782.6933333333334,17,407.6933333333334,15,25
86,1,25,25,26,26,-24,-24,625,625,50,24,0,625,24,0,650.0,1,25.0,25,25
87,4,50,50,27,27,-23,-23,625,625,50,23,0,625,23,0,675.4693333333333,2,50.46933333333334,25,25
88,625,250,0,35,25,15,25,100,0,10,-15,10,0,-25,-10,273.6186666666667,25,273.6186666666667,10,0
89,1,0,12,1,13,1,-11,0,0,12,-1,-12,144,11,12,6.088,1,6.088,0,12
90,49,0,175,7,32,7,-18,0,0,25,-7,-25,625,18,25,98.19333333333333,7,98.19333333333333,0,25
91,625,625,0,50,25,0,25,625,0,25,0,25,0,-25,-25,461.80133333333333,25,461.80133333333333,25,0
92,121,275,0,36,11,-14,11,625,0,25,14,25,0,-11,-25,162.594,11,162.594,25,0
93,121,275,0,36,11,-14,11,625,0,25,14,25,0,-11,-25,164.06666666666666,11,164.06666666666666,25,0
94,625,0,0,25,25,25,25,0,0,0,-25,0,0,-25,0,149.85866666666666,25,149.85866666666666,0,0
95,625,625,0,50,25,0,25,625,0,25,0,25,0,-25,-25,462.2966666666667,25,462.2966666666667,25,0
96,121,275,0,36,11,-14,11,625,0,25,14,25,0,-11,-25,164.80133333333333,11,164.80133333333333,25,0
97,100,250,0,35,10,-15,10,625,0,25,15,25,0,-10,-25,146.90266666666668,10,146.90266666666668,25,0
98,625,0,0,25,25,25,25,0,0,0,-25,0,0,-25,0,150.1,25,150.1,0,0
99,625,0,0,25,25,25,25,0,0,0,-25,0,0,-25,0,150.00666666666666,25,150.00666666666666,0,0
100,169,0,0,13,13,13,13,0,0,0,-13,0,0,-13,0,39.04266666666667,13,39.04266666666667,0,0
101,1,25,0,26,1,-24,1,625,0,25,24,25,0,-1,-25,12.416666666666666,1,12.416666666666666,25,0
102,1,25,0,26,1,-24,1,625,0,25,24,25,0,-1,-25,12.05,1,12.05,25,0
103,1,0,0,1,1,1,1,0,0,0,-1,0,0,-1,0,0.0,1,0.0,0,0
104,4,0,0,2,2,2,2,0,0,0,-2,0,0,-2,0,0.504,2,0.504,0,0
105,1,0,0,1,1,1,1,0,0,0,-1,0,0,-1,0,0.0,1,0.0,0,0
106,169,0,0,13,13,13,13,0,0,0,-13,0,0,-13,0,38.977333333333334,13,38.977333333333334,0,0
107,625,250,0,35,25,15,25,100,0,10,-15,10,0,-25,-10,274.1426666666667,25,274.1426666666667,10,0
108,256,256,0,32,16,0,16,256,0,16,0,16,0,-16,-16,188.178,16,188.178,16,0
109,121,275,0,36,11,-14,11,625,0,25,14,25,0,-11,-25,163.76333333333332,11,163.76333333333332,25,0
110,100,250,0,35,10,-15,10,625,0,25,15,25,0,-10,-25,146.58266666666665,10,146.58266666666665,25,0
111,625,250,0,35,25,15,25,100,0,10,-15,10,0,-25,-10,274.2866666666667,25,274.2866666666667,10,0
112,625,250,0,35,25,15,25,100,0,10,-15,10,0,-25,-10,274.63866666666667,25,274.63866666666667,10,0
113,625,225,0,34,25,16,25,81,0,9,-16,9,0,-25,-9,262.4986666666667,25,262.4986666666667,9,0
114,625,625,0,50,25,0,25,625,0,25,0,25,0,-25,-25,461.0013333333333,25,461.0013333333333,25,0
115,625,250,0,35,25,15,25,100,0,10,-15,10,0,-25,-10,274.5613333333333,25,274.5613333333333,10,0
116,625,0,0,25,25,25,25,0,0,0,-25,0,0,-25,0,149.91733333333335,25,149.91733333333335,0,0
117,1,0,25,1,26,1,-24,0,0,25,-1,-25,625,24,25,12.316666666666666,1,12.316666666666666,0,25
118,4,0,50,2,27,2,-23,0,0,25,-2,-25,625,23,25,26.097333333333335,2,26.097333333333335,0,25
119,1,0,12,1,13,1,-11,0,0,12,-1,-12,144,11,12,6.112,1,6.112,0,12
120,49,0,133,7,26,7,-12,0,0,19,-7,-19,361,12,19,77.68333333333334,7,77.68333333333334,0,19
121,1,25,0,26,1,-24,1,625,0,25,24,25,0,-1,-25,12.35,1,12.35,25,0
122,625,625,0,50,25,0,25,625,0,25,0,25,0,-25,-25,461.746,25,461.746,25,0
123,625,0,0,25,25,25,25,0,0,0,-25,0,0,-25,0,150.336,25,150.336,0,0
124,289,255,425,32,42,2,-8,225,375,40,-2,-10,625,8,10,782.6933333333334,17,407.6933333333334,15,25
125,1,25,25,26,26,-24,-24,625,625,50,24,0,625,24,0,650.0,1,25.0,25,25
126,4,50,50,27,27,-23,-23,625,625,50,23,0,625,23,0,675.4693333333333,2,50.46933333333334,25,25
127,625,250,0,35,25,15,25,100,0,10,-15,10,0,-25,-10,273.6186666666667,25,273.6186666666667,10,0
128,1,0,12,1,13,1,-11,0,0,12,-1,-12,144,11,12,6.088,1,6.088,0,12
129,49,0,175,7,32,7,-18,0,0,25,-7,-25,625,18,25,98.19333333333333,7,98.19333333333333,0,25
130,625,625,0,50,25,0,25,625,0,25,0,25,0,-25,-25,461.80133333333333,25,461.80133333333333,25,0
131,121,275,0,36,11,-14,11,625,0,25,14,25,0,-11,-25,162.594,11,162.594,25,0
132,121,275,0,36,11,-14,11,625,0,25,14,25,0,-11,-25,164.06666666666666,11,164.06666666666666,25,0
133,625,0,0,25,25,25,25,0,0,0,-25,0,0,-25,0,149.85866666666666,25,149.85866666666666,0,0
134,625,625,0,50,25,0,25,625,0,25,0,25,0,-25,-25,462.2966666666667,25,462.2966666666667,25,0
135,121,275,0,36,11,-14,11,625,0,25,14,25,0,-11,-25,164.80133333333333,11,164.80133333333333,25,0
136,100,250,0,35,10,-15,10,625,0,25,15,25,0,-10,-25,146.90266666666668,10,146.90266666666668,25,0
137,625,0,0,25,25,25,25,0,0,0,-25,0,0,-25,0,150.1,25,150.1,0,0
138,625,0,0,25,25,25,25,0,0,0,-25,0,0,-25,0,150.00666666666666,25,150.00666666666666,0,0
139,169,0,0,13,13,13,13,0,0,0,-13,0,0,-13,0,39.04266666666667,13,39.04266666666667,0,0
140,1,25,0,26,1,-24,1,625,0,25,24,25,0,-1,-25,12.416666666666666,1,12.416666666666666,25,0
141,1,25,0,26,1,-24,1,625,0,25,24,25,0,-1,-25,12.05,1,12.05,25,0
142,1,0,0,1,1,1,1,0,0,0,-1,0,0,-1,0,0.0,1,0.0,0,0
143,4,0,0,2,2,2,2,0,0,0,-2,0,0,-2,0,0.504,2,0.504,0,0
144,1,0,0,1,1,1,1,0,0,0,-1,0,0,-1,0,0.0,1,0.0,0,0
145,169,0,0,13,13,13,13,0,0,0,-13,0,0,-13,0,38.977333333333334,13,38.977333333333334,0,0
146,625,250,0,35,25,15,25,100,0,10,-15,10,0,-25,-10,274.1426666666667,25,274.1426666666667,10,0
147,256,256,0,32,16,0,16,256,0,16,0,16,0,-16,-16,188.178,16,188.178,16,0
148,121,275,0,36,11,-14,11,625,0,25,14,25,0,-11,-25,163.76333333333332,11,163.76333333333332,25,0
149,100,250,0,35,10,-15,10,625,0,25,15,25,0,-10,-25,146.58266666666665,10,146.58266666666665,25,0
150,625,250,0,35,25,15,25,100,0,10,-15,10,0,-25,-10,274.2866666666667,25,274.2866666666667,10,0
151,625,250,0,35,25,15,25,100,0,10,-15,10,0,-25,-10,274.63866666666667,25,274.63866666666667,10,0
152,625,225,0,34,25,16,25,81,0,9,-16,9,0,-25,-9,262.4986666666667,25,262.4986666666667,9,0
153,625,625,0,50,25,0,25,625,0,25,0,25,0,-25,-25,461.0013333333333,25,461.0013333333333,25,0
154,625,250,0,35,25,15,25,100,0,10,-15,10,0,-25,-10,274.5613333333333,25,274.5613333333333,10,0
155,625,0,0,25,25,25,25,0,0,0,-25,0,0,-25,0,149.91733333333335,25,149.91733333333335,0,0
156,1,0,25,1,26,1,-24,0,0,25,-1,-25,625,24,25,12.316666666666666,1,12.316666666666666,0,25
157,4,0,50,2,27,2,-23,0,0,25,-2,-25,625,23,25,26.097333333333335,2,26.097333333333335,0,25
158,1,0,12,1,13,1,-11,0,0,12,-1,-12,144,11,12,6.112,1,6.112,0,12
159,49,0,133,7,26,7,-12,0,0,19,-7,-19,361,12,19,77.68333333333334,7,77.68333333333334,0,19
160,1,25,0,26,1,-24,1,625,0,25,24,25,0,-1,-25,12.35,1,12.35,25,0
161,625,625,0,50,25,0,25,625,0,25,0,25,0,-25,-25,461.746,25,461.746,25,0
162,625,0,0,25,25,25,25,0,0,0,-25,0,0,-25,0,150.336,25,150.336,0,0
163,289,255,425,32,42,2,-8,225,375,40,-2,-10,625,8,10,782.6933333333334,17,407.6933333333334,15,25
164,1,25,25,26,26,-24,-24,625,625,50,24,0,625,24,0,650.0,1,25.0,25,25
165,4,50,50,27,27,-23,-23,625,625,50,23,0,625,23,0,675.4693333333333,2,50.46933333333334,25,25
166,625,250,0,35,25,15,25,100,0,10,-15,10,0,-25,-10,273.6186666666667,25,273.6186666666667,10,0
167,1,0,12,1,13,1,-11,0,0,12,-1,-12,144,11,12,6.088,1,6.088,0,12
168,49,0,175,7,32,7,-18,0,0,25,-7,-25,625,18,25,98.19333333333333,7,98.19333333333333,0,25
169,625,625,0,50,25,0,25,625,0,25,0,25,0,-25,-25,461.80133333333333,25,461.80133333333333,25,0
170,121,275,0,36,11,-14,11,625,0,25,14,25,0,-11,-25,162.594,11,162.594,25,0
171,121,275,0,36,11,-14,11,625,0,25,14,25,0,-11,-25,164.06666666666666,11,164.06666666666666,25,0
172,625,0,0,25,25,25,25,0,0,0,-25,0,0,-25,0,149.85866666666666,25,149.85866666666666,0,0
173,625,625,0,50,25,0,25,625,0,25,0,25,0,-25,-25,462.2966666666667,25,462.2966666666667,25,0
174,121,275,0,36,11,-14,11,625,0,25,14,25,0,-11,-25,164.80133333333333,11,164.80133333333333,25,0
175,100,250,0,35,10,-15,10,625,0,25,15,25,0,-10,-25,146.90266666666668,10,146.90266666666668,25,0
176,625,0,0,25,25,25,25,0,0,0,-25,0,0,-25,0,150.1,25,150.1,0,0
177,625,0,0,25,25,25,25,0,0,0,-25,0,0,-25,0,150.00666666666666,25,150.00666666666666,0,0
178,169,0,0,13,13,13,13,0,0,0,-13,0,0,-13,0,39.04266666666667,13,39.04266666666667,0,0
179,1,25,0,26,1,-24,1,625,0,25,24,25,0,-1,-25,12.416666666666666,1,12.416666666666666,25,0
180,1,25,0,26,1,-24,1,625,0,25,24,25,0,-1,-25,12.05,1,12.05,25,0
181,1,0,0,1,1,1,1,0,0,0,-1,0,0,-1,0,0.0,1,0.0,0,0
182,4,0,0,2,2,2,2,0,0,0,-2,0,0,-2,0,0.504,2,0.504,0,0
183,1,0,0,1,1,1,1,0,0,0,-1,0,0,-1,0,0.0,1,0.0,0,0
184,169,0,0,13,13,13,13,0,0,0,-13,0,0,-13,0,38.977333333333334,13,38.977333333333334,0,0
185,625,250,0,35,25,15,25,100,0,10,-15,10,0,-25,-10,274.1426666666667,25,274.1426666666667,10,0
186,256,256,0,32,16,0,16,256,0,16,0,16,0,-16,-16,188.178,16,188.178,16,0
187,121,275,0,36,11,-14,11,625,0,25,14,25,0,-11,-25,163.76333333333332,11,163.76333333333332,25,0
188,100,250,0,35,10,-15,10,625,0,25,15,25,0,-10,-25,146.58266666666665,10,146.58266666666665,25,0
189,625,250,0,35,25,15,25,100,0,10,-15,10,0,-25,-10,274.2866666666667,25,274.2866666666667,10,0
190,625,250,0,35,25,15,25,100,0,10,-15,10,0,-25,-10,274.63866666666667,25,274.63866666666667,10,0
191,625,225,0,34,25,16,25,81,0,9,-16,9,0,-25,-9,262.4986666666667,25,262.4986666666667,9,0
192,625,625,0,50,25,0,25,625,0,25,0,25,0,-25,-25,461.0013333333333,25,461.0013333333333,25,0
193,625,250,0,35,25,15,25,100,0,10,-15,10,0,-25,-10,274.5613333333333,25,274.5613333333333,10,0
194,625,0,0,25,25,25,25,0,0,0,-25,0,0,-25,0,149.91733333333335,25,149.91733333333335,0,0
195,1,0,25,1,26,1,-24,0,0,25,-1,-25,625,24,25,12.316666666666666,1,12.316666666666666,0,25
196,4,0,50,2,27,2,-23,0,0,25,-2,-25,625,23,25,26.097333333333335,2,26.097333333333335,0,25
197,1,0,12,1,13,1,-11,0,0,12,-1,-12,144,11,12,6.112,1,6.112,0,12
198,49,0,133,7,26,7,-12,0,0,19,-7,-19,361,12,19,77.68333333333334,7,77.68333333333334,0,19
199,1,25,0,26,1,-24,1,625,0,25,24,25,0,-1,-25,12.35,1,12.35,25,0
200,625,625,0,50,25,0,25,625,0,25,0,25,0,-25,-25,461.746,25,461.746,25,0
201,625,0,0,25,25,25,25,0,0,0,-25,0,0,-25,0,150.336,25,150.336,0,0
202,289,255,425,32,42,2,-8,225,375,40,-2,-10,625,8,10,782.6933333333334,17,407.6933333333334,15,25
203,1,25,25,26,26,-24,-24,625,625,50,24,0,625,24,0,650.0,1,25.0,25,25
204,4,50,50,27,27,-23,-23,625,625,50,23,0,625,23,0,675.4693333333333,2,50.46933333333334,25,25
205,625,250,0,35,25,15,25,100,0,10,-15,10,0,-25,-10,273.6186666666667,25,273.6186666666667,10,0
206,1,0,12,1,13,1,-11,0,0,12,-1,-12,144,11,12,6.088,1,6.088,0,12
207,49,0,175,7,32,7,-18,0,0,25,-7,-25,625,18,25,98.19333333333333,7,98.19333333333333,0,25
208,625,625,0,50,25,0,25,625,0,25,0,25,0,-25,-25,461.80133333333333,25,461.80133333333333,25,0
209,121,275,0,36,11,-14,11,625,0,25,14,25,0,-11,-25,162.594,11,162.594,25,0
210,121,275,0,36,11,-14,11,625,0,25,14,25,0,-11,-25,164.06666666666666,11,164.06666666666666,25,0
211,625,0,0,25,25,25,25,0,0,0,-25,0,0,-25,0,149.85866666666666,25,149.85866666666666,0,0
212,625,625,0,50,25,0,25,625,0,25,0,25,0,-25,-25,462.2966666666667,25,462.2966666666667,25,0
213,121,275,0,36,11,-14,11,625,0,25,14,25,0,-11,-25,164.80133333333333,11,164.80133333333333,25,0
214,100,250,0,35,10,-15,10,625,0,25,15,25,0,-10,-25,146.90266666666668,10,146.90266666666668,25,0
215,625,0,0,25,25,25,25,0,0,0,-25,0,0,-25,0,150.1,25,150.1,0,0
216,625,0,0,25,25,25,25,0,0,0,-25,0,0,-25,0,150.00666666666666,25,150.00666666666666,0,0
217,169,0,0,13,13,13,13,0,0,0,-13,0,0,-13,0,39.04266666666667,13,39.04266666666667,0,0
218,1,25,0,26,1,-24,1,625,0,25,24,25,0,-1,-25,12.416666666666666,1,12.416666666666666,25,0
219,1,25,0,26,1,-24,1,625,0,25,24,25,0,-1,-25,12.05,1,12.05,25,0
220,1,0,0,1,1,1,1,0,0,0,-1,0,0,-1,0,0.0,1,0.0,0,0
221,4,0,0,2,2,2,2,0,0,0,-2,0,0,-2,0,0.504,2,0.504,0,0
222,1,0,0,1,1,1,1,0,0,0,-1,0,0,-1,0,0.0,1,0.0,0,0
223,169,0,0,13,13,13,13,0,0,0,-13,0,0,-13,0,38.977333333333334,13,38.977333333333334,0,0
224,625,250,0,35,25,15,25,100,0,10,-15,10,0,-25,-10,274.1426666666667,25,274.1426666666667,10,0
225,256,256,0,32,16,0,16,256,0,16,0,16,0,-16,-16,188.178,16,188.178,16,0
226,121,275,0,36,11,-14,11,625,0,25,14,25,0,-11,-25,163.76333333333332,11,163.76333333333332,25,0
227,100,250,0,35,10,-15,10,625,0,25,15,25,0,-10,-25,146.58266666666665,10,146.58266666666665,25,0
228,625,250,0,35,25,15,25,100,0,10,-15,10,0,-25,-10,274.2866666666667,25,274.2866666666667,10,0
229,625,250,0,35,25,15,25,100,0,10,-15,10,0,-25,-10,274.63866666666667,25,274.63866666666667,10,0
230,625,225,0,34,25,16,25,81,0,9,-16,9,0,-25,-9,262.4986666666667,25,262.4986666666667,9,0
231,625,625,0,50,25,0,25,625,0,25,0,25,0,-25,-25,461.0013333333333,25,461.0013333333333,25,0
232,625,250,0,35,25,15,25,100,0,10,-15,10,0,-25,-10,274.5613333333333,25,274.5613333333333,10,0
233,625,0,0,25,25,25,25,0,0,0,-25,0,0,-25,0,149.91733333333335,25,149.91733333333335,0,0
234,1,0,25,1,26,1,-24,0,0,25,-1,-25,625,24,25,12.316666666666666,1,12.316666666666666,0,25
235,4,0,50,2,27,2,-23,0,0,25,-2,-25,625,23,25,26.097333333333335,2,26.097333333333335,0,25
236,1,0,12,1,13,1,-11,0,0,12,-1,-12,144,11,12,6.112,1,6.112,0,12
237,49,0,133,7,26,7,-12,0,0,19,-7,-19,361,12,19,77.68333333333334,7,77.68333333333334,0,19
238,1,25,0,26,1,-24,1,625,0,25,24,25,0,-1,-25,12.35,1,12.35,25,0
239,625,625,0,50,25,0,25,625,0,25,0,25,0,-25,-25,461.746,25,461.746,25,0
240,625,0,0,25,25,25,25,0,0,0,-25,0,0,-25,0,150.336,25,150.336,0,0
241,289,255,425,32,42,2,-8,225,375,40,-2,-10,625,8,10,782.6933333333334,17,407.6933333333334,15,25
242,1,25,25,26,26,-24,-24,625,625,50,24,0,625,24,0,650.0,1,25.0,25,25
243,4,50,50,27,27,-23,-23,625,625,50,23,0,625,23,0,675.4693333333333,2,50.46933333333334,25,25
244,625,250,0,35,25,15,25,100,0,10,-15,10,0,-25,-10,273.6186666666667,25,273.6186666666667,10,0
245,1,0,12,1,13,1,-11,0,0,12,-1,-12,144,11,12,6.088,1,6.088,0,12
246,49,0,175,7,32,7,-18,0,0,25,-7,-25,625,18,25,98.19333333333333,7,98.19333333333333,0,25
247,625,625,0,50,25,0,25,625,0,25,0,25,0,-25,-25,461.80133333333333,25,461.80133333333333,25,0
248,121,275,0,36,11,-14,11,625,0,25,14,25,0,-11,-25,162.594,11,162.594,25,0
249,121,275,0,36,11,-14,11,625,0,25,14,25,0,-11,-25,164.06666666666666,11,164.06666666666666,25,0
250,625,0,0,25,25,25,25,0,0,0,-25,0,0,-25,0,149.85866666666666,25,149.85866666666666,0,0
251,625,625,0,50,25,0,25,625,0,25,0,25,0,-25,-25,462.2966666666667,25,462.2966666666667,25,0
252,121,275,0,36,11,-14,11,625,0,25,14,25,0,-11,-25,164.80133333333333,11,164.80133333333333,25,0
253,100,250,0,35,10,-15,10,625,0,25,15,25,0,-10,-25,146.90266666666668,10,146.90266666666668,25,0
254,625,0,0,25,25,25,25,0,0,0,-25,0,0,-25,0,150.1,25,150.1,0,0
255,625,0,0,25,25,25,25,0,0,0,-25,0,0,-25,0,150.00666666666666,25,150.00666666666666,0,0
256,169,0,0,13,13,13,13,0,0,0,-13,0,0,-13,0,39.04266666666667,13,39.04266666666667,0,0
257,1,25,0,26,1,-24,1,625,0,25,24,25,0,-1,-25,12.416666666666666,1,12.416666666666666,25,0
258,1,25,0,26,1,-24,1,625,0,25,24,25,0,-1,-25,12.05,1,12.05,25,0
259,1,0,0,1,1,1,1,0,0,0,-1,0,0,-1,0,0.0,1,0.0,0,0
260,4,0,0,2,2,2,2,0,0,0,-2,0,0,-2,0,0.504,2,0.504,0,0
261,1,0,0,1,1,1,1,0,0,0,-1,0,0,-1,0,0.0,1,0.0,0,0
262,169,0,0,13,13,13,13,0,0,0,-13,0,0,-13,0,38.977333333333334,13,38.977333333333334,0,0
263,625,250,0,35,25,15,25,100,0,10,-15,10,0,-25,-10,274.1426666666667,25,274.1426666666667,10,0
264,256,256,0,32,16,0,16,256,0,16,0,16,0,-16,-16,188.178,16,188.178,16,0
265,121,275,0,36,11,-14,11,625,0,25,14,25,0,-11,-25,163.76333333333332,11,163.76333333333332,25,0
266,100,250,0,35,10,-15,10,625,0,25,15,25,0,-10,-25,146.58266666666665,10,146.58266666666665,25,0
267,625,250,0,35,25,15,25,100,0,10,-15,10,0,-25,-10,274.2866666666667,25,274.2866666666667,10,0
268,625,250,0,35,25,15,25,100,0,10,-15,10,0,-25,-10,274.63866666666667,25,274.63866666666667,10,0
269,625,225,0,34,25,16,25,81,0,9,-16,9,0,-25,-9,262.4986666666667,25,262.4986666666667,9,0
270,625,625,0,50,25,0,25,625,0,25,0,25,0,-25,-25,461.0013333333333,25,461.0013333333333,25,0
271,625,250,0,35,25,15,25,100,0,10,-15,10,0,-25,-10,274.5613333333333,25,274.5613333333333,10,0
272,625,0,0,25,25,25,25,0,0,0,-25,0,0,-25,0,149.91733333333335,25,149.91733333333335,0,0
273,1,0,25,1,26,1,-24,0,0,25,-1,-25,625,24,25,12.316666666666666,1,12.316666666666666,0,25
274,4,0,50,2,27,2,-23,0,0,25,-2,-25,625,23,25,26.097333333333335,2,26.097333333333335,0,25
275,1,0,12,1,13,1,-11,0,0,12,-1,-12,144,11,12,6.112,1,6.112,0,12
276,49,0,133,7,26,7,-12,0,0,19,-7,-19,361,12,19,77.68333333333334,7,77.68333333333334,0,19
277,1,25,0,26,1,-24,1,625,0,25,24,25,0,-1,-25,12.35,1,12.35,25,0
278,625,625,0,50,25,0,25,625,0,25,0,25,0,-25,-25,461.746,25,461.746,25,0
279,625,0,0,25,25,25,25,0,0,0,-25,0,0,-25,0,150.336,25,150.336,0,0
280,289,255,425,32,42,2,-8,225,375,40,-2,-10,625,8,10,782.6933333333334,17,407.6933333333334,15,25
281,1,25,25,26,26,-24,-24,625,625,50,24,0,625,24,0,650.0,1,25.0,25,25
282,4,50,50,27,27,-23,-23,625,625,50,23,0,625,23,0,675.4693333333333,2,50.46933333333334,25,25
283,625,250,0,35,25,15,25,100,0,10,-15,10,0,-25,-10,273.6186666666667,25,273.6186666666667,10,0
284,1,0,12,1,13,1,-11,0,0,12,-1,-12,144,11,12,6.088,1,6.088,0,12
285,49,0,175,7,32,7,-18,0,0,25,-7,-25,625,18,25,98.19333333333333,7,98.19333333333333,0,25
286,625,625,0,50,25,0,25,625,0,25,0,25,0,-25,-25,461.80133333333333,25,461.80133333333333,25,0
287,121,275,0,36,11,-14,11,625,0,25,14,25,0,-11,-25,162.594,11,162.594,25,0
288,121,275,0,36,11,-14,11,625,0,25,14,25,0,-11,-25,164.06666666666666,11,164.06666666666666,25,0
289,625,0,0,25,25,25,25,0,0,0,-25,0,0,-25,0,149.85866666666666,25,149.85866666666666,0,0
290,625,625,0,50,25,0,25,625,0,25,0,25,0,-25,-25,462.2966666666667,25,462.2966666666667,25,0
291,121,275,0,36,11,-14,11,625,0,25,14,25,0,-11,-25,164.80133333333333,11,164.80133333333333,25,0
292,100,250,0,35,10,-15,10,625,0,25,15,25,0,-10,-25,146.90266666666668,10,146.90266666666668,25,0
293,625,0,0,25,25,25,25,0,0,0,-25,0,0,-25,0,150.1,25,150.1,0,0
294,625,0,0,25,25,25,25,0,0,0,-25,0,0,-25,0,150.00666666666666,25,150.00666666666666,0,0
295,169,0,0,13,13,13,13,0,0,0,-13,0,0,-13,0,39.04266666666667,13,39.04266666666667,0,0
296,1,25,0,26,1,-24,1,625,0,25,24,25,0,-1,-25,12.416666666666666,1,12.416666666666666,25,0
297,1,25,0,26,1,-24,1,625,0,25,24,25,0,-1,-25,12.05,1,12.05,25,0
298,1,0,0,1,1,1,1,0,0,0,-1,0,0,-1,0,0.0,1,0.0,0,0
299,4,0,0,2,2,2,2,0,0,0,-2,0,0,-2,0,0.504,2,0.504,0,0
300,1,0,0,1,1,1,1,0,0,0,-1,0,0,-1,0,0.0,1,0.0,0,0
301,169,0,0,13,13,13,13,0,0,0,-13,0,0,-13,0,38.977333333333334,13,38.977333333333334,0,0
302,625,250,0,35,25,15,25,100,0,10,-15,10,0,-25,-10,274.1426666666667,25,274.1426666666667,10,0
303,256,256,0,32,16,0,16,256,0,16,0,16,0,-16,-16,188.178,16,188.178,16,0
304,121,275,0,36,11,-14,11,625,0,25,14,25,0,-11,-25,163.76333333333332,11,163.76333333333332,25,0
305,100,250,0,35,10,-15,10,625,0,25,15,25,0,-10,-25,146.58266666666665,10,146.58266666666665,25,0
306,625,250,0,35,25,15,25,100,0,10,-15,10,0,-25,-10,274.2866666666667,25,274.2866666666667,10,0
307,625,250,0,35,25,15,25,100,0,10,-15,10,0,-25,-10,274.63866666666667,25,274.63866666666667,10,0
308,625,225,0,34,25,16,25,81,0,9,-16,9,0,-25,-9,262.4986666666667,25,262.4986666666667,9,0
309,625,625,0,50,25,0,25,625,0,25,0,25,0,-25,-25,461.0013333333333,25,461.0013333333333,25,0
310,625,250,0,35,25,15,25,100,0,10,-15,10,0,-25,-10,274.5613333333333,25,274.5613333333333,10,0
311,625,0,0,25,25,25,25,0,0,0,-25,0,0,-25,0,149.91733333333335,25,149.91733333333335,0,0
312,1,0,25,1,26,1,-24,0,0,25,-1,-25,625,24,25,12.316666666666666,1,12.316666666666666,0,25
313,4,0,50,2,27,2,-23,0,0,25,-2,-25,625,23,25,26.097333333333335,2,26.097333333333335,0,25
314,1,0,12,1,13,1,-11,0,0,12,-1,-12,144,11,12,6.112,1,6.112,0,12
315,49,0,133,7,26,7,-12,0,0,19,-7,-19,361,12,19,77.68333333333334,7,77.68333333333334,0,19
316,1,25,0,26,1,-24,1,625,0,25,24,25,0,-1,-25,12.35,1,12.35,25,0
317,625,625,0,50,25,0,25,625,0,25,0,25,0,-25,-25,461.746,25,461.746,25,0
318,625,0,0,25,25,25,25,0,0,0,-25,0,0,-25,0,150.336,25,150.336,0,0
319,289,255,425,32,42,2,-8,225,375,40,-2,-10,625,8,10,782.6933333333334,17,407.6933333333334,15,25
320,1,25,25,26,26,-24,-24,625,625,50,24,0,625,24,0,650.0,1,25.0,25,25
321,4,50,50,27,27,-23,-23,625,625,50,23,0,625,23,0,675.4693333333333,2,50.46933333333334,25,25
322,625,250,0,35,25,15,25,100,0,10,-15,10,0,-25,-10,273.6186666666667,25,273.6186666666667,10,0
323,1,0,12,1,13,1,-11,0,0,12,-1,-12,144,11,12,6.088,1,6.088,0,12
324,49,0,175,7,32,7,-18,0,0,25,-7,-25,625,18,25,98.19333333333333,7,98.19333333333333,0,25
325,625,625,0,50,25,0,25,625,0,25,0,25,0,-25,-25,461.80133333333333,25,461.80133333333333,25,0
326,121,275,0,36,11,-14,11,625,0,25,14,25,0,-11,-25,162.594,11,162.594,25,0
327,121,275,0,36,11,-14,11,625,0,25,14,25,0,-11,-25,164.06666666666666,11,164.06666666666666,25,0
328,625,0,0,25,25,25,25,0,0,0,-25,0,0,-25,0,149.85866666666666,25,149.85866666666666,0,0
329,625,625,0,50,25,0,25,625,0,25,0,25,0,-25,-25,462.2966666666667,25,462.2966666666667,25,0
330,121,275,0,36,11,-14,11,625,0,25,14,25,0,-11,-25,164.80133333333333,11,164.80133333333333,25,0
331,100,250,0,35,10,-15,10,625,0,25,15,25,0,-10,-25,146.90266666666668,10,146.90266666666668,25,0
332,625,0,0,25,25,25,25,0,0,0,-25,0,0,-25,0,150.1,25,150.1,0,0
333,625,0,0,25,25,25,25,0,0,0,-25,0,0,-25,0,150.00666666666666,25,150.00666666666666,0,0
334,169,0,0,13,13,13,13,0,0,0,-13,0,0,-13,0,39.04266666666667,13,39.04266666666667,0,0
335,1,25,0,26,1,-24,1,625,0,25,24,25,0,-1,-25,12.416666666666666,1,12.416666666666666,25,0
336,1,25,0,26,1,-24,1,625,0,25,24,25,0,-1,-25,12.05,1,12.05,25,0
337,1,0,0,1,1,1,1,0,0,0,-1,0,0,-1,0,0.0,1,0.0,0,0
338,4,0,0,2,2,2,2,0,0,0,-2,0,0,-2,0,0.504,2,0.504,0,0
339,1,0,0,1,1,1,1,0,0,0,-1,0,0,-1,0,0.0,1,0.0,0,0
340,169,0,0,13,13,13,13,0,0,0,-13,0,0,-13,0,38.977333333333334,13,38.977333333333334,0,0
341,625,250,0,35,25,15,25,100,0,10,-15,10,0,-25,-10,274.1426666666667,25,274.1426666666667,10,0
342,256,256,0,32,16,0,16,256,0,16,0,16,0,-16,-16,188.178,16,188.178,16,0
343,121,275,0,36,11,-14,11,625,0,25,14,25,0,-11,-25,163.76333333333332,11,163.76333333333332,25,0
344,100,250,0,35,10,-15,10,625,0,25,15,25,0,-10,-25,146.58266666666665,10,146.58266666666665,25,0
345,625,250,0,35,25,15,25,100,0,10,-15,10,0,-25,-10,274.2866666666667,25,274.2866666666667,10,0
346,625,250,0,35,25,15,25,100,0,10,-15,10,0,-25,-10,274.63866666666667,25,274.63866666666667,10,0
347,625,225,0,34,25,16,25,81,0,9,-16,9,0,-25,-9,262.4986666666667,25,262.4986666666667,9,0
348,625,625,0,50,25,0,25,625,0,25,0,25,0,-25,-25,461.0013333333333,25,461.0013333333333,25,0
349,625,250,0,35,25,15,25,100,0,10,-15,10,0,-25,-10,274.5613333333333,25,274.5613333333333,10,0
350,625,0,0,25,25,25,25,0,0,0,-25,0,0,-25,0,149.91733333333335,25,149.91733333333335,0,0
351,1,0,25,1,26,1,-24,0,0,25,-1,-25,625,24,25,12.316666666666666,1,12.316666666666666,0,25
352,4,0,50,2,27,2,-23,0,0,25,-2,-25,625,23,25,26.097333333333335,2,26.097333333333335,0,25
353,1,0,12,1,13,1,-11,0,0,12,-1,-12,144,11,12,6.112,1,6.112,0,12
354,49,0,133,7,26,7,-12,0,0,19,-7,-19,361,12,19,77.68333333333334,7,77.68333333333334,0,19
355,1,25,0,26,1,-24,1,625,0,25,24,25,0,-1,-25,12.35,1,12.35,25,0
356,625,625,0,50,25,0,25,625,0,25,0,25,0,-25,-25,461.746,25,461.746,25,0
357,625,0,0,25,25,25,25,0,0,0,-25,0,0,-25,0,150.336,25,150.336,0,0
358,289,255,425,32,42,2,-8,225,375,40,-2,-10,625,8,10,782.6933333333334,17,407.6933333333334,15,25
359,1,25,25,26,26,-24,-24,625,625,50,24,0,625,24,0,650.0,1,25.0,25,25
360,4,50,50,27,27,-23,-23,625,625,50,23,0,625,23,0,675.4693333333333,2,50.46933333333334,25,25
361,625,250,0,35,25,15,25,100,0,10,-15,10,0,-25,-10,273.6186666666667,25,273.6186666666667,10,0
362,1,0,12,1,13,1,-11,0,0,12,-1,-12,144,11,12,6.088,1,6.088,0,12
363,49,0,175,7,32,7,-18,0,0,25,-7,-25,625,18,25,98.19333333333333,7,98.19333333333333,0,25
364,625,625,0,50,25,0,25,625,0,25,0,25,0,-25,-25,461.80133333333333,25,461.80133333333333,25,0
365,121,275,0,36,11,-14,11,625,0,25,14,25,0,-11,-25,162.594,11,162.594,25,0
366,121,275,0,36,11,-14,11,625,0,25,14,25,0,-11,-25,164.06666666666666,11,164.06666666666666,25,0
367,625,0,0,25,25,25,25,0,0,0,-25,0,0,-25,0,149.85866666666666,25,149.85866666666666,0,0
368,625,625,0,50,25,0,25,625,0,25,0,25,0,-25,-25,462.2966666666667,25,462.2966666666667,25,0
369,121,275,0,36,11,-14,11,625,0,25,14,25,0,-11,-25,164.80133333333333,11,164.80133333333333,25,0
370,100,250,0,35,10,-15,10,625,0,25,15,25,0,-10,-25,146.90266666666668,10,146.90266666666668,25,0
371,625,0,0,25,25,25,25,0,0,0,-25,0,0,-25,0,150.1,25,150.1,0,0
372,625,0,0,25,25,25,25,0,0,0,-25,0,0,-25,0,150.00666666666666,25,150.00666666666666,0,0
373,169,0,0,13,13,13,13,0,0,0,-13,0,0,-13,0,39.04266666666667,13,39.04266666666667,0,0
374,1,25,0,26,1,-24,1,625,0,25,24,25,0,-1,-25,12.416666666666666,1,12.416666666666666,25,0
375,1,25,0,26,1,-24,1,625,0,25,24,25,0,-1,-25,12.05,1,12.05,25,0
376,1,0,0,1,1,1,1,0,0,0,-1,0,0,-1,0,0.0,1,0.0,0,0
377,4,0,0,2,2,2,2,0,0,0,-2,0,0,-2,0,0.504,2,0.504,0,0
378,1,0,0,1,1,1,1,0,0,0,-1,0,0,-1,0,0.0,1,0.0,0,0
379,169,0,0,13,13,13,13,0,0,0,-13,0,0,-13,0,38.977333333333334,13,38.977333333333334,0,0
380,625,250,0,35,25,15,25,100,0,10,-15,10,0,-25,-10,274.1426666666667,25,274.1426666666667,10,0
381,256,256,0,32,16,0,16,256,0,16,0,16,0,-16,-16,188.178,16,188.178,16,0
382,121,275,0,36,11,-14,11,625,0,25,14,25,0,-11,-25,163.76333333333332,11,163.76333333333332,25,0
383,100,250,0,35,10,-15,10,625,0,25,15,25,0,-10,-25,146.58266666666665,10,146.58266666666665,25,0
384,625,250,0,35,25,15,25,100,0,10,-15,10,0,-25,-10,274.2866666666667,25,274.2866666666667,10,0
385,625,250,0,35,25,15,25,100,0,10,-15,10,0,-25,-10,274.63866666666667,25,274.63866666666667,10,0
386,625,225,0,34,25,16,25,81,0,9,-16,9,0,-25,-9,262.4986666666667,25,262.4986666666667,9,0
387,625,625,0,50,25,0,25,625,0,25,0,25,0,-25,-25,461.0013333333333,25,461.0013333333333,25,0
388,625,250,0,35,25,15,25,100,0,10,-15,10,0,-25,-10,274.5613333333333,25,274.5613333333333,10,0
389,625,0,0,25,25,25,25,0,0,0,-25,0,0,-25,0,149.91733333333335,25,149.91733333333335,0,0
390,1,0,25,1,26,1,-24,0,0,25,-1,-25,625,24,25,12.316666666666666,1,12.316666666666666,0,25
391,4,0,50,2,27,2,-23,0,0,25,-2,-25,625,23,25,26.097333333333335,2,26.097333333333335,0,25
392,1,0,12,1,13,1,-11,0,0,12,-1,-12,144,11,12,6.112,1,6.112,0,12
393,49,0,133,7,26,7,-12,0,0,19,-7,-19,361,12,19,77.68333333333334,7,77.68333333333334,0,19
394,1,25,0,26,1,-24,1,625,0,25,24,25,0,-1,-25,12.35,1,12.35,25,0
395,625,625,0,50,25,0,25,625,0,25,0,25,0,-25,-25,461.746,25,461.746,25,0
396,625,0,0,25,25,25,25,0,0,0,-25,0,0,-25,0,150.336,25,150.336,0,0
397,289,255,425,32,42,2,-8,225,375,40,-2,-10,625,8,10,782.6933333333334,17,407.6933333333334,15,25
398,1,25,25,26,26,-24,-24,625,625,50,24,0,625,24,0,650.0,1,25.0,25,25
399,4,50,50,27,27,-23,-23,625,625,50,23,0,625,23,0,675.4693333333333,2,50.46933333333334,25,25
400,625,250,0,35,25,15,25,100,0,10,-15,10,0,-25,-10,273.6186666666667,25,273.6186666666667,10,0
401,1,0,12,1,13,1,-11,0,0,12,-1,-12,144,11,12,6.088,1,6.088,0,12
402,49,0,175,7,32,7,-18,0,0,25,-7,-25,625,18,25,98.19333333333333,7,98.19333333333333,0,25
403,625,625,0,50,25,0,25,625,0,25,0,25,0,-25,-25,461.80133333333333,25,461.80133333333333,25,0
404,121,275,0,36,11,-14,11,625,0,25,14,25,0,-11,-25,162.594,11,162.594,25,0
405,121,275,0,36,11,-14,11,625,0,25,14,25,0,-11,-25,164.06666666666666,11,164.06666666666666,25,0
406,625,0,0,25,25,25,25,0,0,0,-25,0,0,-25,0,149.85866666666666,25,149.85866666666666,0,0
407,625,625,0,50,25,0,25,625,0,25,0,25,0,-25,-25,462.2966666666667,25,462.2966666666667,25,0
408,121,275,0,36,11,-14,11,625,0,25,14,25,0,-11,-25,164.80133333333333,11,164.80133333333333,25,0
409,100,250,0,35,10,-15,10,625,0,25,15,25,0,-10,-25,146.90266666666668,10,146.90266666666668,25,0
410,625,0,0,25,25,25,25,0,0,0,-25,0,0,-25,0,150.1,25,150.1,0,0
411,625,0,0,25,25,25,25,0,0,0,-25,0,0,-25,0,150.00666666666666,25,150.00666666666666,0,0
412,169,0,0,13,13,13,13,0,0,0,-13,0,0,-13,0,39.04266666666667,13,39.04266666666667,0,0
413,1,25,0,26,1,-24,1,625,0,25,24,25,0,-1,-25,12.416666666666666,1,12.416666666666666,25,0
414,1,25,0,26,1,-24,1,625,0,25,24,25,0,-1,-25,12.05,1,12.05,25,0
415,1,0,0,1,1,1,1,0,0,0,-1,0,0,-1,0,0.0,1,0.0,0,0
416,4,0,0,2,2,2,2,0,0,0,-2,0,0,-2,0,0.504,2,0.504,0,0
417,1,0,0,1,1,1,1,0,0,0,-1,0,0,-1,0,0.0,1,0.0,0,0
418,169,0,0,13,13,13,13,0,0,0,-13,0,0,-13,0,38.977333333333334,13,38.977333333333334,0,0
419,625,250,0,35,25,15,25,100,0,10,-15,10,0,-25,-10,274.1426666666667,25,274.1426666666667,10,0
420,256,256,0,32,16,0,16,256,0,16,0,16,0,-16,-16,188.178,16,188.178,16,0
421,121,275,0,36,11,-14,11,625,0,25,14,25,0,-11,-25,163.76333333333332,11,163.76333333333332,25,0
422,100,250,0,35,10,-15,10,625,0,25,15,25,0,-10,-25,146.58266666666665,10,146.58266666666665,25,0
423,625,250,0,35,25,15,25,100,0,10,-15,10,0,-25,-10,274.2866666666667,25,274.2866666666667,10,0
424,625,250,0,35,25,15,25,100,0,10,-15,10,0,-25,-10,274.63866666666667,25,274.63866666666667,10,0
425,625,225,0,34,25,16,25,81,0,9,-16,9,0,-25,-9,262.4986666666667,25,262.4986666666667,9,0
426,625,625,0,50,25,0,25,625,0,25,0,25,0,-25,-25,461.0013333333333,25,461.0013333333333,25,0
427,625,250,0,35,25,15,25,100,0,10,-15,10,0,-25,-10,274.5613333333333,25,274.5613333333333,10,0
428,625,0,0,25,25,25,25,0,0,0,-25,0,0,-25,0,149.91733333333335,25,149.91733333333335,0,0
429,1,0,25,1,26,1,-24,0,0,25,-1,-25,625,24,25,12.316666666666666,1,12.316666666666666,0,25
430,4,0,50,2,27,2,-23,0,0,25,-2,-25,625,23,25,26.097333333333335,2,26.097333333333335,0,25
431,1,0,12,1,13,1,-11,0,0,12,-1,-12,144,11,12,6.112,1,6.112,0,12
432,49,0,133,7,26,7,-12,0,0,19,-7,-19,361,12,19,77.68333333333334,7,77.68333333333334,0,19
433,1,25,0,26,1,-24,1,625,0,25,24,25,0,-1,-25,12.35,1,12.35,25,0
434,625,625,0,50,25,0,25,625,0,25,0,25,0,-25,-25,461.746,25,461.746,25,0
435,625,0,0,25,25,25,25,0,0,0,-25,0,0,-25,0,150.336,25,150.336,0,0
436,289,255,425,32,42,2,-8,225,375,40,-2,-10,625,8,10,782.6933333333334,17,407.6933333333334,15,25
437,1,25,25,26,26,-24,-24,625,625,50,24,0,625,24,0,650.0,1,25.0,25,25
438,4,50,50,27,27,-23,-23,625,625,50,23,0,625,23,0,675.4693333333333,2,50.46933333333334,25,25
439,625,250,0,35,25,15,25,100,0,10,-15,10,0,-25,-10,273.6186666666667,25,273.6186666666667,10,0
440,1,0,12,1,13,1,-11,0,0,12,-1,-12,144,11,12,6.088,1,6.088,0,12
441,49,0,175,7,32,7,-18,0,0,25,-7,-25,625,18,25,98.19333333333333,7,98.19333333333333,0,25
442,625,625,0,50,25,0,25,625,0,25,0,25,0,-25,-25,461.80133333333333,25,461.80133333333333,25,0
443,121,275,0,36,11,-14,11,625,0,25,14,25,0,-11,-25,162.594,11,162.594,25,0
444,121,275,0,36,11,-14,11,625,0,25,14,25,0,-11,-25,164.06666666666666,11,164.06666666666666,25,0
445,625,0,0,25,25,25,25,0,0,0,-25,0,0,-25,0,149.85866666666666,25,149.85866666666666,0,0
446,625,625,0,50,25,0,25,625,0,25,0,25,0,-25,-25,462.2966666666667,25,462.2966666666667,25,0
447,121,275,0,36,11,-14,11,625,0,25,14,25,0,-11,-25,164.80133333333333,11,164.80133333333333,25,0
448,100,250,0,35,10,-15,10,625,0,25,15,25,0,-10,-25,146.90266666666668,10,146.90266666666668,25,0
449,625,0,0,25,25,25,25,0,0,0,-25,0,0,-25,0,150.1,25,150.1,0,0
450,625,0,0,25,25,25,25,0,0,0,-25,0,0,-25,0,150.00666666666666,25,150.00666666666666,0,0
451,169,0,0,13,13,13,13,0,0,0,-13,0,0,-13,0,39.04266666666667,13,39.04266666666667,0,0
452,1,25,0,26,1,-24,1,625,0,25,24,25,0,-1,-25,12.416666666666666,1,12.416666666666666,25,0
453,1,25,0,26,1,-24,1,625,0,25,24,25,0,-1,-25,12.05,1,12.05,25,0
454,1,0,0,1,1,1,1,0,0,0,-1,0,0,-1,0,0.0,1,0.0,0,0
455,4,0,0,2,2,2,2,0,0,0,-2,0,0,-2,0,0.504,2,0.504,0,0
456,1,0,0,1,1,1,1,0,0,0,-1,0,0,-1,0,0.0,1,0.0,0,0
457,169,0,0,13,13,13,13,0,0,0,-13,0,0,-13,0,38.977333333333334,13,38.977333333333334,0,0
458,625,250,0,35,25,15,25,100,0,10,-15,10,0,-25,-10,274.1426666666667,25,274.1426666666667,10,0
459,256,256,0,32,16,0,16,256,0,16,0,16,0,-16,-16,188.178,16,188.178,16,0
460,121,275,0,36,11,-14,11,625,0,25,14,25,0,-11,-25,163.76333333333332,11,163.76333333333332,25,0
461,100,250,0,35,10,-15,10,625,0,25,15,25,0,-10,-25,146.58266666666665,10,146.58266666666665,25,0
462,625,250,0,35,25,15,25,100,0,10,-15,10,0,-25,-10,274.2866666666667,25,274.2866666666667,10,0
463,625,250,0,35,25,15,25,100,0,10,-15,10,0,-25,-10,274.63866666666667,25,274.63866666666667,10,0
464,625,225,0,34,25,16,25,81,0,9,-16,9,0,-25,-9,262.4986666666667,25,262.4986666666667,9,0
465,625,625,0,50,25,0,25,625,0,25,0,25,0,-25,-25,461.0013333333333,25,461.0013333333333,25,0
466,625,250,0,35,25,15,25,100,0,10,-15,10,0,-25,-10,274.5613333333333,25,274.5613333333333,10,0
467,625,0,0,25,25,25,25,0,0,0,-25,0,0,-25,0,149.91733333333335,25,149.91733333333335,0,0
468,1,0,25,1,26,1,-24,0,0,25,-1,-25,625,24,25,12.316666666666666,1,12.316666666666666,0,25
469,4,0,50,2,27,2,-23,0,0,25,-2,-25,625,23,25,26.097333333333335,2,26.097333333333335,0,25
470,1,0,12,1,13,1,-11,0,0,12,-1,-12,144,11,12,6.112,1,6.112,0,12
471,49,0,133,7,26,7,-12,0,0,19,-7,-19,361,12,19,77.68333333333334,7,77.68333333333334,0,19
472,1,25,0,26,1,-24,1,625,0,25,24,25,0,-1,-25,12.35,1,12.35,25,0
473,625,625,0,50,25,0,25,625,0,25,0,25,0,-25,-25,461.746,25,461.746,25,0
474,625,0,0,25,25,25,25,0,0,0,-25,0,0,-25,0,150.336,25,150.336,0,0
475,289,255,425,32,42,2,-8,225,375,40,-2,-10,625,8,10,782.6933333333334,17,407.6933333333334,15,25
476,1,25,25,26,26,-24,-24,625,625,50,24,0,625,24,0,650.0,1,25.0,25,25
477,4,50,50,27,27,-23,-23,625,625,50,23,0,625,23,0,675.4693333333333,2,50.46933333333334,25,25
478,625,250,0,35,25,15,25,100,0,10,-15,10,0,-25,-10,273.6186666666667,25,273.6186666666667,10,0
479,1,0,12,1,13,1,-11,0,0,12,-1,-12,144,11,12,6.088,1,6.088,0,12
480,49,0,175,7,32,7,-18,0,0,25,-7,-25,625,18,25,98.19333333333333,7,98.19333333333333,0,25
481,625,625,0,50,25,0,25,625,0,25,0,25,0,-25,-25,461.80133333333333,25,461.80133333333333,25,0
482,121,275,0,36,11,-14,11,625,0,25,14,25,0,-11,-25,162.594,11,162.594,25,0
483,121,275,0,36,11,-14,11,625,0,25,14,25,0,-11,-25,164.06666666666666,11,164.06666666666666,25,0
484,625,0,0,25,25,25,25,0,0,0,-25,0,0,-25,0,149.85866666666666,25,149.85866666666666,0,0
485,625,625,0,50,25,0,25,625,0,25,0,25,0,-25,-25,462.2966666666667,25,462.2966666666667,25,0
486,121,275,0,36,11,-14,11,625,0,25,14,25,0,-11,-25,164.80133333333333,11,164.80133333333333,25,0
487,100,250,0,35,10,-15,10,625,0,25,15,25,0,-10,-25,146.90266666666668,10,146.90266666666668,25,0
488,625,0,0,25,25,25,25,0,0,0,-25,0,0,-25,0,150.1,25,150.1,0,0
489,625,0,0,25,25,25,25,0,0,0,-25,0,0,-25,0,150.00666666666666,25,150.00666666666666,0,0
490,169,0,0,13,13,13,13,0,0,0,-13,0,0,-13,0,39.04266666666667,13,39.04266666666667,0,0
491,1,25,0,26,1,-24,1,625,0,25,24,25,0,-1,-25,12.416666666666666,1,12.416666666666666,25,0
492,1,25,0,26,1,-24,1,625,0,25,24,25,0,-1,-25,12.05,1,12.05,25,0
493,1,0,0,1,1,1,1,0,0,0,-1,0,0,-1,0,0.0,1,0.0,0,0
494,4,0,0,2,2,2,2,0,0,0,-2,0,0,-2,0,0.504,2,0.504,0,0
495,1,0,0,1,1,1,1,0,0,0,-1,0,0,-1,0,0.0,1,0.0,0,0
496,169,0,0,13,13,13,13,0,0,0,-13,0,0,-13,0,38.977333333333334,13,38.977333333333334,0,0
497,625,250,0,35,25,15,25,100,0,10,-15,10,0,-25,-10,274.1426666666667,25,274.1426666666667,10,0
498,256,256,0,32,16,0,16,256,0,16,0,16,0,-16,-16,188.178,16,188.178,16,0
499,121,275,0,36,11,-14,11,625,0,25,14,25,0,-11,-25,163.76333333333332,11,163.76333333333332,25,0
500,100,250,0,35,10,-15,10,625,0,25,15,25,0,-10,-25,146.58266666666665,10,146.58266666666665,25,0
501,625,250,0,35,25,15,25,100,0,10,-15,10,0,-25,-10,274.2866666666667,25,274.2866666666667,10,0
502,625,250,0,35,25,15,25,100,0,10,-15,10,0,-25,-10,274.63866666666667,25,274.63866666666667,10,0
503,625,225,0,34,25,16,25,81,0,9,-16,9,0,-25,-9,262.4986666666667,25,262.4986666666667,9,0
504,625,625,0,50,25,0,25,625,0,25,0,25,0,-25,-25,461.0013333333333,25,461.0013333333333,25,0
505,625,250,0,35,25,15,25,100,0,10,-15,10,0,-25,-10,274.5613333333333,25,274.5613333333333,10,0
506,625,0,0,25,25,25,25,0,0,0,-25,0,0,-25,0,149.91733333333335,25,149.91733333333335,0,0
507,1,0,25,1,26,1,-24,0,0,25,-1,-25,625,24,25,12.316666666666666,1,12.316666666666666,0,25
508,4,0,50,2,27,2,-23,0,0,25,-2,-25,625,23,25,26.097333333333335,2,26.097333333333335,0,25
509,1,0,12,1,13,1,-11,0,0,12,-1,-12,144,11,12,6.112,1,6.112,0,12
510,49,0,133,7,26,7,-12,0,0,19,-7,-19,361,12,19,77.68333333333334,7,77.68333333333334,0,19
511,1,25,0,26,1,-24,1,625,0,25,24,25,0,-1,-25,12.35,1,12.35,25,0
512,625,625,0,50,25,0,25,625,0,25,0,25,0,-25,-25,461.746,25,461.746,25,0
513,625,0,0,25,25,25,25,0,0,0,-25,0,0,-25,0,150.336,25,150.336,0,0
514,289,255,425,32,42,2,-8,225,375,40,-2,-10,625,8,10,782.6933333333334,17,407.6933333333334,15,25
515,1,25,25,26,26,-24,-24,625,625,50,24,0,625,24,0,650.0,1,25.0,25,25
516,4,50,50,27,27,-23,-23,625,625,50,23,0,625,23,0,675.4693333333333,2,50.46933333333334,25,25
517,625,250,0,35,25,15,25,100,0,10,-15,10,0,-25,-10,273.6186666666667,25,273.6186666666667,10,0
518,1,0,12,1,13,1,-11,0,0,12,-1,-12,144,11,12,6.088,1,6.088,0,12
519,49,0,175,7,32,7,-18,0,0,25,-7,-25,625,18,25,98.19333333333333,7,98.19333333333333,0,25
520,625,625,0,50,25,0,25,625,0,25,0,25,0,-25,-25,461.80133333333333,25,461.80133333333333,25,0
521,121,275,0,36,11,-14,11,625,0,25,14,25,0,-11,-25,162.594,11,162.594,25,0
522,121,275,0,36,11,-14,11,625,0,25,14,25,0,-11,-25,164.06666666666666,11,164.06666666666666,25,0
523,625,0,0,25,25,25,25,0,0,0,-25,0,0,-25,0,149.85866666666666,25,149.85866666666666,0,0
524,625,625,0,50,25,0,25,625,0,25,0,25,0,-25,-25,462.2966666666667,25,462.2966666666667,25,0
525,121,275,0,36,11,-14,11,625,0,25,14,25,0,-11,-25,164.80133333333333,11,164.80133333333333,25,0
526,100,250,0,35,10,-15,10,625,0,25,15,25,0,-10,-25,146.90266666666668,10,146.90266666666668,25,0
527,625,0,0,25,25,25,25,0,0,0,-25,0,0,-25,0,150.1,25,150.1,0,0
528,625,0,0,25,25,25,25,0,0,0,-25,0,0,-25,0,150.00666666666666,25,150.00666666666666,0,0
529,169,0,0,13,13,13,13,0,0,0,-13,0,0,-13,0,39.04266666666667,13,39.04266666666667,0,0
530,1,25,0,26,1,-24,1,625,0,25,24,25,0,-1,-25,12.416666666666666,1,12.416666666666666,25,0
531,1,25,0,26,1,-24,1,625,0,25,24,25,0,-1,-25,12.05,1,12.05,25,0
532,1,0,0,1,1,1,1,0,0,0,-1,0,0,-1,0,0.0,1,0.0,0,0
533,4,0,0,2,2,2,2,0,0,0,-2,0,0,-2,0,0.504,2,0.504,0,0
534,1,0,0,1,1,1,1,0,0,0,-1,0,0,-1,0,0.0,1,0.0,0,0
535,169,0,0,13,13,13,13,0,0,0,-13,0,0,-13,0,38.977333333333334,13,38.977333333333334,0,0
536,625,250,0,35,25,15,25,100,0,10,-15,10,0,-25,-10,274.1426666666667,25,274.1426666666667,10,0
537,256,256,0,32,16,0,16,256,0,16,0,16,0,-16,-16,188.178,16,188.178,16,0
538,121,275,0,36,11,-14,11,625,0,25,14,25,0,-11,-25,163.76333333333332,11,163.76333333333332,25,0
539,100,250,0,35,10,-15,10,625,0,25,15,25,0,-10,-25,146.58266666666665,10,146.58266666666665,25,0
540,625,250,0,35,25,15,25,100,0,10,-15,10,0,-25,-10,274.2866666666667,25,274.2866666666667,10,0
541,625,250,0,35,25,15,25,100,0,10,-15,10,0,-25,-10,274.63866666666667,25,274.63866666666667,10,0
542,625,225,0,34,25,16,25,81,0,9,-16,9,0,-25,-9,262.4986666666667,25,262.4986666666667,9,0
543,625,625,0,50,25,0,25,625,0,25,0,25,0,-25,-25,461.0013333333333,25,461.0013333333333,25,0
544,625,250,0,35,25,15,25,100,0,10,-15,10,0,-25,-10,274.5613333333333,25,274.5613333333333,10,0
545,625,0,0,25,25,25,25,0,0,0,-25,0,0,-25,0,149.91733333333335,25,149.91733333333335,0,0
546,1,0,25,1,26,1,-24,0,0,25,-1,-25,625,24,25,12.316666666666666,1,12.316666666666666,0,25
547,4,0,50,2,27,2,-23,0,0,25,-2,-25,625,23,25,26.097333333333335,2,26.097333333333335,0,25
548,1,0,12,1,13,1,-11,0,0,12,-1,-12,144,11,12,6.112,1,6.112,0,12
549,49,0,133,7,26,7,-12,0,0,19,-7,-19,361,12,19,77.68333333333334,7,77.68333333333334,0,19
550,1,25,0,26,1,-24,1,625,0,25,24,25,0,-1,-25,12.35,1,12.35,25,0
551,625,625,0,50,25,0,25,625,0,25,0,25,0,-25,-25,461.746,25,461.746,25,0
552,625,0,0,25,25,25,25,0,0,0,-25,0,0,-25,0,150.336,25,150.336,0,0
553,289,255,425,32,42,2,-8,225,375,40,-2,-10,625,8,10,782.6933333333334,17,407.6933333333334,15,25
554,1,25,25,26,26,-24,-24,625,625,50,24,0,625,24,0,650.0,1,25.0,25,25
555,4,50,50,27,27,-23,-23,625,625,50,23,0,625,23,0,675.4693333333333,2,50.46933333333334,25,25
556,625,250,0,35,25,15,25,100,0,10,-15,10,0,-25,-10,273.6186666666667,25,273.6186666666667,10,0
557,1,0,12,1,13,1,-11,0,0,12,-1,-12,144,11,12,6.088,1,6.088,0,12
558,49,0,175,7,32,7,-18,0,0,25,-7,-25,625,18,25,98.19333333333333,7,98.19333333333333,0,25
559,625,625,0,50,25,0,25,625,0,25,0,25,0,-25,-25,461.80133333333333,25,461.80133333333333,25,0
560,121,275,0,36,11,-14,11,625,0,25,14,25,0,-11,-25,162.594,11,162.594,25,0
561,121,275,0,36,11,-14,11,625,0,25,14,25,0,-11,-25,164.06666666666666,11,164.06666666666666,25,0
562,625,0,0,25,25,25,25,0,0,0,-25,0,0,-25,0,149.85866666666666,25,149.85866666666666,0,0
563,625,625,0,50,25,0,25,625,0,25,0,25,0,-25,-25,462.2966666666667,25,462.2966666666667,25,0
564,121,275,0,36,11,-14,11,625,0,25,14,25,0,-11,-25,164.80133333333333,11,164.80133333333333,25,0
565,100,250,0,35,10,-15,10,625,0,25,15,25,0,-10,-25,146.90266666666668,10,146.90266666666668,25,0
566,625,0,0,25,25,25,25,0,0,0,-25,0,0,-25,0,150.1,25,150.1,0,0
567,625,0,0,25,25,25,25,0,0,0,-25,0,0,-25,0,150.00666666666666,25,150.00666666666666,0,0
568,169,0,0,13,13,13,13,0,0,0,-13,0,0,-13,0,39.04266666666667,13,39.04266666666667,0,0
569,1,25,0,26,1,-24,1,625,0,25,24,25,0,-1,-25,12.416666666666666,1,12.416666666666666,25,0
570,1,25,0,26,1,-24,1,625,0,25,24,25,0,-1,-25,12.05,1,12.05,25,0
571,1,0,0,1,1,1,1,0,0,0,-1,0,0,-1,0,0.0,1,0.0,0,0
572,4,0,0,2,2,2,2,0,0,0,-2,0,0,-2,0,0.504,2,0.504,0,0
573,1,0,0,1,1,1,1,0,0,0,-1,0,0,-1,0,0.0,1,0.0,0,0
574,169,0,0,13,13,13,13,0,0,0,-13,0,0,-13,0,38.977333333333334,13,38.977333333333334,0,0
575,625,250,0,35,25,15,25,100,0,10,-15,10,0,-25,-10,274.1426666666667,25,274.1426666666667,10,0
576,256,256,0,32,16,0,16,256,0,16,0,16,0,-16,-16,188.178,16,188.178,16,0
577,121,275,0,36,11,-14,11,625,0,25,14,25,0,-11,-25,163.76333333333332,11,163.76333333333332,25,0
578,100,250,0,35,10,-15,10,625,0,25,15,25,0,-10,-25,146.58266666666665,10,146.58266666666665,25,0
579,625,250,0,35,25,15,25,100,0,10,-15,10,0,-25,-10,274.2866666666667,25,274.2866666666667,10,0
580,625,250,0,35,25,15,25,100,0,10,-15,10,0,-25,-10,274.63866666666667,25,274.63866666666667,10,0
581,625,225,0,34,25,16,25,81,0,9,-16,9,0,-25,-9,262.4986666666667,25,262.4986666666667,9,0
582,625,625,0,50,25,0,25,625,0,25,0,25,0,-25,-25,461.0013333333333,25,461.0013333333333,25,0
583,625,250,0,35,25,15,25,100,0,10,-15,10,0,-25,-10,274.5613333333333,25,274.5613333333333,10,0
584,625,0,0,25,25,25,25,0,0,0,-25,0,0,-25,0,149.91733333333335,25,149.91733333333335,0,0
585,1,0,25,1,26,1,-24,0,0,25,-1,-25,625,24,25,12.316666666666666,1,12.316666666666666,0,25
586,4,0,50,2,27,2,-23,0,0,25,-2,-25,625,23,25,26.097333333333335,2,26.097333333333335,0,25
587,1,0,12,1,13,1,-11,0,0,12,-1,-12,144,11,12,6.112,1,6.112,0,12
588,49,0,133,7,26,7,-12,0,0,19,-7,-19,361,12,19,77.68333333333334,7,77.68333333333334,0,19
589,1,25,0,26,1,-24,1,625,0,25,24,25,0,-1,-25,12.35,1,12.35,25,0
590,625,625,0,50,25,0,25,625,0,25,0,25,0,-25,-25,461.746,25,461.746,25,0
591,625,0,0,25,25,25,25,0,0,0,-25,0,0,-25,0,150.336,25,150.336,0,0
592,289,255,425,32,42,2,-8,225,375,40,-2,-10,625,8,10,782.6933333333334,17,407.6933333333334,15,25
593,1,25,25,26,26,-24,-24,625,625,50,24,0,625,24,0,650.0,1,25.0,25,25
594,4,50,50,27,27,-23,-23,625,625,50,23,0,625,23,0,675.4693333333333,2,50.46933333333334,25,25
595,625,250,0,35,25,15,25,100,0,10,-15,10,0,-25,-10,273.6186666666667,25,273.6186666666667,10,0
596,1,0,12,1,13,1,-11,0,0,12,-1,-12,144,11,12,6.088,1,6.088,0,12
597,49,0,175,7,32,7,-18,0,0,25,-7,-25,625,18,25,98.19333333333333,7,98.19333333333333,0,25
598,625,625,0,50,25,0,25,625,0,25,0,25,0,-25,-25,461.80133333333333,25,461.80133333333333,25,0
599,121,275,0,36,11,-14,11,625,0,25,14,25,0,-11,-25,162.594,11,162.594,25,0
600,121,275,0,36,11,-14,11,625,0,25,14,25,0,-11,-25,164.06666666666666,11,164.06666666666666,25,0
601,625,0,0,25,25,25,25,0,0,0,-25,0,0,-25,0,149.85866666666666,25,149.85866666666666,0,0
602,625,625,0,50,25,0,25,625,0,25,0,25,0,-25,-25,462.2966666666667,25,462.2966666666667,25,0
603,121,275,0,36,11,-14,11,625,0,25,14,25,0,-11,-25,164.80133333333333,11,164.80133333333333,25,0
604,100,250,0,35,10,-15,10,625,0,25,15,25,0,-10,-25,146.90266666666668,10,146.90266666666668,25,0
605,625,0,0,25,25,25,25,0,0,0,-25,0,0,-25,0,150.1,25,150.1,0,0
606,625,0,0,25,25,25,25,0,0,0,-25,0,0,-25,0,150.00666666666666,25,150.00666666666666,0,0
607,169,0,0,13,13,13,13,0,0,0,-13,0,0,-13,0,39.04266666666667,13,39.04266666666667,0,0
608,1,25,0,26,1,-24,1,625,0,25,24,25,0,-1,-25,12.416666666666666,1,12.416666666666666,25,0
609,1,25,0,26,1,-24,1,625,0,25,24,25,0,-1,-25,12.05,1,12.05,25,0
610,1,0,0,1,1,1,1,0,0,0,-1,0,0,-1,0,0.0,1,0.0,0,0
611,4,0,0,2,2,2,2,0,0,0,-2,0,0,-2,0,0.504,2,0.504,0,0
612,1,0,0,1,1,1,1,0,0,0,-1,0,0,-1,0,0.0,1,0.0,0,0
613,169,0,0,13,13,13,13,0,0,0,-13,0,0,-13,0,38.977333333333334,13,38.977333333333334,0,0
614,625,250,0,35,25,15,25,100,0,10,-15,10,0,-25,-10,274.1426666666667,25,274.1426666666667,10,0
615,256,256,0,32,16,0,16,256,0,16,0,16,0,-16,-16,188.178,16,188.178,16,0
616,121,275,0,36,11,-14,11,625,0,25,14,25,0,-11,-25,163.76333333333332,11,163.76333333333332,25,0
617,100,250,0,35,10,-15,10,625,0,25,15,25,0,-10,-25,146.58266666666665,10,146.58266666666665,25,0
618,625,250,0,35,25,15,25,100,0,10,-15,10,0,-25,-10,274.2866666666667,25,274.2866666666667,10,0
619,625,250,0,35,25,15,25,100,0,10,-15,10,0,-25,-10,274.63866666666667,25,274.63866666666667,10,0
620,625,225,0,34,25,16,25,81,0,9,-16,9,0,-25,-9,262.4986666666667,25,262.4986666666667,9,0
621,625,625,0,50,25,0,25,625,0,25,0,25,0,-25,-25,461.0013333333333,25,461.0013333333333,25,0
622,625,250,0,35,25,15,25,100,0,10,-15,10,0,-25,-10,274.5613333333333,25,274.5613333333333,10,0
623,625,0,0,25,25,25,25,0,0,0,-25,0,0,-25,0,149.91733333333335,25,149.91733333333335,0,0
624,1,0,25,1,26,1,-24,0,0,25,-1,-25,625,24,25,12.316666666666666,1,12.316666666666666,0,25
625,4,0,50,2,27,2,-23,0,0,25,-2,-25,625,23,25,26.097333333333335,2,26.097333333333335,0,25
626,1,0,12,1,13,1,-11,0,0,12,-1,-12,144,11,12,6.112,1,6.112,0,12
627,49,0,133,7,26,7,-12,0,0,19,-7,-19,361,12,19,77.68333333333334,7,77.68333333333334,0,19
628,1,25,0,26,1,-24,1,625,0,25,24,25,0,-1,-25,12.35,1,12.35,25,0
629,625,625,0,50,25,0,25,625,0,25,0,25,0,-25,-25,461.746,25,461.746,25,0
630,625,0,0,25,25,25,25,0,0,0,-25,0,0,-25,0,150.336,25,150.336,0,0
631,289,255,425,32,42,2,-8,225,375,40,-2,-10,625,8,10,782.6933333333334,17,407.6933333333334,15,25
632,1,25,25,26,26,-24,-24,625,625,50,24,0,625,24,0,650.0,1,25.0,25,25
633,4,50,50,27,27,-23,-23,625,625,50,23,0,625,23,0,675.4693333333333,2,50.46933333333334,25,25
634,625,250,0,35,25,15,25,100,0,10,-15,10,0,-25,-10,273.6186666666667,25,273.6186666666667,10,0
635,1,0,12,1,13,1,-11,0,0,12,-1,-12,144,11,12,6.088,1,6.088,0,12
636,49,0,175,7,32,7,-18,0,0,25,-7,-25,625,18,25,98.19333333333333,7,98.19333333333333,0,25
637,625,625,0,50,25,0,25,625,0,25,0,25,0,-25,-25,461.80133333333333,25,461.80133333333333,25,0
638,121,275,0,36,11,-14,11,625,0,25,14,25,0,-11,-25,162.594,11,162.594,25,0
639,121,275,0,36,11,-14,11,625,0,25,14,25,0,-11,-25,164.06666666666666,11,164.06666666666666,25,0
640,625,0,0,25,25,25,25,0,0,0,-25,0,0,-25,0,149.85866666666666,25,149.85866666666666,0,0
641,625,625,0,50,25,0,25,625,0,25,0,25,0,-25,-25,462.2966666666667,25,462.2966666666667,25,0
642,121,275,0,36,11,-14,11,625,0,25,14,25,0,-11,-25,164.80133333333333,11,164.80133333333333,25,0
643,100,250,0,35,10,-15,10,625,0,25,15,25,0,-10,-25,146.90266666666668,10,146.90266666666668,25,0
644,625,0,0,25,25,25,25,0,0,0,-25,0,0,-25,0,150.1,25,150.1,0,0
645,625,0,0,25,25,25,25,0,0,0,-25,0,0,-25,0,150.00666666666666,25,150.00666666666666,0,0
646,169,0,0,13,13,13,13,0,0,0,-13,0,0,-13,0,39.04266666666667,13,39.04266666666667,0,0
647,1,25,0,26,1,-24,1,625,0,25,24,25,0,-1,-25,12.416666666666666,1,12.416666666666666,25,0
648,1,25,0,26,1,-24,1,625,0,25,24,25,0,-1,-25,12.05,1,12.05,25,0
649,1,0,0,1,1,1,1,0,0,0,-1,0,0,-1,0,0.0,1,0.0,0,0
650,4,0,0,2,2,2,2,0,0,0,-2,0,0,-2,0,0.504,2,0.504,0,0
651,1,0,0,1,1,1,1,0,0,0,-1,0,0,-1,0,0.0,1,0.0,0,0
652,169,0,0,13,13,13,13,0,0,0,-13,0,0,-13,0,38.977333333333334,13,38.977333333333334,0,0
653,625,250,0,35,25,15,25,100,0,10,-15,10,0,-25,-10,274.1426666666667,25,274.1426666666667,10,0
654,256,256,0,32,16,0,16,256,0,16,0,16,0,-16,-16,188.178,16,188.178,16,0
655,121,275,0,36,11,-14,11,625,0,25,14,25,0,-11,-25,163.76333333333332,11,163.76333333333332,25,0
656,100,250,0,35,10,-15,10,625,0,25,15,25,0,-10,-25,146.58266666666665,10,146.58266666666665,25,0
657,625,250,0,35,25,15,25,100,0,10,-15,10,0,-25,-10,274.2866666666667,25,274.2866666666667,10,0
658,625,250,0,35,25,15,25,100,0,10,-15,10,0,-25,-10,274.63866666666667,25,274.63866666666667,10,0
659,625,225,0,34,25,16,25,81,0,9,-16,9,0,-25,-9,262.4986666666667,25,262.4986666666667,9,0
660,625,625,0,50,25,0,25,625,0,25,0,25,0,-25,-25,461.0013333333333,25,461.0013333333333,25,0
661,625,250,0,35,25,15,25,100,0,10,-15,10,0,-25,-10,274.5613333333333,25,274.5613333333333,10,0
662,625,0,0,25,25,25,25,0,0,0,-25,0,0,-25,0,149.91733333333335,25,149.91733333333335,0,0
663,1,0,25,1,26,1,-24,0,0,25,-1,-25,625,24,25,12.316666666666666,1,12.316666666666666,0,25
664,4,0,50,2,27,2,-23,0,0,25,-2,-25,625,23,25,26.097333333333335,2,26.097333333333335,0,25
665,1,0,12,1,13,1,-11,0,0,12,-1,-12,144,11,12,6.112,1,6.112,0,12
666,49,0,133,7,26,7,-12,0,0,19,-7,-19,361,12,19,77.68333333333334,7,77.68333333333334,0,19
667,1,25,0,26,1,-24,1,625,0,25,24,25,0,-1,-25,12.35,1,12.35,25,0
668,625,625,0,50,25,0,25,625,0,25,0,25,0,-25,-25,461.746,25,461.746,25,0
669,625,0,0,25,25,25,25,0,0,0,-25,0,0,-25,0,150.336,25,150.336,0,0
670,289,255,425,32,42,2,-8,225,375,40,-2,-10,625,8,10,782.6933333333334,17,407.6933333333334,15,25
671,1,25,25,26,26,-24,-24,625,625,50,24,0,625,24,0,650.0,1,25.0,25,25
672,4,50,50,27,27,-23,-23,625,625,50,23,0,625,23,0,675.4693333333333,2,50.46933333333334,25,25
673,625,250,0,35,25,15,25,100,0,10,-15,10,0,-25,-10,273.6186666666667,25,273.6186666666667,10,0
674,1,0,12,1,13,1,-11,0,0,12,-1,-12,144,11,12,6.088,1,6.088,0,12
675,49,0,175,7,32,7,-18,0,0,25,-7,-25,625,18,25,98.19333333333333,7,98.19333333333333,0,25
676,625,625,0,50,25,0,25,625,0,25,0,25,0,-25,-25,461.80133333333333,25,461.80133333333333,25,0
677,121,275,0,36,11,-14,11,625,0,25,14,25,0,-11,-25,162.594,11,162.594,25,0
678,121,275,0,36,11,-14,11,625,0,25,14,25,0,-11,-25,164.06666666666666,11,164.06666666666666,25,0
679,625,0,0,25,25,25,25,0,0,0,-25,0,0,-25,0,149.85866666666666,25,149.85866666666666,0,0
680,625,625,0,50,25,0,25,625,0,25,0,25,0,-25,-25,462.2966666666667,25,462.2966666666667,25,0
681,121,275,0,36,11,-14,11,625,0,25,14,25,0,-11,-25,164.80133333333333,11,164.80133333333333,25,0
682,100,250,0,35,10,-15,10,625,0,25,15,25,0,-10,-25,146.90266666666668,10,146.90266666666668,25,0
683,625,0,0,25,25,25,25,0,0,0,-25,0,0,-25,0,150.1,25,150.1,0,0
684,625,0,0,25,25,25,25,0,0,0,-25,0,0,-25,0,150.00666666666666,25,150.00666666666666,0,0
685,169,0,0,13,13,13,13,0,0,0,-13,0,0,-13,0,39.04266666666667,13,39.04266666666667,0,0
686,1,25,0,26,1,-24,1,625,0,25,24,25,0,-1,-25,12.416666666666666,1,12.416666666666666,25,0
687,1,25,0,26,1,-24,1,625,0,25,24,25,0,-1,-25,12.05,1,12.05,25,0
688,1,0,0,1,1,1,1,0,0,0,-1,0,0,-1,0,0.0,1,0.0,0,0
689,4,0,0,2,2,2,2,0,0,0,-2,0,0,-2,0,0.504,2,0.504,0,0
690,1,0,0,1,1,1,1,0,0,0,-1,0,0,-1,0,0.0,1,0.0,0,0
691,169,0,0,13,13,13,13,0,0,0,-13,0,0,-13,0,38.977333333333334,13,38.977333333333334,0,0
692,625,250,0,35,25,15,25,100,0,10,-15,10,0,-25,-10,274.1426666666667,25,274.1426666666667,10,0
693,256,256,0,32,16,0,16,256,0,16,0,16,0,-16,-16,188.178,16,188.178,16,0
694,121,275,0,36,11,-14,11,625,0,25,14,25,0,-11,-25,163.76333333333332,11,163.76333333333332,25,0
695,100,250,0,35,10,-15,10,625,0,25,15,25,0,-10,-25,146.58266666666665,10,146.58266666666665,25,0
696,625,250,0,35,25,15,25,100,0,10,-15,10,0,-25,-10,274.2866666666667,25,274.2866666666667,10,0
697,625,250,0,35,25,15,25,100,0,10,-15,10,0,-25,-10,274.63866666666667,25,274.63866666666667,10,0
698,625,225,0,34,25,16,25,81,0,9,-16,9,0,-25,-9,262.4986666666667,25,262.4986666666667,9,0
699,625,625,0,50,25,0,25,625,0,25,0,25,0,-25,-25,461.0013333333333,25,461.0013333333333,25,0
700,625,250,0,35,25,15,25,100,0,10,-15,10,0,-25,-10,274.5613333333333,25,274.5613333333333,10,0
701,625,0,0,25,25,25,25,0,0,0,-25,0,0,-25,0,149.91733333333335,25,149.91733333333335,0,0
702,1,0,25,1,26,1,-24,0,0,25,-1,-25,625,24,25,12.316666666666666,1,12.316666666666666,0,25
703,4,0,50,2,27,2,-23,0,0,25,-2,-25,625,23,25,26.097333333333335,2,26.097333333333335,0,25
704,1,0,12,1,13,1,-11,0,0,12,-1,-12,144,11,12,6.112,1,6.112,0,12
705,49,0,133,7,26,7,-12,0,0,19,-7,-19,361,12,19,77.68333333333334,7,77.68333333333334,0,19
706,1,25,0,26,1,-24,1,625,0,25,24,25,0,-1,-25,12.35,1,12.35,25,0
707,625,625,0,50,25,0,25,625,0,25,0,25,0,-25,-25,461.746,25,461.746,25,0
708,625,0,0,25,25,25,25,0,0,0,-25,0,0,-25,0,150.336,25,150.336,0,0
709,289,255,425,32,42,2,-8,225,375,40,-2,-10,625,8,10,782.6933333333334,17,407.6933333333334,15,25
710,1,25,25,26,26,-24,-24,625,625,50,24,0,625,24,0,650.0,1,25.0,25,25
711,4,50,50,27,27,-23,-23,625,625,50,23,0,625,23,0,675.4693333333333,2,50.46933333333334,25,25
712,625,250,0,35,25,15,25,100,0,10,-15,10,0,-25,-10,273.6186666666667,25,273.6186666666667,10,0
713,1,0,12,1,13,1,-11,0,0,12,-1,-12,144,11,12,6.088,1,6.088,0,12
714,49,0,175,7,32,7,-18,0,0,25,-7,-25,625,18,25,98.19333333333333,7,98.19333333333333,0,25
715,625,625,0,50,25,0,25,625,0,25,0,25,0,-25,-25,461.80133333333333,25,461.80133333333333,25,0
716,121,275,0,36,11,-14,11,625,0,25,14,25,0,-11,-25,162.594,11,162.594,25,0
717,121,275,0,36,11,-14,11,625,0,25,14,25,0,-11,-25,164.06666666666666,11,164.06666666666666,25,0
718,625,0,0,25,25,25,25,0,0,0,-25,0,0,-25,0,149.85866666666666,25,149.85866666666666,0,0
719,625,625,0,50,25,0,25,625,0,25,0,25,0,-25,-25,462.2966666666667,25,462.2966666666667,25,0
720,121,275,0,36,11,-14,11,625,0,25,14,25,0,-11,-25,164.80133333333333,11,164.80133333333333,25,0
721,100,250,0,35,10,-15,10,625,0,25,15,25,0,-10,-25,146.90266666666668,10,146.90266666666668,25,0
722,625,0,0,25,25,25,25,0,0,0,-25,0,0,-25,0,150.1,25,150.1,0,0
723,625,0,0,25,25,25,25,0,0,0,-25,0,0,-25,0,150.00666666666666,25,150.00666666666666,0,0
724,169,0,0,13,13,13,13,0,0,0,-13,0,0,-13,0,39.04266666666667,13,39.04266666666667,0,0
725,1,25,0,26,1,-24,1,625,0,25,24,25,0,-1,-25,12.416666666666666,1,12.416666666666666,25,0
726,1,25,0,26,1,-24,1,625,0,25,24,25,0,-1,-25,12.05,1,12.05,25,0
727,1,0,0,1,1,1,1,0,0,0,-1,0,0,-1,0,0.0,1,0.0,0,0
728,4,0,0,2,2,2,2,0,0,0,-2,0,0,-2,0,0.504,2,0.504,0,0
729,1,0,0,1,1,1,1,0,0,0,-1,0,0,-1,0,0.0,1,0.0,0,0
730,169,0,0,13,13,13,13,0,0,0,-13,0,0,-13,0,38.977333333333334,13,38.977333333333334,0,0
731,625,250,0,35,25,15,25,100,0,10,-15,10,0,-25,-10,274.1426666666667,25,274.1426666666667,10,0
732,256,256,0,32,16,0,16,256,0,16,0,16,0,-16,-16,188.178,16,188.178,16,0
733,121,275,0,36,11,-14,11,625,0,25,14,25,0,-11,-25,163.76333333333332,11,163.76333333333332,25,0
734,100,250,0,35,10,-15,10,625,0,25,15,25,0,-10,-25,146.58266666666665,10,146.58266666666665,25,0
735,625,250,0,35,25,15,25,100,0,10,-15,10,0,-25,-10,274.2866666666667,25,274.2866666666667,10,0
736,625,250,0,35,25,15,25,100,0,10,-15,10,0,-25,-10,274.63866666666667,25,274.63866666666667,10,0
737,625,225,0,34,25,16,25,81,0,9,-16,9,0,-25,-9,262.4986666666667,25,262.4986666666667,9,0
738,625,625,0,50,25,0,25,625,0,25,0,25,0,-25,-25,461.0013333333333,25,461.0013333333333,25,0
739,625,250,0,35,25,15,25,100,0,10,-15,10,0,-25,-10,274.5613333333333,25,274.5613333333333,10,0
740,625,0,0,25,25,25,25,0,0,0,-25,0,0,-25,0,149.91733333333335,25,149.91733333333335,0,0
741,1,0,25,1,26,1,-24,0,0,25,-1,-25,625,24,25,12.316666666666666,1,12.316666666666666,0,25
742,4,0,50,2,27,2,-23,0,0,25,-2,-25,625,23,25,26.097333333333335,2,26.097333333333335,0,25
743,1,0,12,1,13,1,-11,0,0,12,-1,-12,144,11,12,6.112,1,6.112,0,12
744,49,0,133,7,26,7,-12,0,0,19,-7,-19,361,12,19,77.68333333333334,7,77.68333333333334,0,19
745,1,25,0,26,1,-24,1,625,0,25,24,25,0,-1,-25,12.35,1,12.35,25,0
746,625,625,0,50,25,0,25,625,0,25,0,25,0,-25,-25,461.746,25,461.746,25,0
747,625,0,0,25,25,25,25,0,0,0,-25,0,0,-25,0,150.336,25,150.336,0,0
748,289,255,425,32,42,2,-8,225,375,40,-2,-10,625,8,10,782.6933333333334,17,407.6933333333334,15,25
749,1,25,25,26,26,-24,-24,625,625,50,24,0,625,24,0,650.0,1,25.0,25,25
750,4,50,50,27,27,-23,-23,625,625,50,23,0,625,23,0,675.4693333333333,2,50.46933333333334,25,25
751,625,250,0,35,25,15,25,100,0,10,-15,10,0,-25,-10,273.6186666666667,25,273.6186666666667,10,0
752,1,0,12,1,13,1,-11,0,0,12,-1,-12,144,11,12,6.088,1,6.088,0,12
753,49,0,175,7,32,7,-18,0,0,25,-7,-25,625,18,25,98.19333333333333,7,98.19333333333333,0,25
754,625,625,0,50,25,0,25,625,0,25,0,25,0,-25,-25,461.80133333333333,25,461.80133333333333,25,0
755,121,275,0,36,11,-14,11,625,0,25,14,25,0,-11,-25,162.594,11,162.594,25,0
756,121,275,0,36,11,-14,11,625,0,25,14,25,0,-11,-25,164.06666666666666,11,164.06666666666666,25,0
757,625,0,0,25,25,25,25,0,0,0,-25,0,0,-25,0,149.85866666666666,25,149.85866666666666,0,0
758,625,625,0,50,25,0,25,625,0,25,0,25,0,-25,-25,462.2966666666667,25,462.2966666666667,25,0
759,121,275,0,36,11,-14,11,625,0,25,14,25,0,-11,-25,164.80133333333333,11,164.80133333333333,25,0
760,100,250,0,35,10,-15,10,625,0,25,15,25,0,-10,-25,146.90266666666668,10,146.90266666666668,25,0
761,625,0,0,25,25,25,25,0,0,0,-25,0,0,-25,0,150.1,25,150.1,0,0
762,625,0,0,25,25,25,25,0,0,0,-25,0,0,-25,0,150.00666666666666,25,150.00666666666666,0,0
763,169,0,0,13,13,13,13,0,0,0,-13,0,0,-13,0,39.04266666666667,13,39.04266666666667,0,0
764,1,25,0,26,1,-24,1,625,0,25,24,25,0,-1,-25,12.416666666666666,1,12.416666666666666,25,0
765,1,25,0,26,1,-24,1,625,0,25,24,25,0,-1,-25,12.05,1,12.05,25,0
766,1,0,0,1,1,1,1,0,0,0,-1,0,0,-1,0,0.0,1,0.0,0,0
767,4,0,0,2,2,2,2,0,0,0,-2,0,0,-2,0,0.504,2,0.504,0,0
768,1,0,0,1,1,1,1,0,0,0,-1,0,0,-1,0,0.0,1,0.0,0,0
769,169,0,0,13,13,13,13,0,0,0,-13,0,0,-13,0,38.977333333333334,13,38.977333333333334,0,0
770,625,250,0,35,25,15,25,100,0,10,-15,10,0,-25,-10,274.1426666666667,25,274.1426666666667,10,0
771,256,256,0,32,16,0,16,256,0,16,0,16,0,-16,-16,188.178,16,188.178,16,0
772,121,275,0,36,11,-14,11,625,0,25,14,25,0,-11,-25,163.76333333333332,11,163.76333333333332,25,0
773,100,250,0,35,10,-15,10,625,0,25,15,25,0,-10,-25,146.58266666666665,10,146.58266666666665,25,0
774,625,250,0,35,25,15,25,100,0,10,-15,10,0,-25,-10,274.2866666666667,25,274.2866666666667,10,0
775,625,250,0,35,25,15,25,100,0,10,-15,10,0,-25,-10,274.63866666666667,25,274.63866666666667,10,0
776,625,225,0,34,25,16,25,81,0,9,-16,9,0,-25,-9,262.4986666666667,25,262.4986666666667,9,0
777,625,625,0,50,25,0,25,625,0,25,0,25,0,-25,-25,461.0013333333333,25,461.0013333333333,25,0
778,625,250,0,35,25,15,25,100,0,10,-15,10,0,-25,-10,274.5613333333333,25,274.5613333333333,10,0
779,625,0,0,25,25,25,25,0,0,0,-25,0,0,-25,0,149.91733333333335,25,149.91733333333335,0,0
780,1,0,25,1,26,1,-24,0,0,25,-1,-25,625,24,25,12.316666666666666,1,12.316666666666666,0,25
781,4,0,50,2,27,2,-23,0,0,25,-2,-25,625,23,25,26.097333333333335,2,26.097333333333335,0,25
782,1,0,12,1,13,1,-11,0,0,12,-1,-12,144,11,12,6.112,1,6.112,0,12
783,49,0,133,7,26,7,-12,0,0,19,-7,-19,361,12,19,77.68333333333334,7,77.68333333333334,0,19
784,1,25,0,26,1,-24,1,625,0,25,24,25,0,-1,-25,12.35,1,12.35,25,0
785,625,625,0,50,25,0,25,625,0,25,0,25,0,-25,-25,461.746,25,461.746,25,0
786,625,0,0,25,25,25,25,0,0,0,-25,0,0,-25,0,150.336,25,150.336,0,0
787,289,255,425,32,42,2,-8,225,375,40,-2,-10,625,8,10,782.6933333333334,17,407.6933333333334,15,25
788,1,25,25,26,26,-24,-24,625,625,50,24,0,625,24,0,650.0,1,25.0,25,25
789,4,50,50,27,27,-23,-23,625,625,50,23,0,625,23,0,675.4693333333333,2,50.46933333333334,25,25
790,625,250,0,35,25,15,25,100,0,10,-15,10,0,-25,-10,273.6186666666667,25,273.6186666666667,10,0
791,1,0,12,1,13,1,-11,0,0,12,-1,-12,144,11,12,6.088,1,6.088,0,12
792,49,0,175,7,32,7,-18,0,0,25,-7,-25,625,18,25,98.19333333333333,7,98.19333333333333,0,25
793,625,625,0,50,25,0,25,625,0,25,0,25,0,-25,-25,461.80133333333333,25,461.80133333333333,25,0
794,121,275,0,36,11,-14,11,625,0,25,14,25,0,-11,-25,162.594,11,162.594,25,0
795,121,275,0,36,11,-14,11,625,0,25,14,25,0,-11,-25,164.06666666666666,11,164.06666666666666,25,0
796,625,0,0,25,25,25,25,0,0,0,-25,0,0,-25,0,149.85866666666666,25,149.85866666666666,0,0
797,625,625,0,50,25,0,25,625,0,25,0,25,0,-25,-25,462.2966666666667,25,462.2966666666667,25,0
798,121,275,0,36,11,-14,11,625,0,25,14,25,0,-11,-25,164.80133333333333,11,164.80133333333333,25,0
799,100,250,0,35,10,-15,10,625,0,25,15,25,0,-10,-25,146.90266666666668,10,146.90266666666668,25,0
800,625,0,0,25,25,25,25,0,0,0,-25,0,0,-25,0,150.1,25,150.1,0,0
801,625,0,0,25,25,25,25,0,0,0,-25,0,0,-25,0,150.00666666666666,25,150.00666666666666,0,0
802,169,0,0,13,13,13,13,0,0,0,-13,0,0,-13,0,39.04266666666667,13,39.04266666666667,0,0
803,1,25,0,26,1,-24,1,625,0,25,24,25,0,-1,-25,12.416666666666666,1,12.416666666666666,25,0
804,1,25,0,26,1,-24,1,625,0,25,24,25,0,-1,-25,12.05,1,12.05,25,0
805,1,0,0,1,1,1,1,0,0,0,-1,0,0,-1,0,0.0,1,0.0,0,0
806,4,0,0,2,2,2,2,0,0,0,-2,0,0,-2,0,0.504,2,0.504,0,0
807,1,0,0,1,1,1,1,0,0,0,-1,0,0,-1,0,0.0,1,0.0,0,0
808,169,0,0,13,13,13,13,0,0,0,-13,0,0,-13,0,38.977333333333334,13,38.977333333333334,0,0
809,625,250,0,35,25,15,25,100,0,10,-15,10,0,-25,-10,274.1426666666667,25,274.1426666666667,10,0
810,256,256,0,32,16,0,16,256,0,16,0,16,0,-16,-16,188.178,16,188.178,16,0
811,121,275,0,36,11,-14,11,625,0,25,14,25,0,-11,-25,163.76333333333332,11,163.76333333333332,25,0
812,100,250,0,35,10,-15,10,625,0,25,15,25,0,-10,-25,146.58266666666665,10,146.58266666666665,25,0
813,625,250,0,35,25,15,25,100,0,10,-15,10,0,-25,-10,274.2866666666667,25,274.2866666666667,10,0
814,625,250,0,35,25,15,25,100,0,10,-15,10,0,-25,-10,274.63866666666667,25,274.63866666666667,10,0
815,625,225,0,34,25,16,25,81,0,9,-16,9,0,-25,-9,262.4986666666667,25,262.4986666666667,9,0
816,625,625,0,50,25,0,25,625,0,25,0,25,0,-25,-25,461.0013333333333,25,461.0013333333333,25,0
817,625,250,0,35,25,15,25,100,0,10,-15,10,0,-25,-10,274.5613333333333,25,274.5613333333333,10,0
818,625,0,0,25,25,25,25,0,0,0,-25,0,0,-25,0,149.91733333333335,25,149.91733333333335,0,0
819,1,0,25,1,26,1,-24,0,0,25,-1,-25,625,24,25,12.316666666666666,1,12.316666666666666,0,25
820,4,0,50,2,27,2,-23,0,0,25,-2,-25,625,23,25,26.097333333333335,2,26.097333333333335,0,25
821,1,0,12,1,13,1,-11,0,0,12,-1,-12,144,11,12,6.112,1,6.112,0,12
822,49,0,133,7,26,7,-12,0,0,19,-7,-19,361,12,19,77.68333333333334,7,77.68333333333334,0,19
823,1,25,0,26,1,-24,1,625,0,25,24,25,0,-1,-25,12.35,1,12.35,25,0
824,625,625,0,50,25,0,25,625,0,25,0,25,0,-25,-25,461.746,25,461.746,25,0
825,625,0,0,25,25,25,25,0,0,0,-25,0,0,-25,0,150.336,25,150.336,0,0
826,289,255,425,32,42,2,-8,225,375,40,-2,-10,625,8,10,782.6933333333334,17,407.6933333333334,15,25
827,1,25,25,26,26,-24,-24,625,625,50,24,0,625,24,0,650.0,1,25.0,25,25
828,4,50,50,27,27,-23,-23,625,625,50,23,0,625,23,0,675.4693333333333,2,50.46933333333334,25,25
829,625,250,0,35,25,15,25,100,0,10,-15,10,0,-25,-10,273.6186666666667,25,273.6186666666667,10,0
830,1,0,12,1,13,1,-11,0,0,12,-1,-12,144,11,12,6.088,1,6.088,0,12
831,49,0,175,7,32,7,-18,0,0,25,-7,-25,625,18,25,98.19333333333333,7,98.19333333333333,0,25
832,625,625,0,50,25,0,25,625,0,25,0,25,0,-25,-25,461.80133333333333,25,461.80133333333333,25,0
833,121,275,0,36,11,-14,11,625,0,25,14,25,0,-11,-25,162.594,11,162.594,25,0
834,121,275,0,36,11,-14,11,625,0,25,14,25,0,-11,-25,164.06666666666666,11,164.06666666666666,25,0
835,625,0,0,25,25,25,25,0,0,0,-25,0,0,-25,0,149.85866666666666,25,149.85866666666666,0,0
836,625,625,0,50,25,0,25,625,0,25,0,25,0,-25,-25,462.2966666666667,25,462.2966666666667,25,0
837,121,275,0,36,11,-14,11,625,0,25,14,25,0,-11,-25,164.80133333333333,11,164.80133333333333,25,0
838,100,250,0,35,10,-15,10,625,0,25,15,25,0,-10,-25,146.90266666666668,10,146.90266666666668,25,0
839,625,0,0,25,25,25,25,0,0,0,-25,0,0,-25,0,150.1,25,150.1,0,0
840,625,0,0,25,25,25,25,0,0,0,-25,0,0,-25,0,150.00666666666666,25,150.00666666666666,0,0
841,169,0,0,13,13,13,13,0,0,0,-13,0,0,-13,0,39.04266666666667,13,39.04266666666667,0,0
842,1,25,0,26,1,-24,1,625,0,25,24,25,0,-1,-25,12.416666666666666,1,12.416666666666666,25,0
843,1,25,0,26,1,-24,1,625,0,25,24,25,0,-1,-25,12.05,1,12.05,25,0
844,1,0,0,1,1,1,1,0,0,0,-1,0,0,-1,0,0.0,1,0.0,0,0
845,4,0,0,2,2,2,2,0,0,0,-2,0,0,-2,0,0.504,2,0.504,0,0
846,1,0,0,1,1,1,1,0,0,0,-1,0,0,-1,0,0.0,1,0.0,0,0
847,169,0,0,13,13,13,13,0,0,0,-13,0,0,-13,0,38.977333333333334,13,38.977333333333334,0,0
848,625,250,0,35,25,15,25,100,0,10,-15,10,0,-25,-10,274.1426666666667,25,274.1426666666667,10,0
849,256,256,0,32,16,0,16,256,0,16,0,16,0,-16,-16,188.178,16,188.178,16,0
850,121,275,0,36,11,-14,11,625,0,25,14,25,0,-11,-25,163.76333333333332,11,163.76333333333332,25,0
851,100,250,0,35,10,-15,10,625,0,25,15,25,0,-10,-25,146.58266666666665,10,146.58266666666665,25,0
852,625,250,0,35,25,15,25,100,0,10,-15,10,0,-25,-10,274.2866666666667,25,274.2866666666667,10,0
853,625,250,0,35,25,15,25,100,0,10,-15,10,0,-25,-10,274.63866666666667,25,274.63866666666667,10,0
854,625,225,0,34,25,16,25,81,0,9,-16,9,0,-25,-9,262.4986666666667,25,262.4986666666667,9,0
855,625,625,0,50,25,0,25,625,0,25,0,25,0,-25,-25,461.0013333333333,25,461.0013333333333,25,0
856,625,250,0,35,25,15,25,100,0,10,-15,10,0,-25,-10,274.5613333333333,25,274.5613333333333,10,0
857,625,0,0,25,25,25,25,0,0,0,-25,0,0,-25,0,149.91733333333335,25,149.91733333333335,0,0
858,1,0,25,1,26,1,-24,0,0,25,-1,-25,625,24,25,12.316666666666666,1,12.316666666666666,0,25
859,4,0,50,2,27,2,-23,0,0,25,-2,-25,625,23,25,26.097333333333335,2,26.097333333333335,0,25
860,1,0,12,1,13,1,-11,0,0,12,-1,-12,144,11,12,6.112,1,6.112,0,12
861,49,0,133,7,26,7,-12,0,0,19,-7,-19,361,12,19,77.68333333333334,7,77.68333333333334,0,19
862,1,25,0,26,1,-24,1,625,0,25,24,25,0,-1,-25,12.35,1,12.35,25,0
863,625,625,0,50,25,0,25,625,0,25,0,25,0,-25,-25,461.746,25,461.746,25,0
864,625,0,0,25,25,25,25,0,0,0,-25,0,0,-25,0,150.336,25,150.336,0,0
865,289,255,425,32,42,2,-8,225,375,40,-2,-10,625,8,10,782.6933333333334,17,407.6933333333334,15,25
866,1,25,25,26,26,-24,-24,625,625,50,24,0,625,24,0,650.0,1,25.0,25,25
867,4,50,50,27,27,-23,-23,625,625,50,23,0,625,23,0,675.4693333333333,2,50.46933333333334,25,25
868,625,250,0,35,25,15,25,100,0,10,-15,10,0,-25,-10,273.6186666666667,25,273.6186666666667,10,0
869,1,0,12,1,13,1,-11,0,0,12,-1,-12,144,11,12,6.088,1,6.088,0,12
870,49,0,175,7,32,7,-18,0,0,25,-7,-25,625,18,25,98.19333333333333,7,98.19333333333333,0,25
871,625,625,0,50,25,0,25,625,0,25,0,25,0,-25,-25,461.80133333333333,25,461.80133333333333,25,0
872,121,275,0,36,11,-14,11,625,0,25,14,25,0,-11,-25,162.594,11,162.594,25,0
873,121,275,0,36,11,-14,11,625,0,25,14,25,0,-11,-25,164.06666666666666,11,164.06666666666666,25,0
874,625,0,0,25,25,25,25,0,0,0,-25,0,0,-25,0,149.85866666666666,25,149.85866666666666,0,0
875,625,625,0,50,25,0,25,625,0,25,0,25,0,-25,-25,462.2966666666667,25,462.2966666666667,25,0
876,121,275,0,36,11,-14,11,625,0,25,14,25,0,-11,-25,164.80133333333333,11,164.80133333333333,25,0
877,100,250,0,35,10,-15,10,625,0,25,15,25,0,-10,-25,146.90266666666668,10,146.90266666666668,25,0
878,625,0,0,25,25,25,25,0,0,0,-25,0,0,-25,0,150.1,25,150.1,0,0
879,625,0,0,25,25,25,25,0,0,0,-25,0,0,-25,0,150.00666666666666,25,150.00666666666666,0,0
880,169,0,0,13,13,13,13,0,0,0,-13,0,0,-13,0,39.04266666666667,13,39.04266666666667,0,0
881,1,25,0,26,1,-24,1,625,0,25,24,25,0,-1,-25,12.416666666666666,1,12.416666666666666,25,0
882,1,25,0,26,1,-24,1,625,0,25,24,25,0,-1,-25,12.05,1,12.05,25,0
883,1,0,0,1,1,1,1,0,0,0,-1,0,0,-1,0,0.0,1,0.0,0,0
884,4,0,0,2,2,2,2,0,0,0,-2,0,0,-2,0,0.504,2,0.504,0,0
885,1,0,0,1,1,1,1,0,0,0,-1,0,0,-1,0,0.0,1,0.0,0,0
886,169,0,0,13,13,13,13,0,0,0,-13,0,0,-13,0,38.977333333333334,13,38.977333333333334,0,0
887,625,250,0,35,25,15,25,100,0,10,-15,10,0,-25,-10,274.1426666666667,25,274.1426666666667,10,0
888,256,256,0,32,16,0,16,256,0,16,0,16,0,-16,-16,188.178,16,188.178,16,0
889,121,275,0,36,11,-14,11,625,0,25,14,25,0,-11,-25,163.76333333333332,11,163.76333333333332,25,0
890,100,250,0,35,10,-15,10,625,0,25,15,25,0,-10,-25,146.58266666666665,10,146.58266666666665,25,0
891,625,250,0,35,25,15,25,100,0,10,-15,10,0,-25,-10,274.2866666666667,25,274.2866666666667,10,0
892,625,250,0,35,25,15,25,100,0,10,-15,10,0,-25,-10,274.63866666666667,25,274.63866666666667,10,0
893,625,225,0,34,25,16,25,81,0,9,-16,9,0,-25,-9,262.4986666666667,25,262.4986666666667,9,0
894,625,625,0,50,25,0,25,625,0,25,0,25,0,-25,-25,461.0013333333333,25,461.0013333333333,25,0
895,625,250,0,35,25,15,25,100,0,10,-15,10,0,-25,-10,274.5613333333333,25,274.5613333333333,10,0
896,625,0,0,25,25,25,25,0,0,0,-25,0,0,-25,0,149.91733333333335,25,149.91733333333335,0,0
897,1,0,25,1,26,1,-24,0,0,25,-1,-25,625,24,25,12.316666666666666,1,12.316666666666666,0,25
898,4,0,50,2,27,2,-23,0,0,25,-2,-25,625,23,25,26.097333333333335,2,26.097333333333335,0,25
899,1,0,12,1,13,1,-11,0,0,12,-1,-12,144,11,12,6.112,1,6.112,0,12
900,49,0,133,7,26,7,-12,0,0,19,-7,-19,361,12,19,77.68333333333334,7,77.68333333333334,0,19
901,1,25,0,26,1,-24,1,625,0,25,24,25,0,-1,-25,12.35,1,12.35,25,0
902,625,625,0,50,25,0,25,625,0,25,0,25,0,-25,-25,461.746,25,461.746,25,0
903,625,0,0,25,25,25,25,0,0,0,-25,0,0,-25,0,150.336,25,150.336,0,0
904,289,255,425,32,42,2,-8,225,375,40,-2,-10,625,8,10,782.6933333333334,17,407.6933333333334,15,25
905,1,25,25,26,26,-24,-24,625,625,50,24,0,625,24,0,650.0,1,25.0,25,25
906,4,50,50,27,27,-23,-23,625,625,50,23,0,625,23,0,675.4693333333333,2,50.46933333333334,25,25
907,625,250,0,35,25,15,25,100,0,10,-15,10,0,-25,-10,273.6186666666667,25,273.6186666666667,10,0
908,1,0,12,1,13,1,-11,0,0,12,-1,-12,144,11,12,6.088,1,6.088,0,12
909,49,0,175,7,32,7,-18,0,0,25,-7,-25,625,18,25,98.19333333333333,7,98.19333333333333,0,25
910,625,625,0,50,25,0,25,625,0,25,0,25,0,-25,-25,461.80133333333333,25,461.80133333333333,25,0
911,121,275,0,36,11,-14,11,625,0,25,14,25,0,-11,-25,162.594,11,162.594,25,0
912,121,275,0,36,11,-14,11,625,0,25,14,25,0,-11,-25,164.06666666666666,11,164.06666666666666,25,0
913,625,0,0,25,25,25,25,0,0,0,-25,0,0,-25,0,149.85866666666666,25,149.85866666666666,0,0
914,625,625,0,50,25,0,25,625,0,25,0,25,0,-25,-25,462.2966666666667,25,462.2966666666667,25,0
915,121,275,0,36,11,-14,11,625,0,25,14,25,0,-11,-25,164.80133333333333,11,164.80133333333333,25,0
916,100,250,0,35,10,-15,10,625,0,25,15,25,0,-10,-25,146.90266666666668,10,146.90266666666668,25,0
917,625,0,0,25,25,25,25,0,0,0,-25,0,0,-25,0,150.1,25,150.1,0,0
918,625,0,0,25,25,25,25,0,0,0,-25,0,0,-25,0,150.00666666666666,25,150.00666666666666,0,0
919,169,0,0,13,13,13,13,0,0,0,-13,0,0,-13,0,39.04266666666667,13,39.04266666666667,0,0
920,1,25,0,26,1,-24,1,625,0,25,24,25,0,-1,-25,12.416666666666666,1,12.416666666666666,25,0
921,1,25,0,26,1,-24,1,625,0,25,24,25,0,-1,-25,12.05,1,12.05,25,0
922,1,0,0,1,1,1,1,0,0,0,-1,0,0,-1,0,0.0,1,0.0,0,0
923,4,0,0,2,2,2,2,0,0,0,-2,0,0,-2,0,0.504,2,0.504,0,0
924,1,0,0,1,1,1,1,0,0,0,-1,0,0,-1,0,0.0,1,0.0,0,0
925,169,0,0,13,13,13,13,0,0,0,-13,0,0,-13,0,38.977333333333334,13,38.977333333333334,0,0
926,625,250,0,35,25,15,25,100,0,10,-15,10,0,-25,-10,274.1426666666667,25,274.1426666666667,10,0
927,256,256,0,32,16,0,16,256,0,16,0,16,0,-16,-16,188.178,16,188.178,16,0
928,121,275,0,36,11,-14,11,625,0,25,14,25,0,-11,-25,163.76333333333332,11,163.76333333333332,25,0
929,100,250,0,35,10,-15,10,625,0,25,15,25,0,-10,-25,146.58266666666665,10,146.58266666666665,25,0
930,625,250,0,35,25,15,25,100,0,10,-15,10,0,-25,-10,274.2866666666667,25,274.2866666666667,10,0
931,625,250,0,35,25,15,25,100,0,10,-15,10,0,-25,-10,274.63866666666667,25,274.63866666666667,10,0
932,625,225,0,34,25,16,25,81,0,9,-16,9,0,-25,-9,262.4986666666667,25,262.4986666666667,9,0
933,625,625,0,50,25,0,25,625,0,25,0,25,0,-25,-25,461.0013333333333,25,461.0013333333333,25,0
934,625,250,0,35,25,15,25,100,0,10,-15,10,0,-25,-10,274.5613333333333,25,274.5613333333333,10,0
935,625,0,0,25,25,25,25,0,0,0,-25,0,0,-25,0,149.91733333333335,25,149.91733333333335,0,0
936,1,0,25,1,26,1,-24,0,0,25,-1,-25,625,24,25,12.316666666666666,1,12.316666666666666,0,25
937,4,0,50,2,27,2,-23,0,0,25,-2,-25,625,23,25,26.097333333333335,2,26.097333333333335,0,25
938,1,0,12,1,13,1,-11,0,0,12,-1,-12,144,11,12,6.112,1,6.112,0,12
939,49,0,133,7,26,7,-12,0,0,19,-7,-19,361,12,19,77.68333333333334,7,77.68333333333334,0,19
940,1,25,0,26,1,-24,1,625,0,25,24,25,0,-1,-25,12.35,1,12.35,25,0
941,625,625,0,50,25,0,25,625,0,25,0,25,0,-25,-25,461.746,25,461.746,25,0
942,625,0,0,25,25,25,25,0,0,0,-25,0,0,-25,0,150.336,25,150.336,0,0
943,289,255,425,32,42,2,-8,225,375,40,-2,-10,625,8,10,782.6933333333334,17,407.6933333333334,15,25
944,1,25,25,26,26,-24,-24,625,625,50,24,0,625,24,0,650.0,1,25.0,25,25
945,4,50,50,27,27,-23,-23,625,625,50,23,0,625,23,0,675.4693333333333,2,50.46933333333334,25,25
946,625,250,0,35,25,15,25,100,0,10,-15,10,0,-25,-10,273.6186666666667,25,273.6186666666667,10,0
947,1,0,12,1,13,1,-11,0,0,12,-1,-12,144,11,12,6.088,1,6.088,0,12
948,49,0,175,7,32,7,-18,0,0,25,-7,-25,625,18,25,98.19333333333333,7,98.19333333333333,0,25
949,625,625,0,50,25,0,25,625,0,25,0,25,0,-25,-25,461.80133333333333,25,461.80133333333333,25,0
950,121,275,0,36,11,-14,11,625,0,25,14,25,0,-11,-25,162.594,11,162.594,25,0
951,121,275,0,36,11,-14,11,625,0,25,14,25,0,-11,-25,164.06666666666666,11,164.06666666666666,25,0
952,625,0,0,25,25,25,25,0,0,0,-25,0,0,-25,0,149.85866666666666,25,149.85866666666666,0,0
953,625,625,0,50,25,0,25,625,0,25,0,25,0,-25,-25,462.2966666666667,25,462.2966666666667,25,0
954,121,275,0,36,11,-14,11,625,0,25,14,25,0,-11,-25,164.80133333333333,11,164.80133333333333,25,0
955,100,250,0,35,10,-15,10,625,0,25,15,25,0,-10,-25,146.90266666666668,10,146.90266666666668,25,0
956,625,0,0,25,25,25,25,0,0,0,-25,0,0,-25,0,150.1,25,150.1,0,0
957,625,0,0,25,25,25,25,0,0,0,-25,0,0,-25,0,150.00666666666666,25,150.00666666666666,0,0
958,169,0,0,13,13,13,13,0,0,0,-13,0,0,-13,0,39.04266666666667,13,39.04266666666667,0,0
959,1,25,0,26,1,-24,1,625,0,25,24,25,0,-1,-25,12.416666666666666,1,12.416666666666666,25,0
960,1,25,0,26,1,-24,1,625,0,25,24,25,0,-1,-25,12.05,1,12.05,25,0
961,1,0,0,1,1,1,1,0,0,0,-1,0,0,-1,0,0.0,1,0.0,0,0
962,4,0,0,2,2,2,2,0,0,0,-2,0,0,-2,0,0.504,2,0.504,0,0
963,1,0,0,1,1,1,1,0,0,0,-1,0,0,-1,0,0.0,1,0.0,0,0
964,169,0,0,13,13,13,13,0,0,0,-13,0,0,-13,0,38.977333333333334,13,38.977333333333334,0,0
965,625,250,0,35,25,15,25,100,0,10,-15,10,0,-25,-10,274.1426666666667,25,274.1426666666667,10,0
966,256,256,0,32,16,0,16,256,0,16,0,16,0,-16,-16,188.178,16,188.178,16,0
967,121,275,0,36,11,-14,11,625,0,25,14,25,0,-11,-25,163.76333333333332,11,163.76333333333332,25,0
968,100,250,0,35,10,-15,10,625,0,25,15,25,0,-10,-25,146.58266666666665,10,146.58266666666665,25,0
969,625,250,0,35,25,15,25,100,0,10,-15,10,0,-25,-10,274.2866666666667,25,274.2866666666667,10,0
970,625,250,0,35,25,15,25,100,0,10,-15,10,0,-25,-10,274.63866666666667,25,274.63866666666667,10,0
971,625,225,0,34,25,16,25,81,0,9,-16,9,0,-25,-9,262.4986666666667,25,262.4986666666667,9,0
972,625,625,0,50,25,0,25,625,0,25,0,25,0,-25,-25,461.0013333333333,25,461.0013333333333,25,0
973,625,250,0,35,25,15,25,100,0,10,-15,10,0,-25,-10,274.5613333333333,25,274.5613333333333,10,0
974,625,0,0,25,25,25,25,0,0,0,-25,0,0,-25,0,149.91733333333335,25,149.91733333333335,0,0
975,1,0,25,1,26,1,-24,0,0,25,-1,-25,625,24,25,12.316666666666666,1,12.316666666666666,0,25
976,4,0,50,2,27,2,-23,0,0,25,-2,-25,625,23,25,26.097333333333335,2,26.097333333333335,0,25
977,1,0,12,1,13,1,-11,0,0,12,-1,-12,144,11,12,6.112,1,6.112,0,12
978,49,0,133,7,26,7,-12,0,0,19,-7,-19,361,12,19,77.68333333333334,7,77.68333333333334,0,19
979,1,25,0,26,1,-24,1,625,0,25,24,25,0,-1,-25,12.35,1,12.35,25,0
980,625,625,0,50,25,0,25,625,0,25,0,25,0,-25,-25,461.746,25,461.746,25,0
981,625,0,0,25,25,25,25,0,0,0,-25,0,0,-25,0,150.336,25,150.336,0,0
982,289,255,425,32,42,2,-8,225,375,40,-2,-10,625,8,10,782.6933333333334,17,407.6933333333334,15,25
983,1,25,25,26,26,-24,-24,625,625,50,24,0,625,24,0,650.0,1,25.0,25,25
984,4,50,50,27,27,-23,-23,625,625,50,23,0,625,23,0,675.4693333333333,2,50.46933333333334,25,25
985,625,250,0,35,25,15,25,100,0,10,-15,10,0,-25,-10,273.6186666666667,25,273.6186666666667,10,0
986,1,0,12,1,13,1,-11,0,0,12,-1,-12,144,11,12,6.088,1,6.088,0,12
987,49,0,175,7,32,7,-18,0,0,25,-7,-25,625,18,25,98.19333333333333,7,98.19333333333333,0,25
988,625,625,0,50,25,0,25,625,0,25,0,25,0,-25,-25,461.80133333333333,25,461.80133333333333,25,0
989,121,275,0,36,11,-14,11,625,0,25,14,25,0,-11,-25,162.594,11,162.594,25,0
990,121,275,0,36,11,-14,11,625,0,25,14,25,0,-11,-25,164.06666666666666,11,164.06666666666666,25,0
991,625,0,0,25,25,25,25,0,0,0,-25,0,0,-25,0,149.85866666666666,25,149.85866666666666,0,0
992,625,625,0,50,25,0,25,625,0,25,0,25,0,-25,-25,462.2966666666667,25,462.2966666666667,25,0
993,121,275,0,36,11,-14,11,625,0,25,14,25,0,-11,-25,164.80133333333333,11,164.80133333333333,25,0
994,100,250,0,35,10,-15,10,625,0,25,15,25,0,-10,-25,146.90266666666668,10,146.90266666666668,25,0
995,625,0,0,25,25,25,25,0,0,0,-25,0,0,-25,0,150.1,25,150.1,0,0
996,625,0,0,25,25,25,25,0,0,0,-25,0,0,-25,0,150.00666666666666,25,150.00666666666666,0,0
997,169,0,0,13,13,13,13,0,0,0,-13,0,0,-13,0,39.04266666666667,13,39.04266666666667,0,0
998,1,25,0,26,1,-24,1,625,0,25,24,25,0,-1,-25,12.416666666666666,1,12.416666666666666,25,0
999,1,25,0,26,1,-24,1,625,0,25,24,25,0,-1,-25,12.05,1,12.05,25,0
1000,1,0,0,1,1,1,1,0,0,0,-1,0,0,-1,0,0.0,1,0.0,0,0
1001,4,0,0,2,2,2,2,0,0,0,-2,0,0,-2,0,0.504,2,0.504,0,0
1002,1,0,0,1,1,1,1,0,0,0,-1,0,0,-1,0,0.0,1,0.0,0,0
1003,169,0,0,13,13,13,13,0,0,0,-13,0,0,-13,0,38.977333333333334,13,38.977333333333334,0,0
1004,625,250,0,35,25,15,25,100,0,10,-15,10,0,-25,-10,274.1426666666667,25,274.1426666666667,10,0
1005,256,256,0,32,16,0,16,256,0,16,0,16,0,-16,-16,188.178,16,188.178,16,0
1006,121,275,0,36,11,-14,11,625,0,25,14,25,0,-11,-25,163.76333333333332,11,163.76333333333332,25,0
1007,100,250,0,35,10,-15,10,625,0,25,15,25,0,-10,-25,146.58266666666665,10,146.58266666666665,25,0
1008,625,250,0,35,25,15,25,100,0,10,-15,10,0,-25,-10,274.2866666666667,25,274.2866666666667,10,0
1009,625,250,0,35,25,15,25,100,0,10,-15,10,0,-25,-10,274.63866666666667,25,274.63866666666667,10,0
1010,625,225,0,34,25,16,25,81,0,9,-16,9,0,-25,-9,262.4986666666667,25,262.4986666666667,9,0
1011,625,625,0,50,25,0,25,625,0,25,0,25,0,-25,-25,461.0013333333333,25,461.0013333333333,25,0
1012,625,250,0,35,25,15,25,100,0,10,-15,10,0,-25,-10,274.5613333333333,25,274.5613333333333,10,0
1013,625,0,0,25,25,25,25,0,0,0,-25,0,0,-25,0,149.91733333333335,25,149.91733333333335,0,0
1014,1,0,25,1,26,1,-24,0,0,25,-1,-25,625,24,25,12.316666666666666,1,12.316666666666666,0,25
1015,4,0,50,2,27,2,-23,0,0,25,-2,-25,625,23,25,26.097333333333335,2,26.097333333333335,0,25
1016,1,0,12,1,13,1,-11,0,0,12,-1,-12,144,11,12,6.112,1,6.112,0,12
1017,49,0,133,7,26,7,-12,0,0,19,-7,-19,361,12,19,77.68333333333334,7,77.68333333333334,0,19
1018,1,25,0,26,1,-24,1,625,0,25,24,25,0,-1,-25,12.35,1,12.35,25,0
1019,625,625,0,50,25,0,25,625,0,25,0,25,0,-25,-25,461.746,25,461.746,25,0
1020,625,0,0,25,25,25,25,0,0,0,-25,0,0,-25,0,150.336,25,150.336,0,0
1021,289,255,425,32,42,2,-8,225,375,40,-2,-10,625,8,10,782.6933333333334,17,407.6933333333334,15,25
1022,1,25,25,26,26,-24,-24,625,625,50,24,0,625,24,0,650.0,1,25.0,25,25
1023,4,50,50,27,27,-23,-23,625,625,50,23,0,625,23,0,675.4693333333333,2,50.46933333333334,25,25
1024,625,250,0,35,25,15,25,100,0,10,-15,10,0,-25,-10,273.6186666666667,25,273.6186666666667,10,0
1025,1,0,12,1,13,1,-11,0,0,12,-1,-12,144,11,12,6.088,1,6.088,0,12
1026,49,0,175,7,32,7,-18,0,0,25,-7,-25,625,18,25,98.19333333333333,7,98.19333333333333,0,25
1027,625,625,0,50,25,0,25,625,0,25,0,25,0,-25,-25,461.80133333333333,25,461.80133333333333,25,0
1028,121,275,0,36,11,-14,11,625,0,25,14,25,0,-11,-25,162.594,11,162.594,25,0
1029,121,275,0,36,11,-14,11,625,0,25,14,25,0,-11,-25,164.06666666666666,11,164.06666666666666,25,0
1030,625,0,0,25,25,25,25,0,0,0,-25,0,0,-25,0,149.85866666666666,25,149.85866666666666,0,0
1031,625,625,0,50,25,0,25,625,0,25,0,25,0,-25,-25,462.2966666666667,25,462.2966666666667,25,0
1032,121,275,0,36,11,-14,11,625,0,25,14,25,0,-11,-25,164.80133333333333,11,164.80133333333333,25,0
1033,100,250,0,35,10,-15,10,625,0,25,15,25,0,-10,-25,146.90266666666668,10,146.90266666666668,25,0
1034,625,0,0,25,25,25,25,0,0,0,-25,0,0,-25,0,150.1,25,150.1,0,0
1035,625,0,0,25,25,25,25,0,0,0,-25,0,0,-25,0,150.00666666666666,25,150.00666666666666,0,0
1036,169,0,0,13,13,13,13,0,0,0,-13,0,0,-13,0,39.04266666666667,13,39.04266666666667,0,0
1037,1,25,0,26,1,-24,1,625,0,25,24,25,0,-1,-25,12.416666666666666,1,12.416666666666666,25,0
1038,1,25,0,26,1,-24,1,625,0,25,24,25,0,-1,-25,12.05,1,12.05,25,0
1039,1,0,0,1,1,1,1,0,0,0,-1,0,0,-1,0,0.0,1,0.0,0,0
1040,4,0,0,2,2,2,2,0,0,0,-2,0,0,-2,0,0.504,2,0.504,0,0
1041,1,0,0,1,1,1,1,0,0,0,-1,0,0,-1,0,0.0,1,0.0,0,0
1042,169,0,0,13,13,13,13,0,0,0,-13,0,0,-13,0,38.977333333333334,13,38.977333333333334,0,0
1043,625,250,0,35,25,15,25,100,0,10,-15,10,0,-25,-10,274.1426666666667,25,274.1426666666667,10,0
1044,256,256,0,32,16,0,16,256,0,16,0,16,0,-16,-16,188.178,16,188.178,16,0
1045,121,275,0,36,11,-14,11,625,0,25,14,25,0,-11,-25,163.76333333333332,11,163.76333333333332,25,0
1046,100,250,0,35,10,-15,10,625,0,25,15,25,0,-10,-25,146.58266666666665,10,146.58266666666665,25,0
1047,625,250,0,35,25,15,25,100,0,10,-15,10,0,-25,-10,274.2866666666667,25,274.2866666666667,10,0
1048,625,250,0,35,25,15,25,100,0,10,-15,10,0,-25,-10,274.63866666666667,25,274.63866666666667,10,0
1049,625,225,0,34,25,16,25,81,0,9,-16,9,0,-25,-9,262.4986666666667,25,262.4986666666667,9,0
1050,625,625,0,50,25,0,25,625,0,25,0,25,0,-25,-25,461.0013333333333,25,461.0013333333333,25,0
1051,625,250,0,35,25,15,25,100,0,10,-15,10,0,-25,-10,274.5613333333333,25,274.5613333333333,10,0
1052,625,0,0,25,25,25,25,0,0,0,-25,0,0,-25,0,149.91733333333335,25,149.91733333333335,0,0
1053,1,0,25,1,26,1,-24,0,0,25,-1,-25,625,24,25,12.316666666666666,1,12.316666666666666,0,25
1054,4,0,50,2,27,2,-23,0,0,25,-2,-25,625,23,25,26.097333333333335,2,26.097333333333335,0,25
1055,1,0,12,1,13,1,-11,0,0,12,-1,-12,144,11,12,6.112,1,6.112,0,12
1056,49,0,133,7,26,7,-12,0,0,19,-7,-19,361,12,19,77.68333333333334,7,77.68333333333334,0,19
1057,1,25,0,26,1,-24,1,625,0,25,24,25,0,-1,-25,12.35,1,12.35,25,0
1058,625,625,0,50,25,0,25,625,0,25,0,25,0,-25,-25,461.746,25,461.746,25,0
1059,625,0,0,25,25,25,25,0,0,0,-25,0,0,-25,0,150.336,25,150.336,0,0
1060,289,255,425,32,42,2,-8,225,375,40,-2,-10,625,8,10,782.6933333333334,17,407.6933333333334,15,25
1061,1,25,25,26,26,-24,-24,625,625,50,24,0,625,24,0,650.0,1,25.0,25,25
1062,4,50,50,27,27,-23,-23,625,625,50,23,0,625,23,0,675.4693333333333,2,50.46933333333334,25,25
1063,625,250,0,35,25,15,25,100,0,10,-15,10,0,-25,-10,273.6186666666667,25,273.6186666666667,10,0
1064,1,0,12,1,13,1,-11,0,0,12,-1,-12,144,11,12,6.088,1,6.088,0,12
1065,49,0,175,7,32,7,-18,0,0,25,-7,-25,625,18,25,98.19333333333333,7,98.19333333333333,0,25
1066,625,625,0,50,25,0,25,625,0,25,0,25,0,-25,-25,461.80133333333333,25,461.80133333333333,25,0
1067,121,275,0,36,11,-14,11,625,0,25,14,25,0,-11,-25,162.594,11,162.594,25,0
1068,121,275,0,36,11,-14,11,625,0,25,14,25,0,-11,-25,164.06666666666666,11,164.06666666666666,25,0
1069,625,0,0,25,25,25,25,0,0,0,-25,0,0,-25,0,149.85866666666666,25,149.85866666666666,0,0
1070,625,625,0,50,25,0,25,625,0,25,0,25,0,-25,-25,462.2966666666667,25,462.2966666666667,25,0
1071,121,275,0,36,11,-14,11,625,0,25,14,25,0,-11,-25,164.80133333333333,11,164.80133333333333,25,0
1072,100,250,0,35,10,-15,10,625,0,25,15,25,0,-10,-25,146.90266666666668,10,146.90266666666668,25,0
1073,625,0,0,25,25,25,25,0,0,0,-25,0,0,-25,0,150.1,25,150.1,0,0
1074,625,0,0,25,25,25,25,0,0,0,-25,0,0,-25,0,150.00666666666666,25,150.00666666666666,0,0
1075,169,0,0,13,13,13,13,0,0,0,-13,0,0,-13,0,39.04266666666667,13,39.04266666666667,0,0
1076,1,25,0,26,1,-24,1,625,0,25,24,25,0,-1,-25,12.416666666666666,1,12.416666666666666,25,0
1077,1,25,0,26,1,-24,1,625,0,25,24,25,0,-1,-25,12.05,1,12.05,25,0
1078,1,0,0,1,1,1,1,0,0,0,-1,0,0,-1,0,0.0,1,0.0,0,0
1079,4,0,0,2,2,2,2,0,0,0,-2,0,0,-2,0,0.504,2,0.504,0,0
1080,1,0,0,1,1,1,1,0,0,0,-1,0,0,-1,0,0.0,1,0.0,0,0
1081,169,0,0,13,13,13,13,0,0,0,-13,0,0,-13,0,38.977333333333334,13,38.977333333333334,0,0
1082,625,250,0,35,25,15,25,100,0,10,-15,10,0,-25,-10,274.1426666666667,25,274.1426666666667,10,0
1083,256,256,0,32,16,0,16,256,0,16,0,16,0,-16,-16,188.178,16,188.178,16,0
1084,121,275,0,36,11,-14,11,625,0,25,14,25,0,-11,-25,163.76333333333332,11,163.76333333333332,25,0
1085,100,250,0,35,10,-15,10,625,0,25,15,25,0,-10,-25,146.58266666666665,10,146.58266666666665,25,0
1086,625,250,0,35,25,15,25,100,0,10,-15,10,0,-25,-10,274.2866666666667,25,274.2866666666667,10,0
1087,625,250,0,35,25,15,25,100,0,10,-15,10,0,-25,-10,274.63866666666667,25,274.63866666666667,10,0
1088,625,225,0,34,25,16,25,81,0,9,-16,9,0,-25,-9,262.4986666666667,25,262.4986666666667,9,0
1089,625,625,0,50,25,0,25,625,0,25,0,25,0,-25,-25,461.0013333333333,25,461.0013333333333,25,0
1090,625,250,0,35,25,15,25,100,0,10,-15,10,0,-25,-10,274.5613333333333,25,274.5613333333333,10,0
1091,625,0,0,25,25,25,25,0,0,0,-25,0,0,-25,0,149.91733333333335,25,149.91733333333335,0,0
1092,1,0,25,1,26,1,-24,0,0,25,-1,-25,625,24,25,12.316666666666666,1,12.316666666666666,0,25
1093,4,0,50,2,27,2,-23,0,0,25,-2,-25,625,23,25,26.097333333333335,2,26.097333333333335,0,25
1094,1,0,12,1,13,1,-11,0,0,12,-1,-12,144,11,12,6.112,1,6.112,0,12
1095,49,0,133,7,26,7,-12,0,0,19,-7,-19,361,12,19,77.68333333333334,7,77.68333333333334,0,19
1096,1,25,0,26,1,-24,1,625,0,25,24,25,0,-1,-25,12.35,1,12.35,25,0
1097,625,625,0,50,25,0,25,625,0,25,0,25,0,-25,-25,461.746,25,461.746,25,0
1098,625,0,0,25,25,25,25,0,0,0,-25,0,0,-25,0,150.336,25,150.336,0,0
1099,289,255,425,32,42,2,-8,225,375,40,-2,-10,625,8,10,782.6933333333334,17,407.6933333333334,15,25
1100,1,25,25,26,26,-24,-24,625,625,50,24,0,625,24,0,650.0,1,25.0,25,25
1101,4,50,50,27,27,-23,-23,625,625,50,23,0,625,23,0,675.4693333333333,2,50.46933333333334,25,25
1102,625,250,0,35,25,15,25,100,0,10,-15,10,0,-25,-10,273.6186666666667,25,273.6186666666667,10,0
1103,1,0,12,1,13,1,-11,0,0,12,-1,-12,144,11,12,6.088,1,6.088,0,12
1104,49,0,175,7,32,7,-18,0,0,25,-7,-25,625,18,25,98.19333333333333,7,98.19333333333333,0,25
1105,625,625,0,50,25,0,25,625,0,25,0,25,0,-25,-25,461.80133333333333,25,461.80133333333333,25,0
1106,121,275,0,36,11,-14,11,625,0,25,14,25,0,-11,-25,162.594,11,162.594,25,0
1107,121,275,0,36,11,-14,11,625,0,25,14,25,0,-11,-25,164.06666666666666,11,164.06666666666666,25,0
1108,625,0,0,25,25,25,25,0,0,0,-25,0,0,-25,0,149.85866666666666,25,149.85866666666666,0,0
1109,625,625,0,50,25,0,25,625,0,25,0,25,0,-25,-25,462.2966666666667,25,462.2966666666667,25,0
1110,121,275,0,36,11,-14,11,625,0,25,14,25,0,-11,-25,164.80133333333333,11,164.80133333333333,25,0
1111,100,250,0,35,10,-15,10,625,0,25,15,25,0,-10,-25,146.90266666666668,10,146.90266666666668,25,0
1112,625,0,0,25,25,25,25,0,0,0,-25,0,0,-25,0,150.1,25,150.1,0,0
1113,625,0,0,25,25,25,25,0,0,0,-25,0,0,-25,0,150.00666666666666,25,150.00666666666666,0,0
1114,169,0,0,13,13,13,13,0,0,0,-13,0,0,-13,0,39.04266666666667,13,39.04266666666667,0,0
1115,1,25,0,26,1,-24,1,625,0,25,24,25,0,-1,-25,12.416666666666666,1,12.416666666666666,25,0
1116,1,25,0,26,1,-24,1,625,0,25,24,25,0,-1,-25,12.05,1,12.05,25,0
1117,1,0,0,1,1,1,1,0,0,0,-1,0,0,-1,0,0.0,1,0.0,0,0
1118,4,0,0,2,2,2,2,0,0,0,-2,0,0,-2,0,0.504,2,0.504,0,0
1119,1,0,0,1,1,1,1,0,0,0,-1,0,0,-1,0,0.0,1,0.0,0,0
1120,169,0,0,13,13,13,13,0,0,0,-13,0,0,-13,0,38.977333333333334,13,38.977333333333334,0,0
1121,625,250,0,35,25,15,25,100,0,10,-15,10,0,-25,-10,274.1426666666667,25,274.1426666666667,10,0
1122,256,256,0,32,16,0,16,256,0,16,0,16,0,-16,-16,188.178,16,188.178,16,0
1123,121,275,0,36,11,-14,11,625,0,25,14,25,0,-11,-25,163.76333333333332,11,163.76333333333332,25,0
1124,100,250,0,35,10,-15,10,625,0,25,15,25,0,-10,-25,146.58266666666665,10,146.58266666666665,25,0
1125,625,250,0,35,25,15,25,100,0,10,-15,10,0,-25,-10,274.2866666666667,25,274.2866666666667,10,0
1126,625,250,0,35,25,15,25,100,0,10,-15,10,0,-25,-10,274.63866666666667,25,274.63866666666667,10,0
1127,625,225,0,34,25,16,25,81,0,9,-16,9,0,-25,-9,262.4986666666667,25,262.4986666666667,9,0
1128,625,625,0,50,25,0,25,625,0,25,0,25,0,-25,-25,461.0013333333333,25,461.0013333333333,25,0
1129,625,250,0,35,25,15,25,100,0,10,-15,10,0,-25,-10,274.5613333333333,25,274.5613333333333,10,0
1130,625,0,0,25,25,25,25,0,0,0,-25,0,0,-25,0,149.91733333333335,25,149.91733333333335,0,0
1131,1,0,25,1,26,1,-24,0,0,25,-1,-25,625,24,25,12.316666666666666,1,12.316666666666666,0,25
1132,4,0,50,2,27,2,-23,0,0,25,-2,-25,625,23,25,26.097333333333335,2,26.097333333333335,0,25
1133,1,0,12,1,13,1,-11,0,0,12,-1,-12,144,11,12,6.112,1,6.112,0,12
1134,49,0,133,7,26,7,-12,0,0,19,-7,-19,361,12,19,77.68333333333334,7,77.68333333333334,0,19
1135,1,25,0,26,1,-24,1,625,0,25,24,25,0,-1,-25,12.35,1,12.35,25,0
1136,625,625,0,50,25,0,25,625,0,25,0,25,0,-25,-25,461.746,25,461.746,25,0
1137,625,0,0,25,25,25,25,0,0,0,-25,0,0,-25,0,150.336,25,150.336,0,0
1138,289,255,425,32,42,2,-8,225,375,40,-2,-10,625,8,10,782.6933333333334,17,407.6933333333334,15,25
1139,1,25,25,26,26,-24,-24,625,625,50,24,0,625,24,0,650.0,1,25.0,25,25
1140,4,50,50,27,27,-23,-23,625,625,50,23,0,625,23,0,675.4693333333333,2,50.46933333333334,25,25
1141,625,250,0,35,25,15,25,100,0,10,-15,10,0,-25,-10,273.6186666666667,25,273.6186666666667,10,0
1142,1,0,12,1,13,1,-11,0,0,12,-1,-12,144,11,12,6.088,1,6.088,0,12
1143,49,0,175,7,32,7,-18,0,0,25,-7,-25,625,18,25,98.19333333333333,7,98.19333333333333,0,25
1144,625,625,0,50,25,0,25,625,0,25,0,25,0,-25,-25,461.80133333333333,25,461.80133333333333,25,0
1145,121,275,0,36,11,-14,11,625,0,25,14,25,0,-11,-25,162.594,11,162.594,25,0
1146,121,275,0,36,11,-14,11,625,0,25,14,25,0,-11,-25,164.06666666666666,11,164.06666666666666,25,0
1147,625,0,0,25,25,25,25,0,0,0,-25,0,0,-25,0,149.85866666666666,25,149.85866666666666,0,0
1148,625,625,0,50,25,0,25,625,0,25,0,25,0,-25,-25,462.2966666666667,25,462.2966666666667,25,0
1149,121,275,0,36,11,-14,11,625,0,25,14,25,0,-11,-25,164.80133333333333,11,164.80133333333333,25,0
1150,100,250,0,35,10,-15,10,625,0,25,15,25,0,-10,-25,146.90266666666668,10,146.90266666666668,25,0
1151,625,0,0,25,25,25,25,0,0,0,-25,0,0,-25,0,150.1,25,150.1,0,0
1152,625,0,0,25,25,25,25,0,0,0,-25,0,0,-25,0,150.00666666666666,25,150.00666666666666,0,0
1153,169,0,0,13,13,13,13,0,0,0,-13,0,0,-13,0,39.04266666666667,13,39.04266666666667,0,0
1154,1,25,0,26,1,-24,1,625,0,25,24,25,0,-1,-25,12.416666666666666,1,12.416666666666666,25,0
1155,1,25,0,26,1,-24,1,625,0,25,24,25,0,-1,-25,12.05,1,12.05,25,0
1156,1,0,0,1,1,1,1,0,0,0,-1,0,0,-1,0,0.0,1,0.0,0,0
1157,4,0,0,2,2,2,2,0,0,0,-2,0,0,-2,0,0.504,2,0.504,0,0
1158,1,0,0,1,1,1,1,0,0,0,-1,0,0,-1,0,0.0,1,0.0,0,0
1159,169,0,0,13,13,13,13,0,0,0,-13,0,0,-13,0,38.977333333333334,13,38.977333333333334,0,0
1160,625,250,0,35,25,15,25,100,0,10,-15,10,0,-25,-10,274.1426666666667,25,274.1426666666667,10,0
1161,256,256,0,32,16,0,16,256,0,16,0,16,0,-16,-16,188.178,16,188.178,16,0
1162,121,275,0,36,11,-14,11,625,0,25,14,25,0,-11,-25,163.76333333333332,11,163.76333333333332,25,0
1163,100,250,0,35,10,-15,10,625,0,25,15,25,0,-10,-25,146.58266666666665,10,146.58266666666665,25,0
1164,625,250,0,35,25,15,25,100,0,10,-15,10,0,-25,-10,274.2866666666667,25,274.2866666666667,10,0
1165,625,250,0,35,25,15,25,100,0,10,-15,10,0,-25,-10,274.63866666666667,25,274.63866666666667,10,0
1166,625,225,0,34,25,16,25,81,0,9,-16,9,0,-25,-9,262.4986666666667,25,262.4986666666667,9,0
1167,625,625,0,50,25,0,25,625,0,25,0,25,0,-25,-25,461.0013333333333,25,461.0013333333333,25,0
1168,625,250,0,35,25,15,25,100,0,10,-15,10,0,-25,-10,274.5613333333333,25,274.5613333333333,10,0
1169,625,0,0,25,25,25,25,0,0,0,-25,0,0,-25,0,149.91733333333335,25,149.91733333333335,0,0
0,361,19,209,20,30,18,8,1,11,12,-18,-10,121,-8,10,211.352,19,200.352,1,11
1,289,34,68,19,21,15,13,4,8,6,-15,-2,16,-13,2,126.692,17,118.692,2,4
2,64,96,0,20,8,-4,8,144,0,12,4,12,0,-8,-12,62.332,8,62.332,12,0
3,25,45,65,14,18,-4,-8,81,117,22,4,-4,169,8,4,177.176,5,60.17599999999999,9,13
4,4,18,36,11,20,-7,-16,81,162,27,7,-9,324,16,9,189.044,2,27.04400000000001,9,18
5,1,5,16,6,17,-4,-15,25,80,21,4,-11,256,15,11,90.456,1,10.456000000000003,5,16
6,49,119,63,24,16,-10,-2,289,153,26,10,8,81,2,-8,253.8,7,100.80000000000001,17,9
7,121,187,187,28,28,-6,-6,289,289,34,6,0,289,6,0,503.624,11,214.62400000000002,17,17
8,225,90,240,21,31,9,-1,36,96,22,-9,-10,256,1,10,313.884,15,217.88400000000001,6,16
9,16,24,52,10,17,-2,-9,36,78,19,2,-7,169,9,7,119.204,4,41.20399999999999,6,13
10,400,380,300,39,35,1,5,361,285,34,-1,4,225,-5,-4,720.6,20,435.6,19,15
11,9,0,24,3,11,3,-5,0,0,8,-3,-8,64,5,8,13.476,3,13.476,0,8
12,144,156,192,25,28,-1,-4,169,208,29,1,-3,256,4,3,414.808,12,206.808,13,16
13,121,187,110,28,21,-6,1,289,170,27,6,7,100,-1,-7,346.78,11,176.77999999999997,17,10
14,25,75,40,20,13,-10,-3,225,120,23,10,7,64,3,-7,182.366,5,62.366000000000014,15,8
15,196,252,84,32,20,-4,8,324,108,24,4,12,36,-8,-12,321.598,14,213.598,18,6
16,196,266,238,33,31,-5,-3,361,323,36,5,2,289,3,-2,620.138,14,297.13800000000003,19,17
17,324,252,54,32,21,4,15,196,42,17,-4,11,9,-15,-11,270.544,18,228.54399999999998,14,3
18,1,8,10,9,11,-7,-9,64,80,18,7,-2,100,9,2,89.008,1,9.007999999999996,8,10
19,196,280,112,34,22,-6,6,400,160,28,6,12,64,-6,-12,400.932,14,240.93200000000002,20,8
20,400,0,180,20,29,20,11,0,0,9,-20,-9,81,-11,9,184.936,20,184.936,0,9
21,144,192,12,28,13,-4,11,256,16,17,4,15,1,-11,-15,151.02,12,135.02,16,1
22,36,96,24,22,10,-10,2,256,64,20,10,12,16,-2,-12,132.378,6,68.37799999999999,16,4
23,4,24,26,14,15,-10,-11,144,156,25,10,-1,169,11,1,181.536,2,25.536,12,13
24,36,84,78,20,19,-8,-7,196,182,27,8,1,169,7,-1,270.464,6,88.464,14,13
25,100,120,90,22,19,-2,1,144,108,21,2,3,81,-1,-3,235.872,10,127.87200000000001,12,9
26,289,323,0,36,17,-2,17,361,0,19,2,19,0,-17,-19,227.934,17,227.934,19,0
27,4,20,2,12,3,-8,1,100,10,11,8,9,1,-1,-9,21.144,2,11.143999999999998,10,1
28,9,24,3,11,4,-5,2,64,8,9,5,7,1,-2,-7,23.45,3,15.45,8,1
29,100,30,60,13,16,7,4,9,18,9,-7,-3,36,-4,3,85.568,10,67.568,3,6
30,400,280,360,34,38,6,2,196,252,32,-6,-4,324,-2,4,666.066,20,414.06600000000003,14,18
31,289,221,153,30,26,4,8,169,117,22,-4,4,81,-8,-4,371.948,17,254.94799999999998,13,9
32,196,238,266,31,33,-3,-5,289,323,36,3,-2,361,5,2,621.186,14,298.18600000000004,17,19
33,25,95,40,24,13,-14,-3,361,152,27,14,11,64,3,-11,224.82,5,72.82,19,8
34,256,160,304,26,35,6,-3,100,190,29,-6,-9,361,3,9,481.724,16,291.724,10,19
35,4,16,30,10,17,-6,-13,64,120,23,6,-7,225,13,7,143.376,2,23.376000000000005,8,15
36,81,45,72,14,17,4,1,25,40,13,-4,-3,64,-1,3,116.596,9,76.596,5,8
37,361,228,380,31,39,7,-1,144,240,32,-7,-8,400,1,8,628.312,19,388.312,12,20
38,196,168,168,26,26,2,2,144,144,24,-2,0,144,-2,0,357.356,14,213.356,12,12
39,400,300,240,35,32,5,8,225,180,27,-5,3,144,-8,-3,544.628,20,364.62800000000004,15,12
40,324,216,162,30,27,6,9,144,108,21,-6,3,81,-9,-3,373.524,18,265.524,12,9
41,100,110,120,21,22,-1,-2,121,132,23,1,-1,144,2,1,269.476,10,137.476,11,12
42,324,216,72,30,22,6,14,144,48,16,-6,8,16,-14,-8,268.872,18,220.872,12,4
43,81,117,108,22,21,-4,-3,169,156,25,4,1,144,3,-1,286.39,9,130.39,13,12
44,36,108,108,24,24,-12,-12,324,324,36,12,0,324,12,0,439.54,6,115.54000000000002,18,18
45,9,21,57,10,22,-4,-16,49,133,26,4,-12,361,16,12,173.26,3,40.25999999999999,7,19
46,16,24,36,10,13,-2,-5,36,54,15,2,-3,81,5,3,87.096,4,33.096000000000004,6,9
0,1,0,25,1,26,1,-24,0,0,25,-1,-25,625,24,25,12.6,1,12.6,0,25
1,4,0,50,2,27,2,-23,0,0,25,-2,-25,625,23,25,24.994666666666667,2,24.994666666666667,0,25
2,1,0,12,1,13,1,-11,0,0,12,-1,-12,144,11,12,6.056,1,6.056,0,12
3,49,0,133,7,26,7,-12,0,0,19,-7,-19,361,12,19,77.06266666666667,7,77.06266666666667,0,19
4,1,25,0,26,1,-24,1,625,0,25,24,25,0,-1,-25,12.4,1,12.4,25,0
5,625,625,0,50,25,0,25,625,0,25,0,25,0,-25,-25,462.354,25,462.354,25,0
6,625,0,0,25,25,25,25,0,0,0,-25,0,0,-25,0,150.27466666666666,25,150.27466666666666,0,0
7,289,255,425,32,42,2,-8,225,375,40,-2,-10,625,8,10,783.0466666666666,17,408.0466666666666,15,25
8,1,25,25,26,26,-24,-24,625,625,50,24,0,625,24,0,650.0,1,25.0,25,25
9,4,50,50,27,27,-23,-23,625,625,50,23,0,625,23,0,675.4773333333334,2,50.47733333333338,25,25
10,625,250,0,35,25,15,25,100,0,10,-15,10,0,-25,-10,274.1426666666667,25,274.1426666666667,10,0
11,1,0,12,1,13,1,-11,0,0,12,-1,-12,144,11,12,6.056,1,6.056,0,12
12,49,0,175,7,32,7,-18,0,0,25,-7,-25,625,18,25,98.61266666666667,7,98.61266666666667,0,25
13,625,625,0,50,25,0,25,625,0,25,0,25,0,-25,-25,464.9766666666667,25,464.9766666666667,25,0
14,121,275,0,36,11,-14,11,625,0,25,14,25,0,-11,-25,165.12466666666666,11,165.12466666666666,25,0
15,121,275,0,36,11,-14,11,625,0,25,14,25,0,-11,-25,165.20933333333332,11,165.20933333333332,25,0
16,625,0,0,25,25,25,25,0,0,0,-25,0,0,-25,0,149.98533333333333,25,149.98533333333333,0,0
17,625,625,0,50,25,0,25,625,0,25,0,25,0,-25,-25,462.49066666666664,25,462.49066666666664,25,0
18,121,275,0,36,11,-14,11,625,0,25,14,25,0,-11,-25,166.69133333333335,11,166.69133333333335,25,0
19,100,250,0,35,10,-15,10,625,0,25,15,25,0,-10,-25,148.272,10,148.272,25,0
20,625,0,0,25,25,25,25,0,0,0,-25,0,0,-25,0,150.016,25,150.016,0,0
21,625,0,0,25,25,25,25,0,0,0,-25,0,0,-25,0,149.85333333333332,25,149.85333333333332,0,0
22,169,0,0,13,13,13,13,0,0,0,-13,0,0,-13,0,39.09733333333333,13,39.09733333333333,0,0
23,1,25,0,26,1,-24,1,625,0,25,24,25,0,-1,-25,12.666666666666666,1,12.666666666666666,25,0
24,1,0,0,1,1,1,1,0,0,0,-1,0,0,-1,0,0.0,1,0.0,0,0
25,4,0,0,2,2,2,2,0,0,0,-2,0,0,-2,0,0.5033333333333333,2,0.5033333333333333,0,0
26,1,0,25,1,26,1,-24,0,0,25,-1,-25,625,24,25,13.216666666666667,1,13.216666666666667,0,25
27,169,0,0,13,13,13,13,0,0,0,-13,0,0,-13,0,39.12,13,39.12,0,0
28,121,275,0,36,11,-14,11,625,0,25,14,25,0,-11,-25,164.358,11,164.358,25,0
29,100,250,0,35,10,-15,10,625,0,25,15,25,0,-10,-25,148.15733333333333,10,148.15733333333333,25,0
30,121,275,0,36,11,-14,11,625,0,25,14,25,0,-11,-25,164.502,11,164.502,25,0
31,100,250,0,35,10,-15,10,625,0,25,15,25,0,-10,-25,147.07733333333334,10,147.07733333333334,25,0
32,625,250,0,35,25,15,25,100,0,10,-15,10,0,-25,-10,275.40933333333334,25,275.40933333333334,10,0
33,625,250,0,35,25,15,25,100,0,10,-15,10,0,-25,-10,275.15866666666665,25,275.15866666666665,10,0
34,625,225,0,34,25,16,25,81,0,9,-16,9,0,-25,-9,263.27733333333333,25,263.27733333333333,9,0
35,625,625,0,50,25,0,25,625,0,25,0,25,0,-25,-25,463.732,25,463.732,25,0
36,625,250,0,35,25,15,25,100,0,10,-15,10,0,-25,-10,274.0106666666667,25,274.0106666666667,10,0
37,625,0,0,25,25,25,25,0,0,0,-25,0,0,-25,0,150.044,25,150.044,0,0
38,1,0,25,1,26,1,-24,0,0,25,-1,-25,625,24,25,12.6,1,12.6,0,25
39,4,0,50,2,27,2,-23,0,0,25,-2,-25,625,23,25,24.994666666666667,2,24.994666666666667,0,25
40,1,0,12,1,13,1,-11,0,0,12,-1,-12,144,11,12,6.056,1,6.056,0,12
41,49,0,133,7,26,7,-12,0,0,19,-7,-19,361,12,19,77.06266666666667,7,77.06266666666667,0,19
42,1,25,0,26,1,-24,1,625,0,25,24,25,0,-1,-25,12.4,1,12.4,25,0
43,625,625,0,50,25,0,25,625,0,25,0,25,0,-25,-25,462.354,25,462.354,25,0
44,625,0,0,25,25,25,25,0,0,0,-25,0,0,-25,0,150.27466666666666,25,150.27466666666666,0,0
45,289,255,425,32,42,2,-8,225,375,40,-2,-10,625,8,10,783.0466666666666,17,408.0466666666666,15,25
46,1,25,25,26,26,-24,-24,625,625,50,24,0,625,24,0,650.0,1,25.0,25,25
47,4,50,50,27,27,-23,-23,625,625,50,23,0,625,23,0,675.4773333333334,2,50.47733333333338,25,25
48,625,250,0,35,25,15,25,100,0,10,-15,10,0,-25,-10,274.1426666666667,25,274.1426666666667,10,0
49,1,0,12,1,13,1,-11,0,0,12,-1,-12,144,11,12,6.056,1,6.056,0,12
50,49,0,175,7,32,7,-18,0,0,25,-7,-25,625,18,25,98.61266666666667,7,98.61266666666667,0,25
51,625,625,0,50,25,0,25,625,0,25,0,25,0,-25,-25,464.9766666666667,25,464.9766666666667,25,0
52,121,275,0,36,11,-14,11,625,0,25,14,25,0,-11,-25,165.12466666666666,11,165.12466666666666,25,0
53,121,275,0,36,11,-14,11,625,0,25,14,25,0,-11,-25,165.20933333333332,11,165.20933333333332,25,0
54,625,0,0,25,25,25,25,0,0,0,-25,0,0,-25,0,149.98533333333333,25,149.98533333333333,0,0
55,625,625,0,50,25,0,25,625,0,25,0,25,0,-25,-25,462.49066666666664,25,462.49066666666664,25,0
56,121,275,0,36,11,-14,11,625,0,25,14,25,0,-11,-25,166.69133333333335,11,166.69133333333335,25,0
57,100,250,0,35,10,-15,10,625,0,25,15,25,0,-10,-25,148.272,10,148.272,25,0
58,625,0,0,25,25,25,25,0,0,0,-25,0,0,-25,0,150.016,25,150.016,0,0
59,625,0,0,25,25,25,25,0,0,0,-25,0,0,-25,0,149.85333333333332,25,149.85333333333332,0,0
60,169,0,0,13,13,13,13,0,0,0,-13,0,0,-13,0,39.09733333333333,13,39.09733333333333,0,0
61,1,25,0,26,1,-24,1,625,0,25,24,25,0,-1,-25,12.666666666666666,1,12.666666666666666,25,0
62,1,0,0,1,1,1,1,0,0,0,-1,0,0,-1,0,0.0,1,0.0,0,0
63,4,0,0,2,2,2,2,0,0,0,-2,0,0,-2,0,0.5033333333333333,2,0.5033333333333333,0,0
64,1,0,25,1,26,1,-24,0,0,25,-1,-25,625,24,25,13.216666666666667,1,13.216666666666667,0,25
65,169,0,0,13,13,13,13,0,0,0,-13,0,0,-13,0,39.12,13,39.12,0,0
66,121,275,0,36,11,-14,11,625,0,25,14,25,0,-11,-25,164.358,11,164.358,25,0
67,100,250,0,35,10,-15,10,625,0,25,15,25,0,-10,-25,148.15733333333333,10,148.15733333333333,25,0
68,121,275,0,36,11,-14,11,625,0,25,14,25,0,-11,-25,164.502,11,164.502,25,0
69,100,250,0,35,10,-15,10,625,0,25,15,25,0,-10,-25,147.07733333333334,10,147.07733333333334,25,0
70,625,250,0,35,25,15,25,100,0,10,-15,10,0,-25,-10,275.40933333333334,25,275.40933333333334,10,0
71,625,250,0,35,25,15,25,100,0,10,-15,10,0,-25,-10,275.15866666666665,25,275.15866666666665,10,0
72,625,225,0,34,25,16,25,81,0,9,-16,9,0,-25,-9,263.27733333333333,25,263.27733333333333,9,0
73,625,625,0,50,25,0,25,625,0,25,0,25,0,-25,-25,463.732,25,463.732,25,0
74,625,250,0,35,25,15,25,100,0,10,-15,10,0,-25,-10,274.0106666666667,25,274.0106666666667,10,0
75,625,0,0,25,25,25,25,0,0,0,-25,0,0,-25,0,150.044,25,150.044,0,0
76,1,0,25,1,26,1,-24,0,0,25,-1,-25,625,24,25,12.6,1,12.6,0,25
77,4,0,50,2,27,2,-23,0,0,25,-2,-25,625,23,25,24.994666666666667,2,24.994666666666667,0,25
78,1,0,12,1,13,1,-11,0,0,12,-1,-12,144,11,12,6.056,1,6.056,0,12
79,49,0,133,7,26,7,-12,0,0,19,-7,-19,361,12,19,77.06266666666667,7,77.06266666666667,0,19
80,1,25,0,26,1,-24,1,625,0,25,24,25,0,-1,-25,12.4,1,12.4,25,0
81,625,625,0,50,25,0,25,625,0,25,0,25,0,-25,-25,462.354,25,462.354,25,0
82,625,0,0,25,25,25,25,0,0,0,-25,0,0,-25,0,150.27466666666666,25,150.27466666666666,0,0
83,289,255,425,32,42,2,-8,225,375,40,-2,-10,625,8,10,783.0466666666666,17,408.0466666666666,15,25
84,1,25,25,26,26,-24,-24,625,625,50,24,0,625,24,0,650.0,1,25.0,25,25
85,4,50,50,27,27,-23,-23,625,625,50,23,0,625,23,0,675.4773333333334,2,50.47733333333338,25,25
86,625,250,0,35,25,15,25,100,0,10,-15,10,0,-25,-10,274.1426666666667,25,274.1426666666667,10,0
87,1,0,12,1,13,1,-11,0,0,12,-1,-12,144,11,12,6.056,1,6.056,0,12
88,49,0,175,7,32,7,-18,0,0,25,-7,-25,625,18,25,98.61266666666667,7,98.61266666666667,0,25
89,625,625,0,50,25,0,25,625,0,25,0,25,0,-25,-25,464.9766666666667,25,464.9766666666667,25,0
90,121,275,0,36,11,-14,11,625,0,25,14,25,0,-11,-25,165.12466666666666,11,165.12466666666666,25,0
91,121,275,0,36,11,-14,11,625,0,25,14,25,0,-11,-25,165.20933333333332,11,165.20933333333332,25,0
92,625,0,0,25,25,25,25,0,0,0,-25,0,0,-25,0,149.98533333333333,25,149.98533333333333,0,0
93,625,625,0,50,25,0,25,625,0,25,0,25,0,-25,-25,462.49066666666664,25,462.49066666666664,25,0
94,121,275,0,36,11,-14,11,625,0,25,14,25,0,-11,-25,166.69133333333335,11,166.69133333333335,25,0
95,100,250,0,35,10,-15,10,625,0,25,15,25,0,-10,-25,148.272,10,148.272,25,0
96,625,0,0,25,25,25,25,0,0,0,-25,0,0,-25,0,150.016,25,150.016,0,0
97,625,0,0,25,25,25,25,0,0,0,-25,0,0,-25,0,149.85333333333332,25,149.85333333333332,0,0
98,169,0,0,13,13,13,13,0,0,0,-13,0,0,-13,0,39.09733333333333,13,39.09733333333333,0,0
99,1,25,0,26,1,-24,1,625,0,25,24,25,0,-1,-25,12.666666666666666,1,12.666666666666666,25,0
100,1,0,0,1,1,1,1,0,0,0,-1,0,0,-1,0,0.0,1,0.0,0,0
101,4,0,0,2,2,2,2,0,0,0,-2,0,0,-2,0,0.5033333333333333,2,0.5033333333333333,0,0
102,1,0,25,1,26,1,-24,0,0,25,-1,-25,625,24,25,13.216666666666667,1,13.216666666666667,0,25
103,169,0,0,13,13,13,13,0,0,0,-13,0,0,-13,0,39.12,13,39.12,0,0
104,121,275,0,36,11,-14,11,625,0,25,14,25,0,-11,-25,164.358,11,164.358,25,0
105,100,250,0,35,10,-15,10,625,0,25,15,25,0,-10,-25,148.15733333333333,10,148.15733333333333,25,0
106,121,275,0,36,11,-14,11,625,0,25,14,25,0,-11,-25,164.502,11,164.502,25,0
107,100,250,0,35,10,-15,10,625,0,25,15,25,0,-10,-25,147.07733333333334,10,147.07733333333334,25,0
108,625,250,0,35,25,15,25,100,0,10,-15,10,0,-25,-10,275.40933333333334,25,275.40933333333334,10,0
109,625,250,0,35,25,15,25,100,0,10,-15,10,0,-25,-10,275.15866666666665,25,275.15866666666665,10,0
110,625,225,0,34,25,16,25,81,0,9,-16,9,0,-25,-9,263.27733333333333,25,263.27733333333333,9,0
111,625,625,0,50,25,0,25,625,0,25,0,25,0,-25,-25,463.732,25,463.732,25,0
112,625,250,0,35,25,15,25,100,0,10,-15,10,0,-25,-10,274.0106666666667,25,274.0106666666667,10,0
113,625,0,0,25,25,25,25,0,0,0,-25,0,0,-25,0,150.044,25,150.044,0,0
114,1,0,25,1,26,1,-24,0,0,25,-1,-25,625,24,25,12.6,1,12.6,0,25
115,4,0,50,2,27,2,-23,0,0,25,-2,-25,625,23,25,24.994666666666667,2,24.994666666666667,0,25
116,1,0,12,1,13,1,-11,0,0,12,-1,-12,144,11,12,6.056,1,6.056,0,12
117,49,0,133,7,26,7,-12,0,0,19,-7,-19,361,12,19,77.06266666666667,7,77.06266666666667,0,19
118,1,25,0,26,1,-24,1,625,0,25,24,25,0,-1,-25,12.4,1,12.4,25,0
119,625,625,0,50,25,0,25,625,0,25,0,25,0,-25,-25,462.354,25,462.354,25,0
120,625,0,0,25,25,25,25,0,0,0,-25,0,0,-25,0,150.27466666666666,25,150.27466666666666,0,0
121,289,255,425,32,42,2,-8,225,375,40,-2,-10,625,8,10,783.0466666666666,17,408.0466666666666,15,25
122,1,25,25,26,26,-24,-24,625,625,50,24,0,625,24,0,650.0,1,25.0,25,25
123,4,50,50,27,27,-23,-23,625,625,50,23,0,625,23,0,675.4773333333334,2,50.47733333333338,25,25
124,625,250,0,35,25,15,25,100,0,10,-15,10,0,-25,-10,274.1426666666667,25,274.1426666666667,10,0
125,1,0,12,1,13,1,-11,0,0,12,-1,-12,144,11,12,6.056,1,6.056,0,12
126,49,0,175,7,32,7,-18,0,0,25,-7,-25,625,18,25,98.61266666666667,7,98.61266666666667,0,25
127,625,625,0,50,25,0,25,625,0,25,0,25,0,-25,-25,464.9766666666667,25,464.9766666666667,25,0
128,121,275,0,36,11,-14,11,625,0,25,14,25,0,-11,-25,165.12466666666666,11,165.12466666666666,25,0
129,121,275,0,36,11,-14,11,625,0,25,14,25,0,-11,-25,165.20933333333332,11,165.20933333333332,25,0
130,625,0,0,25,25,25,25,0,0,0,-25,0,0,-25,0,149.98533333333333,25,149.98533333333333,0,0
131,625,625,0,50,25,0,25,625,0,25,0,25,0,-25,-25,462.49066666666664,25,462.49066666666664,25,0
132,121,275,0,36,11,-14,11,625,0,25,14,25,0,-11,-25,166.69133333333335,11,166.69133333333335,25,0
133,100,250,0,35,10,-15,10,625,0,25,15,25,0,-10,-25,148.272,10,148.272,25,0
134,625,0,0,25,25,25,25,0,0,0,-25,0,0,-25,0,150.016,25,150.016,0,0
135,625,0,0,25,25,25,25,0,0,0,-25,0,0,-25,0,149.85333333333332,25,149.85333333333332,0,0
136,169,0,0,13,13,13,13,0,0,0,-13,0,0,-13,0,39.09733333333333,13,39.09733333333333,0,0
137,1,25,0,26,1,-24,1,625,0,25,24,25,0,-1,-25,12.666666666666666,1,12.666666666666666,25,0
138,1,0,0,1,1,1,1,0,0,0,-1,0,0,-1,0,0.0,1,0.0,0,0
139,4,0,0,2,2,2,2,0,0,0,-2,0,0,-2,0,0.5033333333333333,2,0.5033333333333333,0,0
140,1,0,25,1,26,1,-24,0,0,25,-1,-25,625,24,25,13.216666666666667,1,13.216666666666667,0,25
141,169,0,0,13,13,13,13,0,0,0,-13,0,0,-13,0,39.12,13,39.12,0,0
142,121,275,0,36,11,-14,11,625,0,25,14,25,0,-11,-25,164.358,11,164.358,25,0
143,100,250,0,35,10,-15,10,625,0,25,15,25,0,-10,-25,148.15733333333333,10,148.15733333333333,25,0
144,121,275,0,36,11,-14,11,625,0,25,14,25,0,-11,-25,164.502,11,164.502,25,0
145,100,250,0,35,10,-15,10,625,0,25,15,25,0,-10,-25,147.07733333333334,10,147.07733333333334,25,0
146,625,250,0,35,25,15,25,100,0,10,-15,10,0,-25,-10,275.40933333333334,25,275.40933333333334,10,0
147,625,250,0,35,25,15,25,100,0,10,-15,10,0,-25,-10,275.15866666666665,25,275.15866666666665,10,0
148,625,225,0,34,25,16,25,81,0,9,-16,9,0,-25,-9,263.27733333333333,25,263.27733333333333,9,0
149,625,625,0,50,25,0,25,625,0,25,0,25,0,-25,-25,463.732,25,463.732,25,0
150,625,250,0,35,25,15,25,100,0,10,-15,10,0,-25,-10,274.0106666666667,25,274.0106666666667,10,0
151,625,0,0,25,25,25,25,0,0,0,-25,0,0,-25,0,150.044,25,150.044,0,0
152,1,0,25,1,26,1,-24,0,0,25,-1,-25,625,24,25,12.6,1,12.6,0,25
153,4,0,50,2,27,2,-23,0,0,25,-2,-25,625,23,25,24.994666666666667,2,24.994666666666667,0,25
154,1,0,12,1,13,1,-11,0,0,12,-1,-12,144,11,12,6.056,1,6.056,0,12
155,49,0,133,7,26,7,-12,0,0,19,-7,-19,361,12,19,77.06266666666667,7,77.06266666666667,0,19
156,1,25,0,26,1,-24,1,625,0,25,24,25,0,-1,-25,12.4,1,12.4,25,0
157,625,625,0,50,25,0,25,625,0,25,0,25,0,-25,-25,462.354,25,462.354,25,0
158,625,0,0,25,25,25,25,0,0,0,-25,0,0,-25,0,150.27466666666666,25,150.27466666666666,0,0
159,289,255,425,32,42,2,-8,225,375,40,-2,-10,625,8,10,783.0466666666666,17,408.0466666666666,15,25
160,1,25,25,26,26,-24,-24,625,625,50,24,0,625,24,0,650.0,1,25.0,25,25
161,4,50,50,27,27,-23,-23,625,625,50,23,0,625,23,0,675.4773333333334,2,50.47733333333338,25,25
162,625,250,0,35,25,15,25,100,0,10,-15,10,0,-25,-10,274.1426666666667,25,274.1426666666667,10,0
163,1,0,12,1,13,1,-11,0,0,12,-1,-12,144,11,12,6.056,1,6.056,0,12
164,49,0,175,7,32,7,-18,0,0,25,-7,-25,625,18,25,98.61266666666667,7,98.61266666666667,0,25
165,625,625,0,50,25,0,25,625,0,25,0,25,0,-25,-25,464.9766666666667,25,464.9766666666667,25,0
166,121,275,0,36,11,-14,11,625,0,25,14,25,0,-11,-25,165.12466666666666,11,165.12466666666666,25,0
167,121,275,0,36,11,-14,11,625,0,25,14,25,0,-11,-25,165.20933333333332,11,165.20933333333332,25,0
168,625,0,0,25,25,25,25,0,0,0,-25,0,0,-25,0,149.98533333333333,25,149.98533333333333,0,0
169,625,625,0,50,25,0,25,625,0,25,0,25,0,-25,-25,462.49066666666664,25,462.49066666666664,25,0
170,121,275,0,36,11,-14,11,625,0,25,14,25,0,-11,-25,166.69133333333335,11,166.69133333333335,25,0
171,100,250,0,35,10,-15,10,625,0,25,15,25,0,-10,-25,148.272,10,148.272,25,0
172,625,0,0,25,25,25,25,0,0,0,-25,0,0,-25,0,150.016,25,150.016,0,0
173,625,0,0,25,25,25,25,0,0,0,-25,0,0,-25,0,149.85333333333332,25,149.85333333333332,0,0
174,169,0,0,13,13,13,13,0,0,0,-13,0,0,-13,0,39.09733333333333,13,39.09733333333333,0,0
175,1,25,0,26,1,-24,1,625,0,25,24,25,0,-1,-25,12.666666666666666,1,12.666666666666666,25,0
176,1,0,0,1,1,1,1,0,0,0,-1,0,0,-1,0,0.0,1,0.0,0,0
177,4,0,0,2,2,2,2,0,0,0,-2,0,0,-2,0,0.5033333333333333,2,0.5033333333333333,0,0
178,1,0,25,1,26,1,-24,0,0,25,-1,-25,625,24,25,13.216666666666667,1,13.216666666666667,0,25
179,169,0,0,13,13,13,13,0,0,0,-13,0,0,-13,0,39.12,13,39.12,0,0
180,121,275,0,36,11,-14,11,625,0,25,14,25,0,-11,-25,164.358,11,164.358,25,0
181,100,250,0,35,10,-15,10,625,0,25,15,25,0,-10,-25,148.15733333333333,10,148.15733333333333,25,0
182,121,275,0,36,11,-14,11,625,0,25,14,25,0,-11,-25,164.502,11,164.502,25,0
183,100,250,0,35,10,-15,10,625,0,25,15,25,0,-10,-25,147.07733333333334,10,147.07733333333334,25,0
184,625,250,0,35,25,15,25,100,0,10,-15,10,0,-25,-10,275.40933333333334,25,275.40933333333334,10,0
185,625,250,0,35,25,15,25,100,0,10,-15,10,0,-25,-10,275.15866666666665,25,275.15866666666665,10,0
186,625,225,0,34,25,16,25,81,0,9,-16,9,0,-25,-9,263.27733333333333,25,263.27733333333333,9,0
187,625,625,0,50,25,0,25,625,0,25,0,25,0,-25,-25,463.732,25,463.732,25,0
188,625,250,0,35,25,15,25,100,0,10,-15,10,0,-25,-10,274.0106666666667,25,274.0106666666667,10,0
189,625,0,0,25,25,25,25,0,0,0,-25,0,0,-25,0,150.044,25,150.044,0,0
190,1,0,25,1,26,1,-24,0,0,25,-1,-25,625,24,25,12.6,1,12.6,0,25
191,4,0,50,2,27,2,-23,0,0,25,-2,-25,625,23,25,24.994666666666667,2,24.994666666666667,0,25
192,1,0,12,1,13,1,-11,0,0,12,-1,-12,144,11,12,6.056,1,6.056,0,12
193,49,0,133,7,26,7,-12,0,0,19,-7,-19,361,12,19,77.06266666666667,7,77.06266666666667,0,19
194,1,25,0,26,1,-24,1,625,0,25,24,25,0,-1,-25,12.4,1,12.4,25,0
195,625,625,0,50,25,0,25,625,0,25,0,25,0,-25,-25,462.354,25,462.354,25,0
196,625,0,0,25,25,25,25,0,0,0,-25,0,0,-25,0,150.27466666666666,25,150.27466666666666,0,0
197,289,255,425,32,42,2,-8,225,375,40,-2,-10,625,8,10,783.0466666666666,17,408.0466666666666,15,25
198,1,25,25,26,26,-24,-24,625,625,50,24,0,625,24,0,650.0,1,25.0,25,25
199,4,50,50,27,27,-23,-23,625,625,50,23,0,625,23,0,675.4773333333334,2,50.47733333333338,25,25
200,625,250,0,35,25,15,25,100,0,10,-15,10,0,-25,-10,274.1426666666667,25,274.1426666666667,10,0
201,1,0,12,1,13,1,-11,0,0,12,-1,-12,144,11,12,6.056,1,6.056,0,12
202,49,0,175,7,32,7,-18,0,0,25,-7,-25,625,18,25,98.61266666666667,7,98.61266666666667,0,25
203,625,625,0,50,25,0,25,625,0,25,0,25,0,-25,-25,464.9766666666667,25,464.9766666666667,25,0
204,121,275,0,36,11,-14,11,625,0,25,14,25,0,-11,-25,165.12466666666666,11,165.12466666666666,25,0
205,121,275,0,36,11,-14,11,625,0,25,14,25,0,-11,-25,165.20933333333332,11,165.20933333333332,25,0
206,625,0,0,25,25,25,25,0,0,0,-25,0,0,-25,0,149.98533333333333,25,149.98533333333333,0,0
207,625,625,0,50,25,0,25,625,0,25,0,25,0,-25,-25,462.49066666666664,25,462.49066666666664,25,0
208,121,275,0,36,11,-14,11,625,0,25,14,25,0,-11,-25,166.69133333333335,11,166.69133333333335,25,0
209,100,250,0,35,10,-15,10,625,0,25,15,25,0,-10,-25,148.272,10,148.272,25,0
210,625,0,0,25,25,25,25,0,0,0,-25,0,0,-25,0,150.016,25,150.016,0,0
211,625,0,0,25,25,25,25,0,0,0,-25,0,0,-25,0,149.85333333333332,25,149.85333333333332,0,0
212,169,0,0,13,13,13,13,0,0,0,-13,0,0,-13,0,39.09733333333333,13,39.09733333333333,0,0
213,1,25,0,26,1,-24,1,625,0,25,24,25,0,-1,-25,12.666666666666666,1,12.666666666666666,25,0
214,1,0,0,1,1,1,1,0,0,0,-1,0,0,-1,0,0.0,1,0.0,0,0
215,4,0,0,2,2,2,2,0,0,0,-2,0,0,-2,0,0.5033333333333333,2,0.5033333333333333,0,0
216,1,0,25,1,26,1,-24,0,0,25,-1,-25,625,24,25,13.216666666666667,1,13.216666666666667,0,25
217,169,0,0,13,13,13,13,0,0,0,-13,0,0,-13,0,39.12,13,39.12,0,0
218,121,275,0,36,11,-14,11,625,0,25,14,25,0,-11,-25,164.358,11,164.358,25,0
219,100,250,0,35,10,-15,10,625,0,25,15,25,0,-10,-25,148.15733333333333,10,148.15733333333333,25,0
220,121,275,0,36,11,-14,11,625,0,25,14,25,0,-11,-25,164.502,11,164.502,25,0
221,100,250,0,35,10,-15,10,625,0,25,15,25,0,-10,-25,147.07733333333334,10,147.07733333333334,25,0
222,625,250,0,35,25,15,25,100,0,10,-15,10,0,-25,-10,275.40933333333334,25,275.40933333333334,10,0
223,625,250,0,35,25,15,25,100,0,10,-15,10,0,-25,-10,275.15866666666665,25,275.15866666666665,10,0
224,625,225,0,34,25,16,25,81,0,9,-16,9,0,-25,-9,263.27733333333333,25,263.27733333333333,9,0
225,625,625,0,50,25,0,25,625,0,25,0,25,0,-25,-25,463.732,25,463.732,25,0
226,625,250,0,35,25,15,25,100,0,10,-15,10,0,-25,-10,274.0106666666667,25,274.0106666666667,10,0
227,625,0,0,25,25,25,25,0,0,0,-25,0,0,-25,0,150.044,25,150.044,0,0
228,1,0,25,1,26,1,-24,0,0,25,-1,-25,625,24,25,12.6,1,12.6,0,25
229,4,0,50,2,27,2,-23,0,0,25,-2,-25,625,23,25,24.994666666666667,2,24.994666666666667,0,25
230,1,0,12,1,13,1,-11,0,0,12,-1,-12,144,11,12,6.056,1,6.056,0,12
231,49,0,133,7,26,7,-12,0,0,19,-7,-19,361,12,19,77.06266666666667,7,77.06266666666667,0,19
232,1,25,0,26,1,-24,1,625,0,25,24,25,0,-1,-25,12.4,1,12.4,25,0
233,625,625,0,50,25,0,25,625,0,25,0,25,0,-25,-25,462.354,25,462.354,25,0
234,625,0,0,25,25,25,25,0,0,0,-25,0,0,-25,0,150.27466666666666,25,150.27466666666666,0,0
235,289,255,425,32,42,2,-8,225,375,40,-2,-10,625,8,10,783.0466666666666,17,408.0466666666666,15,25
236,1,25,25,26,26,-24,-24,625,625,50,24,0,625,24,0,650.0,1,25.0,25,25
237,4,50,50,27,27,-23,-23,625,625,50,23,0,625,23,0,675.4773333333334,2,50.47733333333338,25,25
238,625,250,0,35,25,15,25,100,0,10,-15,10,0,-25,-10,274.1426666666667,25,274.1426666666667,10,0
239,1,0,12,1,13,1,-11,0,0,12,-1,-12,144,11,12,6.056,1,6.056,0,12
240,49,0,175,7,32,7,-18,0,0,25,-7,-25,625,18,25,98.61266666666667,7,98.61266666666667,0,25
241,625,625,0,50,25,0,25,625,0,25,0,25,0,-25,-25,464.9766666666667,25,464.9766666666667,25,0
242,121,275,0,36,11,-14,11,625,0,25,14,25,0,-11,-25,165.12466666666666,11,165.12466666666666,25,0
243,121,275,0,36,11,-14,11,625,0,25,14,25,0,-11,-25,165.20933333333332,11,165.20933333333332,25,0
244,625,0,0,25,25,25,25,0,0,0,-25,0,0,-25,0,149.98533333333333,25,149.98533333333333,0,0
245,625,625,0,50,25,0,25,625,0,25,0,25,0,-25,-25,462.49066666666664,25,462.49066666666664,25,0
246,121,275,0,36,11,-14,11,625,0,25,14,25,0,-11,-25,166.69133333333335,11,166.69133333333335,25,0
247,100,250,0,35,10,-15,10,625,0,25,15,25,0,-10,-25,148.272,10,148.272,25,0
248,625,0,0,25,25,25,25,0,0,0,-25,0,0,-25,0,150.016,25,150.016,0,0
249,625,0,0,25,25,25,25,0,0,0,-25,0,0,-25,0,149.85333333333332,25,149.85333333333332,0,0
250,169,0,0,13,13,13,13,0,0,0,-13,0,0,-13,0,39.09733333333333,13,39.09733333333333,0,0
251,1,25,0,26,1,-24,1,625,0,25,24,25,0,-1,-25,12.666666666666666,1,12.666666666666666,25,0
252,1,0,0,1,1,1,1,0,0,0,-1,0,0,-1,0,0.0,1,0.0,0,0
253,4,0,0,2,2,2,2,0,0,0,-2,0,0,-2,0,0.5033333333333333,2,0.5033333333333333,0,0
254,1,0,25,1,26,1,-24,0,0,25,-1,-25,625,24,25,13.216666666666667,1,13.216666666666667,0,25
255,169,0,0,13,13,13,13,0,0,0,-13,0,0,-13,0,39.12,13,39.12,0,0
256,121,275,0,36,11,-14,11,625,0,25,14,25,0,-11,-25,164.358,11,164.358,25,0
257,100,250,0,35,10,-15,10,625,0,25,15,25,0,-10,-25,148.15733333333333,10,148.15733333333333,25,0
258,121,275,0,36,11,-14,11,625,0,25,14,25,0,-11,-25,164.502,11,164.502,25,0
259,100,250,0,35,10,-15,10,625,0,25,15,25,0,-10,-25,147.07733333333334,10,147.07733333333334,25,0
260,625,250,0,35,25,15,25,100,0,10,-15,10,0,-25,-10,275.40933333333334,25,275.40933333333334,10,0
261,625,250,0,35,25,15,25,100,0,10,-15,10,0,-25,-10,275.15866666666665,25,275.15866666666665,10,0
262,625,225,0,34,25,16,25,81,0,9,-16,9,0,-25,-9,263.27733333333333,25,263.27733333333333,9,0
263,625,625,0,50,25,0,25,625,0,25,0,25,0,-25,-25,463.732,25,463.732,25,0
264,625,250,0,35,25,15,25,100,0,10,-15,10,0,-25,-10,274.0106666666667,25,274.0106666666667,10,0
265,625,0,0,25,25,25,25,0,0,0,-25,0,0,-25,0,150.044,25,150.044,0,0
266,1,0,25,1,26,1,-24,0,0,25,-1,-25,625,24,25,12.6,1,12.6,0,25
267,4,0,50,2,27,2,-23,0,0,25,-2,-25,625,23,25,24.994666666666667,2,24.994666666666667,0,25
268,1,0,12,1,13,1,-11,0,0,12,-1,-12,144,11,12,6.056,1,6.056,0,12
269,49,0,133,7,26,7,-12,0,0,19,-7,-19,361,12,19,77.06266666666667,7,77.06266666666667,0,19
270,1,25,0,26,1,-24,1,625,0,25,24,25,0,-1,-25,12.4,1,12.4,25,0
271,625,625,0,50,25,0,25,625,0,25,0,25,0,-25,-25,462.354,25,462.354,25,0
272,625,0,0,25,25,25,25,0,0,0,-25,0,0,-25,0,150.27466666666666,25,150.27466666666666,0,0
273,289,255,425,32,42,2,-8,225,375,40,-2,-10,625,8,10,783.0466666666666,17,408.0466666666666,15,25
274,1,25,25,26,26,-24,-24,625,625,50,24,0,625,24,0,650.0,1,25.0,25,25
275,4,50,50,27,27,-23,-23,625,625,50,23,0,625,23,0,675.4773333333334,2,50.47733333333338,25,25
276,625,250,0,35,25,15,25,100,0,10,-15,10,0,-25,-10,274.1426666666667,25,274.1426666666667,10,0
277,1,0,12,1,13,1,-11,0,0,12,-1,-12,144,11,12,6.056,1,6.056,0,12
278,49,0,175,7,32,7,-18,0,0,25,-7,-25,625,18,25,98.61266666666667,7,98.61266666666667,0,25
279,625,625,0,50,25,0,25,625,0,25,0,25,0,-25,-25,464.9766666666667,25,464.9766666666667,25,0
280,121,275,0,36,11,-14,11,625,0,25,14,25,0,-11,-25,165.12466666666666,11,165.12466666666666,25,0
281,121,275,0,36,11,-14,11,625,0,25,14,25,0,-11,-25,165.20933333333332,11,165.20933333333332,25,0
282,625,0,0,25,25,25,25,0,0,0,-25,0,0,-25,0,149.98533333333333,25,149.98533333333333,0,0
283,625,625,0,50,25,0,25,625,0,25,0,25,0,-25,-25,462.49066666666664,25,462.49066666666664,25,0
284,121,275,0,36,11,-14,11,625,0,25,14,25,0,-11,-25,166.69133333333335,11,166.69133333333335,25,0
285,100,250,0,35,10,-15,10,625,0,25,15,25,0,-10,-25,148.272,10,148.272,25,0
286,625,0,0,25,25,25,25,0,0,0,-25,0,0,-25,0,150.016,25,150.016,0,0
287,625,0,0,25,25,25,25,0,0,0,-25,0,0,-25,0,149.85333333333332,25,149.85333333333332,0,0
288,169,0,0,13,13,13,13,0,0,0,-13,0,0,-13,0,39.09733333333333,13,39.09733333333333,0,0
289,1,25,0,26,1,-24,1,625,0,25,24,25,0,-1,-25,12.666666666666666,1,12.666666666666666,25,0
290,1,0,0,1,1,1,1,0,0,0,-1,0,0,-1,0,0.0,1,0.0,0,0
291,4,0,0,2,2,2,2,0,0,0,-2,0,0,-2,0,0.5033333333333333,2,0.5033333333333333,0,0
292,1,0,25,1,26,1,-24,0,0,25,-1,-25,625,24,25,13.216666666666667,1,13.216666666666667,0,25
293,169,0,0,13,13,13,13,0,0,0,-13,0,0,-13,0,39.12,13,39.12,0,0
294,121,275,0,36,11,-14,11,625,0,25,14,25,0,-11,-25,164.358,11,164.358,25,0
295,100,250,0,35,10,-15,10,625,0,25,15,25,0,-10,-25,148.15733333333333,10,148.15733333333333,25,0
296,121,275,0,36,11,-14,11,625,0,25,14,25,0,-11,-25,164.502,11,164.502,25,0
297,100,250,0,35,10,-15,10,625,0,25,15,25,0,-10,-25,147.07733333333334,10,147.07733333333334,25,0
298,625,250,0,35,25,15,25,100,0,10,-15,10,0,-25,-10,275.40933333333334,25,275.40933333333334,10,0
299,625,250,0,35,25,15,25,100,0,10,-15,10,0,-25,-10,275.15866666666665,25,275.15866666666665,10,0
300,625,225,0,34,25,16,25,81,0,9,-16,9,0,-25,-9,263.27733333333333,25,263.27733333333333,9,0
301,625,625,0,50,25,0,25,625,0,25,0,25,0,-25,-25,463.732,25,463.732,25,0
302,625,250,0,35,25,15,25,100,0,10,-15,10,0,-25,-10,274.0106666666667,25,274.0106666666667,10,0
303,625,0,0,25,25,25,25,0,0,0,-25,0,0,-25,0,150.044,25,150.044,0,0
304,1,0,25,1,26,1,-24,0,0,25,-1,-25,625,24,25,12.6,1,12.6,0,25
305,4,0,50,2,27,2,-23,0,0,25,-2,-25,625,23,25,24.994666666666667,2,24.994666666666667,0,25
306,1,0,12,1,13,1,-11,0,0,12,-1,-12,144,11,12,6.056,1,6.056,0,12
307,49,0,133,7,26,7,-12,0,0,19,-7,-19,361,12,19,77.06266666666667,7,77.06266666666667,0,19
308,1,25,0,26,1,-24,1,625,0,25,24,25,0,-1,-25,12.4,1,12.4,25,0
309,625,625,0,50,25,0,25,625,0,25,0,25,0,-25,-25,462.354,25,462.354,25,0
310,625,0,0,25,25,25,25,0,0,0,-25,0,0,-25,0,150.27466666666666,25,150.27466666666666,0,0
311,289,255,425,32,42,2,-8,225,375,40,-2,-10,625,8,10,783.0466666666666,17,408.0466666666666,15,25
312,1,25,25,26,26,-24,-24,625,625,50,24,0,625,24,0,650.0,1,25.0,25,25
313,4,50,50,27,27,-23,-23,625,625,50,23,0,625,23,0,675.4773333333334,2,50.47733333333338,25,25
314,625,250,0,35,25,15,25,100,0,10,-15,10,0,-25,-10,274.1426666666667,25,274.1426666666667,10,0
315,1,0,12,1,13,1,-11,0,0,12,-1,-12,144,11,12,6.056,1,6.056,0,12
316,49,0,175,7,32,7,-18,0,0,25,-7,-25,625,18,25,98.61266666666667,7,98.61266666666667,0,25
317,625,625,0,50,25,0,25,625,0,25,0,25,0,-25,-25,464.9766666666667,25,464.9766666666667,25,0
318,121,275,0,36,11,-14,11,625,0,25,14,25,0,-11,-25,165.12466666666666,11,165.12466666666666,25,0
319,121,275,0,36,11,-14,11,625,0,25,14,25,0,-11,-25,165.20933333333332,11,165.20933333333332,25,0
320,625,0,0,25,25,25,25,0,0,0,-25,0,0,-25,0,149.98533333333333,25,149.98533333333333,0,0
321,625,625,0,50,25,0,25,625,0,25,0,25,0,-25,-25,462.49066666666664,25,462.49066666666664,25,0
322,121,275,0,36,11,-14,11,625,0,25,14,25,0,-11,-25,166.69133333333335,11,166.69133333333335,25,0
323,100,250,0,35,10,-15,10,625,0,25,15,25,0,-10,-25,148.272,10,148.272,25,0
324,625,0,0,25,25,25,25,0,0,0,-25,0,0,-25,0,150.016,25,150.016,0,0
325,625,0,0,25,25,25,25,0,0,0,-25,0,0,-25,0,149.85333333333332,25,149.85333333333332,0,0
326,169,0,0,13,13,13,13,0,0,0,-13,0,0,-13,0,39.09733333333333,13,39.09733333333333,0,0
327,1,25,0,26,1,-24,1,625,0,25,24,25,0,-1,-25,12.666666666666666,1,12.666666666666666,25,0
328,1,0,0,1,1,1,1,0,0,0,-1,0,0,-1,0,0.0,1,0.0,0,0
329,4,0,0,2,2,2,2,0,0,0,-2,0,0,-2,0,0.5033333333333333,2,0.5033333333333333,0,0
330,1,0,25,1,26,1,-24,0,0,25,-1,-25,625,24,25,13.216666666666667,1,13.216666666666667,0,25
331,169,0,0,13,13,13,13,0,0,0,-13,0,0,-13,0,39.12,13,39.12,0,0
332,121,275,0,36,11,-14,11,625,0,25,14,25,0,-11,-25,164.358,11,164.358,25,0
333,100,250,0,35,10,-15,10,625,0,25,15,25,0,-10,-25,148.15733333333333,10,148.15733333333333,25,0
334,121,275,0,36,11,-14,11,625,0,25,14,25,0,-11,-25,164.502,11,164.502,25,0
335,100,250,0,35,10,-15,10,625,0,25,15,25,0,-10,-25,147.07733333333334,10,147.07733333333334,25,0
336,625,250,0,35,25,15,25,100,0,10,-15,10,0,-25,-10,275.40933333333334,25,275.40933333333334,10,0
337,625,250,0,35,25,15,25,100,0,10,-15,10,0,-25,-10,275.15866666666665,25,275.15866666666665,10,0
338,625,225,0,34,25,16,25,81,0,9,-16,9,0,-25,-9,263.27733333333333,25,263.27733333333333,9,0
339,625,625,0,50,25,0,25,625,0,25,0,25,0,-25,-25,463.732,25,463.732,25,0
340,625,250,0,35,25,15,25,100,0,10,-15,10,0,-25,-10,274.0106666666667,25,274.0106666666667,10,0
341,625,0,0,25,25,25,25,0,0,0,-25,0,0,-25,0,150.044,25,150.044,0,0
342,1,0,25,1,26,1,-24,0,0,25,-1,-25,625,24,25,12.6,1,12.6,0,25
343,4,0,50,2,27,2,-23,0,0,25,-2,-25,625,23,25,24.994666666666667,2,24.994666666666667,0,25
344,1,0,12,1,13,1,-11,0,0,12,-1,-12,144,11,12,6.056,1,6.056,0,12
345,49,0,133,7,26,7,-12,0,0,19,-7,-19,361,12,19,77.06266666666667,7,77.06266666666667,0,19
346,1,25,0,26,1,-24,1,625,0,25,24,25,0,-1,-25,12.4,1,12.4,25,0
347,625,625,0,50,25,0,25,625,0,25,0,25,0,-25,-25,462.354,25,462.354,25,0
348,625,0,0,25,25,25,25,0,0,0,-25,0,0,-25,0,150.27466666666666,25,150.27466666666666,0,0
349,289,255,425,32,42,2,-8,225,375,40,-2,-10,625,8,10,783.0466666666666,17,408.0466666666666,15,25
350,1,25,25,26,26,-24,-24,625,625,50,24,0,625,24,0,650.0,1,25.0,25,25
351,4,50,50,27,27,-23,-23,625,625,50,23,0,625,23,0,675.4773333333334,2,50.47733333333338,25,25
352,625,250,0,35,25,15,25,100,0,10,-15,10,0,-25,-10,274.1426666666667,25,274.1426666666667,10,0
353,1,0,12,1,13,1,-11,0,0,12,-1,-12,144,11,12,6.056,1,6.056,0,12
354,49,0,175,7,32,7,-18,0,0,25,-7,-25,625,18,25,98.61266666666667,7,98.61266666666667,0,25
355,625,625,0,50,25,0,25,625,0,25,0,25,0,-25,-25,464.9766666666667,25,464.9766666666667,25,0
356,121,275,0,36,11,-14,11,625,0,25,14,25,0,-11,-25,165.12466666666666,11,165.12466666666666,25,0
357,121,275,0,36,11,-14,11,625,0,25,14,25,0,-11,-25,165.20933333333332,11,165.20933333333332,25,0
358,625,0,0,25,25,25,25,0,0,0,-25,0,0,-25,0,149.98533333333333,25,149.98533333333333,0,0
359,625,625,0,50,25,0,25,625,0,25,0,25,0,-25,-25,462.49066666666664,25,462.49066666666664,25,0
360,121,275,0,36,11,-14,11,625,0,25,14,25,0,-11,-25,166.69133333333335,11,166.69133333333335,25,0
361,100,250,0,35,10,-15,10,625,0,25,15,25,0,-10,-25,148.272,10,148.272,25,0
362,625,0,0,25,25,25,25,0,0,0,-25,0,0,-25,0,150.016,25,150.016,0,0
363,625,0,0,25,25,25,25,0,0,0,-25,0,0,-25,0,149.85333333333332,25,149.85333333333332,0,0
364,169,0,0,13,13,13,13,0,0,0,-13,0,0,-13,0,39.09733333333333,13,39.09733333333333,0,0
365,1,25,0,26,1,-24,1,625,0,25,24,25,0,-1,-25,12.666666666666666,1,12.666666666666666,25,0
366,1,0,0,1,1,1,1,0,0,0,-1,0,0,-1,0,0.0,1,0.0,0,0
367,4,0,0,2,2,2,2,0,0,0,-2,0,0,-2,0,0.5033333333333333,2,0.5033333333333333,0,0
368,1,0,25,1,26,1,-24,0,0,25,-1,-25,625,24,25,13.216666666666667,1,13.216666666666667,0,25
369,169,0,0,13,13,13,13,0,0,0,-13,0,0,-13,0,39.12,13,39.12,0,0
370,121,275,0,36,11,-14,11,625,0,25,14,25,0,-11,-25,164.358,11,164.358,25,0
371,100,250,0,35,10,-15,10,625,0,25,15,25,0,-10,-25,148.15733333333333,10,148.15733333333333,25,0
372,121,275,0,36,11,-14,11,625,0,25,14,25,0,-11,-25,164.502,11,164.502,25,0
373,100,250,0,35,10,-15,10,625,0,25,15,25,0,-10,-25,147.07733333333334,10,147.07733333333334,25,0
374,625,250,0,35,25,15,25,100,0,10,-15,10,0,-25,-10,275.40933333333334,25,275.40933333333334,10,0
375,625,250,0,35,25,15,25,100,0,10,-15,10,0,-25,-10,275.15866666666665,25,275.15866666666665,10,0
376,625,225,0,34,25,16,25,81,0,9,-16,9,0,-25,-9,263.27733333333333,25,263.27733333333333,9,0
377,625,625,0,50,25,0,25,625,0,25,0,25,0,-25,-25,463.732,25,463.732,25,0
378,625,250,0,35,25,15,25,100,0,10,-15,10,0,-25,-10,274.0106666666667,25,274.0106666666667,10,0
379,625,0,0,25,25,25,25,0,0,0,-25,0,0,-25,0,150.044,25,150.044,0,0
380,1,0,25,1,26,1,-24,0,0,25,-1,-25,625,24,25,12.6,1,12.6,0,25
381,4,0,50,2,27,2,-23,0,0,25,-2,-25,625,23,25,24.994666666666667,2,24.994666666666667,0,25
382,1,0,12,1,13,1,-11,0,0,12,-1,-12,144,11,12,6.056,1,6.056,0,12
383,49,0,133,7,26,7,-12,0,0,19,-7,-19,361,12,19,77.06266666666667,7,77.06266666666667,0,19
384,1,25,0,26,1,-24,1,625,0,25,24,25,0,-1,-25,12.4,1,12.4,25,0
385,625,625,0,50,25,0,25,625,0,25,0,25,0,-25,-25,462.354,25,462.354,25,0
386,625,0,0,25,25,25,25,0,0,0,-25,0,0,-25,0,150.27466666666666,25,150.27466666666666,0,0
387,289,255,425,32,42,2,-8,225,375,40,-2,-10,625,8,10,783.0466666666666,17,408.0466666666666,15,25
388,1,25,25,26,26,-24,-24,625,625,50,24,0,625,24,0,650.0,1,25.0,25,25
389,4,50,50,27,27,-23,-23,625,625,50,23,0,625,23,0,675.4773333333334,2,50.47733333333338,25,25
390,625,250,0,35,25,15,25,100,0,10,-15,10,0,-25,-10,274.1426666666667,25,274.1426666666667,10,0
391,1,0,12,1,13,1,-11,0,0,12,-1,-12,144,11,12,6.056,1,6.056,0,12
392,49,0,175,7,32,7,-18,0,0,25,-7,-25,625,18,25,98.61266666666667,7,98.61266666666667,0,25
393,625,625,0,50,25,0,25,625,0,25,0,25,0,-25,-25,464.9766666666667,25,464.9766666666667,25,0
394,121,275,0,36,11,-14,11,625,0,25,14,25,0,-11,-25,165.12466666666666,11,165.12466666666666,25,0
395,121,275,0,36,11,-14,11,625,0,25,14,25,0,-11,-25,165.20933333333332,11,165.20933333333332,25,0
396,625,0,0,25,25,25,25,0,0,0,-25,0,0,-25,0,149.98533333333333,25,149.98533333333333,0,0
397,625,625,0,50,25,0,25,625,0,25,0,25,0,-25,-25,462.49066666666664,25,462.49066666666664,25,0
398,121,275,0,36,11,-14,11,625,0,25,14,25,0,-11,-25,166.69133333333335,11,166.69133333333335,25,0
399,100,250,0,35,10,-15,10,625,0,25,15,25,0,-10,-25,148.272,10,148.272,25,0
400,625,0,0,25,25,25,25,0,0,0,-25,0,0,-25,0,150.016,25,150.016,0,0
401,625,0,0,25,25,25,25,0,0,0,-25,0,0,-25,0,149.85333333333332,25,149.85333333333332,0,0
402,169,0,0,13,13,13,13,0,0,0,-13,0,0,-13,0,39.09733333333333,13,39.09733333333333,0,0
403,1,25,0,26,1,-24,1,625,0,25,24,25,0,-1,-25,12.666666666666666,1,12.666666666666666,25,0
404,1,0,0,1,1,1,1,0,0,0,-1,0,0,-1,0,0.0,1,0.0,0,0
405,4,0,0,2,2,2,2,0,0,0,-2,0,0,-2,0,0.5033333333333333,2,0.5033333333333333,0,0
406,1,0,25,1,26,1,-24,0,0,25,-1,-25,625,24,25,13.216666666666667,1,13.216666666666667,0,25
407,169,0,0,13,13,13,13,0,0,0,-13,0,0,-13,0,39.12,13,39.12,0,0
408,121,275,0,36,11,-14,11,625,0,25,14,25,0,-11,-25,164.358,11,164.358,25,0
409,100,250,0,35,10,-15,10,625,0,25,15,25,0,-10,-25,148.15733333333333,10,148.15733333333333,25,0
410,121,275,0,36,11,-14,11,625,0,25,14,25,0,-11,-25,164.502,11,164.502,25,0
411,100,250,0,35,10,-15,10,625,0,25,15,25,0,-10,-25,147.07733333333334,10,147.07733333333334,25,0
412,625,250,0,35,25,15,25,100,0,10,-15,10,0,-25,-10,275.40933333333334,25,275.40933333333334,10,0
413,625,250,0,35,25,15,25,100,0,10,-15,10,0,-25,-10,275.15866666666665,25,275.15866666666665,10,0
414,625,225,0,34,25,16,25,81,0,9,-16,9,0,-25,-9,263.27733333333333,25,263.27733333333333,9,0
415,625,625,0,50,25,0,25,625,0,25,0,25,0,-25,-25,463.732,25,463.732,25,0
416,625,250,0,35,25,15,25,100,0,10,-15,10,0,-25,-10,274.0106666666667,25,274.0106666666667,10,0
417,625,0,0,25,25,25,25,0,0,0,-25,0,0,-25,0,150.044,25,150.044,0,0
418,1,0,25,1,26,1,-24,0,0,25,-1,-25,625,24,25,12.6,1,12.6,0,25
419,4,0,50,2,27,2,-23,0,0,25,-2,-25,625,23,25,24.994666666666667,2,24.994666666666667,0,25
420,1,0,12,1,13,1,-11,0,0,12,-1,-12,144,11,12,6.056,1,6.056,0,12
421,49,0,133,7,26,7,-12,0,0,19,-7,-19,361,12,19,77.06266666666667,7,77.06266666666667,0,19
422,1,25,0,26,1,-24,1,625,0,25,24,25,0,-1,-25,12.4,1,12.4,25,0
423,625,625,0,50,25,0,25,625,0,25,0,25,0,-25,-25,462.354,25,462.354,25,0
424,625,0,0,25,25,25,25,0,0,0,-25,0,0,-25,0,150.27466666666666,25,150.27466666666666,0,0
425,289,255,425,32,42,2,-8,225,375,40,-2,-10,625,8,10,783.0466666666666,17,408.0466666666666,15,25
426,1,25,25,26,26,-24,-24,625,625,50,24,0,625,24,0,650.0,1,25.0,25,25
427,4,50,50,27,27,-23,-23,625,625,50,23,0,625,23,0,675.4773333333334,2,50.47733333333338,25,25
428,625,250,0,35,25,15,25,100,0,10,-15,10,0,-25,-10,274.1426666666667,25,274.1426666666667,10,0
429,1,0,12,1,13,1,-11,0,0,12,-1,-12,144,11,12,6.056,1,6.056,0,12
430,49,0,175,7,32,7,-18,0,0,25,-7,-25,625,18,25,98.61266666666667,7,98.61266666666667,0,25
431,625,625,0,50,25,0,25,625,0,25,0,25,0,-25,-25,464.9766666666667,25,464.9766666666667,25,0
432,121,275,0,36,11,-14,11,625,0,25,14,25,0,-11,-25,165.12466666666666,11,165.12466666666666,25,0
433,121,275,0,36,11,-14,11,625,0,25,14,25,0,-11,-25,165.20933333333332,11,165.20933333333332,25,0
434,625,0,0,25,25,25,25,0,0,0,-25,0,0,-25,0,149.98533333333333,25,149.98533333333333,0,0
435,625,625,0,50,25,0,25,625,0,25,0,25,0,-25,-25,462.49066666666664,25,462.49066666666664,25,0
436,121,275,0,36,11,-14,11,625,0,25,14,25,0,-11,-25,166.69133333333335,11,166.69133333333335,25,0
437,100,250,0,35,10,-15,10,625,0,25,15,25,0,-10,-25,148.272,10,148.272,25,0
438,625,0,0,25,25,25,25,0,0,0,-25,0,0,-25,0,150.016,25,150.016,0,0
439,625,0,0,25,25,25,25,0,0,0,-25,0,0,-25,0,149.85333333333332,25,149.85333333333332,0,0
440,169,0,0,13,13,13,13,0,0,0,-13,0,0,-13,0,39.09733333333333,13,39.09733333333333,0,0
441,1,25,0,26,1,-24,1,625,0,25,24,25,0,-1,-25,12.666666666666666,1,12.666666666666666,25,0
442,1,0,0,1,1,1,1,0,0,0,-1,0,0,-1,0,0.0,1,0.0,0,0
443,4,0,0,2,2,2,2,0,0,0,-2,0,0,-2,0,0.5033333333333333,2,0.5033333333333333,0,0
444,1,0,25,1,26,1,-24,0,0,25,-1,-25,625,24,25,13.216666666666667,1,13.216666666666667,0,25
445,169,0,0,13,13,13,13,0,0,0,-13,0,0,-13,0,39.12,13,39.12,0,0
446,121,275,0,36,11,-14,11,625,0,25,14,25,0,-11,-25,164.358,11,164.358,25,0
447,100,250,0,35,10,-15,10,625,0,25,15,25,0,-10,-25,148.15733333333333,10,148.15733333333333,25,0
448,121,275,0,36,11,-14,11,625,0,25,14,25,0,-11,-25,164.502,11,164.502,25,0
449,100,250,0,35,10,-15,10,625,0,25,15,25,0,-10,-25,147.07733333333334,10,147.07733333333334,25,0
450,625,250,0,35,25,15,25,100,0,10,-15,10,0,-25,-10,275.40933333333334,25,275.40933333333334,10,0
451,625,250,0,35,25,15,25,100,0,10,-15,10,0,-25,-10,275.15866666666665,25,275.15866666666665,10,0
452,625,225,0,34,25,16,25,81,0,9,-16,9,0,-25,-9,263.27733333333333,25,263.27733333333333,9,0
453,625,625,0,50,25,0,25,625,0,25,0,25,0,-25,-25,463.732,25,463.732,25,0
454,625,250,0,35,25,15,25,100,0,10,-15,10,0,-25,-10,274.0106666666667,25,274.0106666666667,10,0
455,625,0,0,25,25,25,25,0,0,0,-25,0,0,-25,0,150.044,25,150.044,0,0
456,1,0,25,1,26,1,-24,0,0,25,-1,-25,625,24,25,12.6,1,12.6,0,25
457,4,0,50,2,27,2,-23,0,0,25,-2,-25,625,23,25,24.994666666666667,2,24.994666666666667,0,25
458,1,0,12,1,13,1,-11,0,0,12,-1,-12,144,11,12,6.056,1,6.056,0,12
459,49,0,133,7,26,7,-12,0,0,19,-7,-19,361,12,19,77.06266666666667,7,77.06266666666667,0,19
460,1,25,0,26,1,-24,1,625,0,25,24,25,0,-1,-25,12.4,1,12.4,25,0
461,625,625,0,50,25,0,25,625,0,25,0,25,0,-25,-25,462.354,25,462.354,25,0
462,625,0,0,25,25,25,25,0,0,0,-25,0,0,-25,0,150.27466666666666,25,150.27466666666666,0,0
463,289,255,425,32,42,2,-8,225,375,40,-2,-10,625,8,10,783.0466666666666,17,408.0466666666666,15,25
464,1,25,25,26,26,-24,-24,625,625,50,24,0,625,24,0,650.0,1,25.0,25,25
465,4,50,50,27,27,-23,-23,625,625,50,23,0,625,23,0,675.4773333333334,2,50.47733333333338,25,25
466,625,250,0,35,25,15,25,100,0,10,-15,10,0,-25,-10,274.1426666666667,25,274.1426666666667,10,0
467,1,0,12,1,13,1,-11,0,0,12,-1,-12,144,11,12,6.056,1,6.056,0,12
468,49,0,175,7,32,7,-18,0,0,25,-7,-25,625,18,25,98.61266666666667,7,98.61266666666667,0,25
469,625,625,0,50,25,0,25,625,0,25,0,25,0,-25,-25,464.9766666666667,25,464.9766666666667,25,0
470,121,275,0,36,11,-14,11,625,0,25,14,25,0,-11,-25,165.12466666666666,11,165.12466666666666,25,0
471,121,275,0,36,11,-14,11,625,0,25,14,25,0,-11,-25,165.20933333333332,11,165.20933333333332,25,0
472,625,0,0,25,25,25,25,0,0,0,-25,0,0,-25,0,149.98533333333333,25,149.98533333333333,0,0
473,625,625,0,50,25,0,25,625,0,25,0,25,0,-25,-25,462.49066666666664,25,462.49066666666664,25,0
474,121,275,0,36,11,-14,11,625,0,25,14,25,0,-11,-25,166.69133333333335,11,166.69133333333335,25,0
475,100,250,0,35,10,-15,10,625,0,25,15,25,0,-10,-25,148.272,10,148.272,25,0
476,625,0,0,25,25,25,25,0,0,0,-25,0,0,-25,0,150.016,25,150.016,0,0
477,625,0,0,25,25,25,25,0,0,0,-25,0,0,-25,0,149.85333333333332,25,149.85333333333332,0,0
478,169,0,0,13,13,13,13,0,0,0,-13,0,0,-13,0,39.09733333333333,13,39.09733333333333,0,0
479,1,25,0,26,1,-24,1,625,0,25,24,25,0,-1,-25,12.666666666666666,1,12.666666666666666,25,0
480,1,0,0,1,1,1,1,0,0,0,-1,0,0,-1,0,0.0,1,0.0,0,0
481,4,0,0,2,2,2,2,0,0,0,-2,0,0,-2,0,0.5033333333333333,2,0.5033333333333333,0,0
482,1,0,25,1,26,1,-24,0,0,25,-1,-25,625,24,25,13.216666666666667,1,13.216666666666667,0,25
483,169,0,0,13,13,13,13,0,0,0,-13,0,0,-13,0,39.12,13,39.12,0,0
484,121,275,0,36,11,-14,11,625,0,25,14,25,0,-11,-25,164.358,11,164.358,25,0
485,100,250,0,35,10,-15,10,625,0,25,15,25,0,-10,-25,148.15733333333333,10,148.15733333333333,25,0
486,121,275,0,36,11,-14,11,625,0,25,14,25,0,-11,-25,164.502,11,164.502,25,0
487,100,250,0,35,10,-15,10,625,0,25,15,25,0,-10,-25,147.07733333333334,10,147.07733333333334,25,0
488,625,250,0,35,25,15,25,100,0,10,-15,10,0,-25,-10,275.40933333333334,25,275.40933333333334,10,0
489,625,250,0,35,25,15,25,100,0,10,-15,10,0,-25,-10,275.15866666666665,25,275.15866666666665,10,0
490,625,225,0,34,25,16,25,81,0,9,-16,9,0,-25,-9,263.27733333333333,25,263.27733333333333,9,0
491,625,625,0,50,25,0,25,625,0,25,0,25,0,-25,-25,463.732,25,463.732,25,0
492,625,250,0,35,25,15,25,100,0,10,-15,10,0,-25,-10,274.0106666666667,25,274.0106666666667,10,0
493,625,0,0,25,25,25,25,0,0,0,-25,0,0,-25,0,150.044,25,150.044,0,0
494,1,0,25,1,26,1,-24,0,0,25,-1,-25,625,24,25,12.6,1,12.6,0,25
495,4,0,50,2,27,2,-23,0,0,25,-2,-25,625,23,25,24.994666666666667,2,24.994666666666667,0,25
496,1,0,12,1,13,1,-11,0,0,12,-1,-12,144,11,12,6.056,1,6.056,0,12
497,49,0,133,7,26,7,-12,0,0,19,-7,-19,361,12,19,77.06266666666667,7,77.06266666666667,0,19
498,1,25,0,26,1,-24,1,625,0,25,24,25,0,-1,-25,12.4,1,12.4,25,0
499,625,625,0,50,25,0,25,625,0,25,0,25,0,-25,-25,462.354,25,462.354,25,0
500,625,0,0,25,25,25,25,0,0,0,-25,0,0,-25,0,150.27466666666666,25,150.27466666666666,0,0
501,289,255,425,32,42,2,-8,225,375,40,-2,-10,625,8,10,783.0466666666666,17,408.0466666666666,15,25
502,1,25,25,26,26,-24,-24,625,625,50,24,0,625,24,0,650.0,1,25.0,25,25
503,4,50,50,27,27,-23,-23,625,625,50,23,0,625,23,0,675.4773333333334,2,50.47733333333338,25,25
504,625,250,0,35,25,15,25,100,0,10,-15,10,0,-25,-10,274.1426666666667,25,274.1426666666667,10,0
505,1,0,12,1,13,1,-11,0,0,12,-1,-12,144,11,12,6.056,1,6.056,0,12
506,49,0,175,7,32,7,-18,0,0,25,-7,-25,625,18,25,98.61266666666667,7,98.61266666666667,0,25
507,625,625,0,50,25,0,25,625,0,25,0,25,0,-25,-25,464.9766666666667,25,464.9766666666667,25,0
508,121,275,0,36,11,-14,11,625,0,25,14,25,0,-11,-25,165.12466666666666,11,165.12466666666666,25,0
509,121,275,0,36,11,-14,11,625,0,25,14,25,0,-11,-25,165.20933333333332,11,165.20933333333332,25,0
510,625,0,0,25,25,25,25,0,0,0,-25,0,0,-25,0,149.98533333333333,25,149.98533333333333,0,0
511,625,625,0,50,25,0,25,625,0,25,0,25,0,-25,-25,462.49066666666664,25,462.49066666666664,25,0
512,121,275,0,36,11,-14,11,625,0,25,14,25,0,-11,-25,166.69133333333335,11,166.69133333333335,25,0
513,100,250,0,35,10,-15,10,625,0,25,15,25,0,-10,-25,148.272,10,148.272,25,0
514,625,0,0,25,25,25,25,0,0,0,-25,0,0,-25,0,150.016,25,150.016,0,0
515,625,0,0,25,25,25,25,0,0,0,-25,0,0,-25,0,149.85333333333332,25,149.85333333333332,0,0
516,169,0,0,13,13,13,13,0,0,0,-13,0,0,-13,0,39.09733333333333,13,39.09733333333333,0,0
517,1,25,0,26,1,-24,1,625,0,25,24,25,0,-1,-25,12.666666666666666,1,12.666666666666666,25,0
518,1,0,0,1,1,1,1,0,0,0,-1,0,0,-1,0,0.0,1,0.0,0,0
519,4,0,0,2,2,2,2,0,0,0,-2,0,0,-2,0,0.5033333333333333,2,0.5033333333333333,0,0
520,1,0,25,1,26,1,-24,0,0,25,-1,-25,625,24,25,13.216666666666667,1,13.216666666666667,0,25
521,169,0,0,13,13,13,13,0,0,0,-13,0,0,-13,0,39.12,13,39.12,0,0
522,121,275,0,36,11,-14,11,625,0,25,14,25,0,-11,-25,164.358,11,164.358,25,0
523,100,250,0,35,10,-15,10,625,0,25,15,25,0,-10,-25,148.15733333333333,10,148.15733333333333,25,0
524,121,275,0,36,11,-14,11,625,0,25,14,25,0,-11,-25,164.502,11,164.502,25,0
525,100,250,0,35,10,-15,10,625,0,25,15,25,0,-10,-25,147.07733333333334,10,147.07733333333334,25,0
526,625,250,0,35,25,15,25,100,0,10,-15,10,0,-25,-10,275.40933333333334,25,275.40933333333334,10,0
527,625,250,0,35,25,15,25,100,0,10,-15,10,0,-25,-10,275.15866666666665,25,275.15866666666665,10,0
528,625,225,0,34,25,16,25,81,0,9,-16,9,0,-25,-9,263.27733333333333,25,263.27733333333333,9,0
529,625,625,0,50,25,0,25,625,0,25,0,25,0,-25,-25,463.732,25,463.732,25,0
530,625,250,0,35,25,15,25,100,0,10,-15,10,0,-25,-10,274.0106666666667,25,274.0106666666667,10,0
531,625,0,0,25,25,25,25,0,0,0,-25,0,0,-25,0,150.044,25,150.044,0,0
532,1,0,25,1,26,1,-24,0,0,25,-1,-25,625,24,25,12.6,1,12.6,0,25
533,4,0,50,2,27,2,-23,0,0,25,-2,-25,625,23,25,24.994666666666667,2,24.994666666666667,0,25
534,1,0,12,1,13,1,-11,0,0,12,-1,-12,144,11,12,6.056,1,6.056,0,12
535,49,0,133,7,26,7,-12,0,0,19,-7,-19,361,12,19,77.06266666666667,7,77.06266666666667,0,19
536,1,25,0,26,1,-24,1,625,0,25,24,25,0,-1,-25,12.4,1,12.4,25,0
537,625,625,0,50,25,0,25,625,0,25,0,25,0,-25,-25,462.354,25,462.354,25,0
538,625,0,0,25,25,25,25,0,0,0,-25,0,0,-25,0,150.27466666666666,25,150.27466666666666,0,0
539,289,255,425,32,42,2,-8,225,375,40,-2,-10,625,8,10,783.0466666666666,17,408.0466666666666,15,25
540,1,25,25,26,26,-24,-24,625,625,50,24,0,625,24,0,650.0,1,25.0,25,25
541,4,50,50,27,27,-23,-23,625,625,50,23,0,625,23,0,675.4773333333334,2,50.47733333333338,25,25
542,625,250,0,35,25,15,25,100,0,10,-15,10,0,-25,-10,274.1426666666667,25,274.1426666666667,10,0
543,1,0,12,1,13,1,-11,0,0,12,-1,-12,144,11,12,6.056,1,6.056,0,12
544,49,0,175,7,32,7,-18,0,0,25,-7,-25,625,18,25,98.61266666666667,7,98.61266666666667,0,25
545,625,625,0,50,25,0,25,625,0,25,0,25,0,-25,-25,464.9766666666667,25,464.9766666666667,25,0
546,121,275,0,36,11,-14,11,625,0,25,14,25,0,-11,-25,165.12466666666666,11,165.12466666666666,25,0
547,121,275,0,36,11,-14,11,625,0,25,14,25,0,-11,-25,165.20933333333332,11,165.20933333333332,25,0
548,625,0,0,25,25,25,25,0,0,0,-25,0,0,-25,0,149.98533333333333,25,149.98533333333333,0,0
549,625,625,0,50,25,0,25,625,0,25,0,25,0,-25,-25,462.49066666666664,25,462.49066666666664,25,0
550,121,275,0,36,11,-14,11,625,0,25,14,25,0,-11,-25,166.69133333333335,11,166.69133333333335,25,0
551,100,250,0,35,10,-15,10,625,0,25,15,25,0,-10,-25,148.272,10,148.272,25,0
552,625,0,0,25,25,25,25,0,0,0,-25,0,0,-25,0,150.016,25,150.016,0,0
553,625,0,0,25,25,25,25,0,0,0,-25,0,0,-25,0,149.85333333333332,25,149.85333333333332,0,0
554,169,0,0,13,13,13,13,0,0,0,-13,0,0,-13,0,39.09733333333333,13,39.09733333333333,0,0
555,1,25,0,26,1,-24,1,625,0,25,24,25,0,-1,-25,12.666666666666666,1,12.666666666666666,25,0
556,1,0,0,1,1,1,1,0,0,0,-1,0,0,-1,0,0.0,1,0.0,0,0
557,4,0,0,2,2,2,2,0,0,0,-2,0,0,-2,0,0.5033333333333333,2,0.5033333333333333,0,0
558,1,0,25,1,26,1,-24,0,0,25,-1,-25,625,24,25,13.216666666666667,1,13.216666666666667,0,25
559,169,0,0,13,13,13,13,0,0,0,-13,0,0,-13,0,39.12,13,39.12,0,0
560,121,275,0,36,11,-14,11,625,0,25,14,25,0,-11,-25,164.358,11,164.358,25,0
561,100,250,0,35,10,-15,10,625,0,25,15,25,0,-10,-25,148.15733333333333,10,148.15733333333333,25,0
562,121,275,0,36,11,-14,11,625,0,25,14,25,0,-11,-25,164.502,11,164.502,25,0
563,100,250,0,35,10,-15,10,625,0,25,15,25,0,-10,-25,147.07733333333334,10,147.07733333333334,25,0
564,625,250,0,35,25,15,25,100,0,10,-15,10,0,-25,-10,275.40933333333334,25,275.40933333333334,10,0
565,625,250,0,35,25,15,25,100,0,10,-15,10,0,-25,-10,275.15866666666665,25,275.15866666666665,10,0
566,625,225,0,34,25,16,25,81,0,9,-16,9,0,-25,-9,263.27733333333333,25,263.27733333333333,9,0
567,625,625,0,50,25,0,25,625,0,25,0,25,0,-25,-25,463.732,25,463.732,25,0
568,625,250,0,35,25,15,25,100,0,10,-15,10,0,-25,-10,274.0106666666667,25,274.0106666666667,10,0
569,625,0,0,25,25,25,25,0,0,0,-25,0,0,-25,0,150.044,25,150.044,0,0
570,1,0,25,1,26,1,-24,0,0,25,-1,-25,625,24,25,12.6,1,12.6,0,25
571,4,0,50,2,27,2,-23,0,0,25,-2,-25,625,23,25,24.994666666666667,2,24.994666666666667,0,25
572,1,0,12,1,13,1,-11,0,0,12,-1,-12,144,11,12,6.056,1,6.056,0,12
573,49,0,133,7,26,7,-12,0,0,19,-7,-19,361,12,19,77.06266666666667,7,77.06266666666667,0,19
574,1,25,0,26,1,-24,1,625,0,25,24,25,0,-1,-25,12.4,1,12.4,25,0
575,625,625,0,50,25,0,25,625,0,25,0,25,0,-25,-25,462.354,25,462.354,25,0
576,625,0,0,25,25,25,25,0,0,0,-25,0,0,-25,0,150.27466666666666,25,150.27466666666666,0,0
577,289,255,425,32,42,2,-8,225,375,40,-2,-10,625,8,10,783.0466666666666,17,408.0466666666666,15,25
578,1,25,25,26,26,-24,-24,625,625,50,24,0,625,24,0,650.0,1,25.0,25,25
579,4,50,50,27,27,-23,-23,625,625,50,23,0,625,23,0,675.4773333333334,2,50.47733333333338,25,25
580,625,250,0,35,25,15,25,100,0,10,-15,10,0,-25,-10,274.1426666666667,25,274.1426666666667,10,0
581,1,0,12,1,13,1,-11,0,0,12,-1,-12,144,11,12,6.056,1,6.056,0,12
582,49,0,175,7,32,7,-18,0,0,25,-7,-25,625,18,25,98.61266666666667,7,98.61266666666667,0,25
583,625,625,0,50,25,0,25,625,0,25,0,25,0,-25,-25,464.9766666666667,25,464.9766666666667,25,0
584,121,275,0,36,11,-14,11,625,0,25,14,25,0,-11,-25,165.12466666666666,11,165.12466666666666,25,0
585,121,275,0,36,11,-14,11,625,0,25,14,25,0,-11,-25,165.20933333333332,11,165.20933333333332,25,0
586,625,0,0,25,25,25,25,0,0,0,-25,0,0,-25,0,149.98533333333333,25,149.98533333333333,0,0
587,625,625,0,50,25,0,25,625,0,25,0,25,0,-25,-25,462.49066666666664,25,462.49066666666664,25,0
588,121,275,0,36,11,-14,11,625,0,25,14,25,0,-11,-25,166.69133333333335,11,166.69133333333335,25,0
589,100,250,0,35,10,-15,10,625,0,25,15,25,0,-10,-25,148.272,10,148.272,25,0
590,625,0,0,25,25,25,25,0,0,0,-25,0,0,-25,0,150.016,25,150.016,0,0
591,625,0,0,25,25,25,25,0,0,0,-25,0,0,-25,0,149.85333333333332,25,149.85333333333332,0,0
592,169,0,0,13,13,13,13,0,0,0,-13,0,0,-13,0,39.09733333333333,13,39.09733333333333,0,0
593,1,25,0,26,1,-24,1,625,0,25,24,25,0,-1,-25,12.666666666666666,1,12.666666666666666,25,0
594,1,0,0,1,1,1,1,0,0,0,-1,0,0,-1,0,0.0,1,0.0,0,0
595,4,0,0,2,2,2,2,0,0,0,-2,0,0,-2,0,0.5033333333333333,2,0.5033333333333333,0,0
596,1,0,25,1,26,1,-24,0,0,25,-1,-25,625,24,25,13.216666666666667,1,13.216666666666667,0,25
597,169,0,0,13,13,13,13,0,0,0,-13,0,0,-13,0,39.12,13,39.12,0,0
598,121,275,0,36,11,-14,11,625,0,25,14,25,0,-11,-25,164.358,11,164.358,25,0
599,100,250,0,35,10,-15,10,625,0,25,15,25,0,-10,-25,148.15733333333333,10,148.15733333333333,25,0
600,121,275,0,36,11,-14,11,625,0,25,14,25,0,-11,-25,164.502,11,164.502,25,0
601,100,250,0,35,10,-15,10,625,0,25,15,25,0,-10,-25,147.07733333333334,10,147.07733333333334,25,0
602,625,250,0,35,25,15,25,100,0,10,-15,10,0,-25,-10,275.40933333333334,25,275.40933333333334,10,0
603,625,250,0,35,25,15,25,100,0,10,-15,10,0,-25,-10,275.15866666666665,25,275.15866666666665,10,0
604,625,225,0,34,25,16,25,81,0,9,-16,9,0,-25,-9,263.27733333333333,25,263.27733333333333,9,0
605,625,625,0,50,25,0,25,625,0,25,0,25,0,-25,-25,463.732,25,463.732,25,0
606,625,250,0,35,25,15,25,100,0,10,-15,10,0,-25,-10,274.0106666666667,25,274.0106666666667,10,0
607,625,0,0,25,25,25,25,0,0,0,-25,0,0,-25,0,150.044,25,150.044,0,0
608,1,0,25,1,26,1,-24,0,0,25,-1,-25,625,24,25,12.6,1,12.6,0,25
609,4,0,50,2,27,2,-23,0,0,25,-2,-25,625,23,25,24.994666666666667,2,24.994666666666667,0,25
610,1,0,12,1,13,1,-11,0,0,12,-1,-12,144,11,12,6.056,1,6.056,0,12
611,49,0,133,7,26,7,-12,0,0,19,-7,-19,361,12,19,77.06266666666667,7,77.06266666666667,0,19
612,1,25,0,26,1,-24,1,625,0,25,24,25,0,-1,-25,12.4,1,12.4,25,0
613,625,625,0,50,25,0,25,625,0,25,0,25,0,-25,-25,462.354,25,462.354,25,0
614,625,0,0,25,25,25,25,0,0,0,-25,0,0,-25,0,150.27466666666666,25,150.27466666666666,0,0
615,289,255,425,32,42,2,-8,225,375,40,-2,-10,625,8,10,783.0466666666666,17,408.0466666666666,15,25
616,1,25,25,26,26,-24,-24,625,625,50,24,0,625,24,0,650.0,1,25.0,25,25
617,4,50,50,27,27,-23,-23,625,625,50,23,0,625,23,0,675.4773333333334,2,50.47733333333338,25,25
618,625,250,0,35,25,15,25,100,0,10,-15,10,0,-25,-10,274.1426666666667,25,274.1426666666667,10,0
619,1,0,12,1,13,1,-11,0,0,12,-1,-12,144,11,12,6.056,1,6.056,0,12
620,49,0,175,7,32,7,-18,0,0,25,-7,-25,625,18,25,98.61266666666667,7,98.61266666666667,0,25
621,625,625,0,50,25,0,25,625,0,25,0,25,0,-25,-25,464.9766666666667,25,464.9766666666667,25,0
622,121,275,0,36,11,-14,11,625,0,25,14,25,0,-11,-25,165.12466666666666,11,165.12466666666666,25,0
623,121,275,0,36,11,-14,11,625,0,25,14,25,0,-11,-25,165.20933333333332,11,165.20933333333332,25,0
624,625,0,0,25,25,25,25,0,0,0,-25,0,0,-25,0,149.98533333333333,25,149.98533333333333,0,0
625,625,625,0,50,25,0,25,625,0,25,0,25,0,-25,-25,462.49066666666664,25,462.49066666666664,25,0
626,121,275,0,36,11,-14,11,625,0,25,14,25,0,-11,-25,166.69133333333335,11,166.69133333333335,25,0
627,100,250,0,35,10,-15,10,625,0,25,15,25,0,-10,-25,148.272,10,148.272,25,0
628,625,0,0,25,25,25,25,0,0,0,-25,0,0,-25,0,150.016,25,150.016,0,0
629,625,0,0,25,25,25,25,0,0,0,-25,0,0,-25,0,149.85333333333332,25,149.85333333333332,0,0
630,169,0,0,13,13,13,13,0,0,0,-13,0,0,-13,0,39.09733333333333,13,39.09733333333333,0,0
631,1,25,0,26,1,-24,1,625,0,25,24,25,0,-1,-25,12.666666666666666,1,12.666666666666666,25,0
632,1,0,0,1,1,1,1,0,0,0,-1,0,0,-1,0,0.0,1,0.0,0,0
633,4,0,0,2,2,2,2,0,0,0,-2,0,0,-2,0,0.5033333333333333,2,0.5033333333333333,0,0
634,1,0,25,1,26,1,-24,0,0,25,-1,-25,625,24,25,13.216666666666667,1,13.216666666666667,0,25
635,169,0,0,13,13,13,13,0,0,0,-13,0,0,-13,0,39.12,13,39.12,0,0
636,121,275,0,36,11,-14,11,625,0,25,14,25,0,-11,-25,164.358,11,164.358,25,0
637,100,250,0,35,10,-15,10,625,0,25,15,25,0,-10,-25,148.15733333333333,10,148.15733333333333,25,0
638,121,275,0,36,11,-14,11,625,0,25,14,25,0,-11,-25,164.502,11,164.502,25,0
639,100,250,0,35,10,-15,10,625,0,25,15,25,0,-10,-25,147.07733333333334,10,147.07733333333334,25,0
640,625,250,0,35,25,15,25,100,0,10,-15,10,0,-25,-10,275.40933333333334,25,275.40933333333334,10,0
641,625,250,0,35,25,15,25,100,0,10,-15,10,0,-25,-10,275.15866666666665,25,275.15866666666665,10,0
642,625,225,0,34,25,16,25,81,0,9,-16,9,0,-25,-9,263.27733333333333,25,263.27733333333333,9,0
643,625,625,0,50,25,0,25,625,0,25,0,25,0,-25,-25,463.732,25,463.732,25,0
644,625,250,0,35,25,15,25,100,0,10,-15,10,0,-25,-10,274.0106666666667,25,274.0106666666667,10,0
645,625,0,0,25,25,25,25,0,0,0,-25,0,0,-25,0,150.044,25,150.044,0,0
646,1,0,25,1,26,1,-24,0,0,25,-1,-25,625,24,25,12.6,1,12.6,0,25
647,4,0,50,2,27,2,-23,0,0,25,-2,-25,625,23,25,24.994666666666667,2,24.994666666666667,0,25
648,1,0,12,1,13,1,-11,0,0,12,-1,-12,144,11,12,6.056,1,6.056,0,12
649,49,0,133,7,26,7,-12,0,0,19,-7,-19,361,12,19,77.06266666666667,7,77.06266666666667,0,19
650,1,25,0,26,1,-24,1,625,0,25,24,25,0,-1,-25,12.4,1,12.4,25,0
651,625,625,0,50,25,0,25,625,0,25,0,25,0,-25,-25,462.354,25,462.354,25,0
652,625,0,0,25,25,25,25,0,0,0,-25,0,0,-25,0,150.27466666666666,25,150.27466666666666,0,0
653,289,255,425,32,42,2,-8,225,375,40,-2,-10,625,8,10,783.0466666666666,17,408.0466666666666,15,25
654,1,25,25,26,26,-24,-24,625,625,50,24,0,625,24,0,650.0,1,25.0,25,25
655,4,50,50,27,27,-23,-23,625,625,50,23,0,625,23,0,675.4773333333334,2,50.47733333333338,25,25
656,625,250,0,35,25,15,25,100,0,10,-15,10,0,-25,-10,274.1426666666667,25,274.1426666666667,10,0
657,1,0,12,1,13,1,-11,0,0,12,-1,-12,144,11,12,6.056,1,6.056,0,12
658,49,0,175,7,32,7,-18,0,0,25,-7,-25,625,18,25,98.61266666666667,7,98.61266666666667,0,25
659,625,625,0,50,25,0,25,625,0,25,0,25,0,-25,-25,464.9766666666667,25,464.9766666666667,25,0
660,121,275,0,36,11,-14,11,625,0,25,14,25,0,-11,-25,165.12466666666666,11,165.12466666666666,25,0
661,121,275,0,36,11,-14,11,625,0,25,14,25,0,-11,-25,165.20933333333332,11,165.20933333333332,25,0
662,625,0,0,25,25,25,25,0,0,0,-25,0,0,-25,0,149.98533333333333,25,149.98533333333333,0,0
663,625,625,0,50,25,0,25,625,0,25,0,25,0,-25,-25,462.49066666666664,25,462.49066666666664,25,0
664,121,275,0,36,11,-14,11,625,0,25,14,25,0,-11,-25,166.69133333333335,11,166.69133333333335,25,0
665,100,250,0,35,10,-15,10,625,0,25,15,25,0,-10,-25,148.272,10,148.272,25,0
666,625,0,0,25,25,25,25,0,0,0,-25,0,0,-25,0,150.016,25,150.016,0,0
667,625,0,0,25,25,25,25,0,0,0,-25,0,0,-25,0,149.85333333333332,25,149.85333333333332,0,0
668,169,0,0,13,13,13,13,0,0,0,-13,0,0,-13,0,39.09733333333333,13,39.09733333333333,0,0
669,1,25,0,26,1,-24,1,625,0,25,24,25,0,-1,-25,12.666666666666666,1,12.666666666666666,25,0
670,1,0,0,1,1,1,1,0,0,0,-1,0,0,-1,0,0.0,1,0.0,0,0
671,4,0,0,2,2,2,2,0,0,0,-2,0,0,-2,0,0.5033333333333333,2,0.5033333333333333,0,0
672,1,0,25,1,26,1,-24,0,0,25,-1,-25,625,24,25,13.216666666666667,1,13.216666666666667,0,25
673,169,0,0,13,13,13,13,0,0,0,-13,0,0,-13,0,39.12,13,39.12,0,0
674,121,275,0,36,11,-14,11,625,0,25,14,25,0,-11,-25,164.358,11,164.358,25,0
675,100,250,0,35,10,-15,10,625,0,25,15,25,0,-10,-25,148.15733333333333,10,148.15733333333333,25,0
676,121,275,0,36,11,-14,11,625,0,25,14,25,0,-11,-25,164.502,11,164.502,25,0
677,100,250,0,35,10,-15,10,625,0,25,15,25,0,-10,-25,147.07733333333334,10,147.07733333333334,25,0
678,625,250,0,35,25,15,25,100,0,10,-15,10,0,-25,-10,275.40933333333334,25,275.40933333333334,10,0
679,625,250,0,35,25,15,25,100,0,10,-15,10,0,-25,-10,275.15866666666665,25,275.15866666666665,10,0
680,625,225,0,34,25,16,25,81,0,9,-16,9,0,-25,-9,263.27733333333333,25,263.27733333333333,9,0
681,625,625,0,50,25,0,25,625,0,25,0,25,0,-25,-25,463.732,25,463.732,25,0
682,625,250,0,35,25,15,25,100,0,10,-15,10,0,-25,-10,274.0106666666667,25,274.0106666666667,10,0
683,625,0,0,25,25,25,25,0,0,0,-25,0,0,-25,0,150.044,25,150.044,0,0
684,1,0,25,1,26,1,-24,0,0,25,-1,-25,625,24,25,12.6,1,12.6,0,25
685,4,0,50,2,27,2,-23,0,0,25,-2,-25,625,23,25,24.994666666666667,2,24.994666666666667,0,25
686,1,0,12,1,13,1,-11,0,0,12,-1,-12,144,11,12,6.056,1,6.056,0,12
687,49,0,133,7,26,7,-12,0,0,19,-7,-19,361,12,19,77.06266666666667,7,77.06266666666667,0,19
688,1,25,0,26,1,-24,1,625,0,25,24,25,0,-1,-25,12.4,1,12.4,25,0
689,625,625,0,50,25,0,25,625,0,25,0,25,0,-25,-25,462.354,25,462.354,25,0
690,625,0,0,25,25,25,25,0,0,0,-25,0,0,-25,0,150.27466666666666,25,150.27466666666666,0,0
691,289,255,425,32,42,2,-8,225,375,40,-2,-10,625,8,10,783.0466666666666,17,408.0466666666666,15,25
692,1,25,25,26,26,-24,-24,625,625,50,24,0,625,24,0,650.0,1,25.0,25,25
693,4,50,50,27,27,-23,-23,625,625,50,23,0,625,23,0,675.4773333333334,2,50.47733333333338,25,25
694,625,250,0,35,25,15,25,100,0,10,-15,10,0,-25,-10,274.1426666666667,25,274.1426666666667,10,0
695,1,0,12,1,13,1,-11,0,0,12,-1,-12,144,11,12,6.056,1,6.056,0,12
696,49,0,175,7,32,7,-18,0,0,25,-7,-25,625,18,25,98.61266666666667,7,98.61266666666667,0,25
697,625,625,0,50,25,0,25,625,0,25,0,25,0,-25,-25,464.9766666666667,25,464.9766666666667,25,0
698,121,275,0,36,11,-14,11,625,0,25,14,25,0,-11,-25,165.12466666666666,11,165.12466666666666,25,0
699,121,275,0,36,11,-14,11,625,0,25,14,25,0,-11,-25,165.20933333333332,11,165.20933333333332,25,0
700,625,0,0,25,25,25,25,0,0,0,-25,0,0,-25,0,149.98533333333333,25,149.98533333333333,0,0
701,625,625,0,50,25,0,25,625,0,25,0,25,0,-25,-25,462.49066666666664,25,462.49066666666664,25,0
702,121,275,0,36,11,-14,11,625,0,25,14,25,0,-11,-25,166.69133333333335,11,166.69133333333335,25,0
703,100,250,0,35,10,-15,10,625,0,25,15,25,0,-10,-25,148.272,10,148.272,25,0
704,625,0,0,25,25,25,25,0,0,0,-25,0,0,-25,0,150.016,25,150.016,0,0
705,625,0,0,25,25,25,25,0,0,0,-25,0,0,-25,0,149.85333333333332,25,149.85333333333332,0,0
706,169,0,0,13,13,13,13,0,0,0,-13,0,0,-13,0,39.09733333333333,13,39.09733333333333,0,0
707,1,25,0,26,1,-24,1,625,0,25,24,25,0,-1,-25,12.666666666666666,1,12.666666666666666,25,0
708,1,0,0,1,1,1,1,0,0,0,-1,0,0,-1,0,0.0,1,0.0,0,0
709,4,0,0,2,2,2,2,0,0,0,-2,0,0,-2,0,0.5033333333333333,2,0.5033333333333333,0,0
710,1,0,25,1,26,1,-24,0,0,25,-1,-25,625,24,25,13.216666666666667,1,13.216666666666667,0,25
711,169,0,0,13,13,13,13,0,0,0,-13,0,0,-13,0,39.12,13,39.12,0,0
712,121,275,0,36,11,-14,11,625,0,25,14,25,0,-11,-25,164.358,11,164.358,25,0
713,100,250,0,35,10,-15,10,625,0,25,15,25,0,-10,-25,148.15733333333333,10,148.15733333333333,25,0
714,121,275,0,36,11,-14,11,625,0,25,14,25,0,-11,-25,164.502,11,164.502,25,0
715,100,250,0,35,10,-15,10,625,0,25,15,25,0,-10,-25,147.07733333333334,10,147.07733333333334,25,0
716,625,250,0,35,25,15,25,100,0,10,-15,10,0,-25,-10,275.40933333333334,25,275.40933333333334,10,0
717,625,250,0,35,25,15,25,100,0,10,-15,10,0,-25,-10,275.15866666666665,25,275.15866666666665,10,0
718,625,225,0,34,25,16,25,81,0,9,-16,9,0,-25,-9,263.27733333333333,25,263.27733333333333,9,0
719,625,625,0,50,25,0,25,625,0,25,0,25,0,-25,-25,463.732,25,463.732,25,0
720,625,250,0,35,25,15,25,100,0,10,-15,10,0,-25,-10,274.0106666666667,25,274.0106666666667,10,0
721,625,0,0,25,25,25,25,0,0,0,-25,0,0,-25,0,150.044,25,150.044,0,0
722,1,0,25,1,26,1,-24,0,0,25,-1,-25,625,24,25,12.6,1,12.6,0,25
723,4,0,50,2,27,2,-23,0,0,25,-2,-25,625,23,25,24.994666666666667,2,24.994666666666667,0,25
724,1,0,12,1,13,1,-11,0,0,12,-1,-12,144,11,12,6.056,1,6.056,0,12
725,49,0,133,7,26,7,-12,0,0,19,-7,-19,361,12,19,77.06266666666667,7,77.06266666666667,0,19
726,1,25,0,26,1,-24,1,625,0,25,24,25,0,-1,-25,12.4,1,12.4,25,0
727,625,625,0,50,25,0,25,625,0,25,0,25,0,-25,-25,462.354,25,462.354,25,0
728,625,0,0,25,25,25,25,0,0,0,-25,0,0,-25,0,150.27466666666666,25,150.27466666666666,0,0
729,289,255,425,32,42,2,-8,225,375,40,-2,-10,625,8,10,783.0466666666666,17,408.0466666666666,15,25
730,1,25,25,26,26,-24,-24,625,625,50,24,0,625,24,0,650.0,1,25.0,25,25
731,4,50,50,27,27,-23,-23,625,625,50,23,0,625,23,0,675.4773333333334,2,50.47733333333338,25,25
732,625,250,0,35,25,15,25,100,0,10,-15,10,0,-25,-10,274.1426666666667,25,274.1426666666667,10,0
733,1,0,12,1,13,1,-11,0,0,12,-1,-12,144,11,12,6.056,1,6.056,0,12
734,49,0,175,7,32,7,-18,0,0,25,-7,-25,625,18,25,98.61266666666667,7,98.61266666666667,0,25
735,625,625,0,50,25,0,25,625,0,25,0,25,0,-25,-25,464.9766666666667,25,464.9766666666667,25,0
736,121,275,0,36,11,-14,11,625,0,25,14,25,0,-11,-25,165.12466666666666,11,165.12466666666666,25,0
737,121,275,0,36,11,-14,11,625,0,25,14,25,0,-11,-25,165.20933333333332,11,165.20933333333332,25,0
738,625,0,0,25,25,25,25,0,0,0,-25,0,0,-25,0,149.98533333333333,25,149.98533333333333,0,0
739,625,625,0,50,25,0,25,625,0,25,0,25,0,-25,-25,462.49066666666664,25,462.49066666666664,25,0
740,121,275,0,36,11,-14,11,625,0,25,14,25,0,-11,-25,166.69133333333335,11,166.69133333333335,25,0
741,100,250,0,35,10,-15,10,625,0,25,15,25,0,-10,-25,148.272,10,148.272,25,0
742,625,0,0,25,25,25,25,0,0,0,-25,0,0,-25,0,150.016,25,150.016,0,0
743,625,0,0,25,25,25,25,0,0,0,-25,0,0,-25,0,149.85333333333332,25,149.85333333333332,0,0
744,169,0,0,13,13,13,13,0,0,0,-13,0,0,-13,0,39.09733333333333,13,39.09733333333333,0,0
745,1,25,0,26,1,-24,1,625,0,25,24,25,0,-1,-25,12.666666666666666,1,12.666666666666666,25,0
746,1,0,0,1,1,1,1,0,0,0,-1,0,0,-1,0,0.0,1,0.0,0,0
747,4,0,0,2,2,2,2,0,0,0,-2,0,0,-2,0,0.5033333333333333,2,0.5033333333333333,0,0
748,1,0,25,1,26,1,-24,0,0,25,-1,-25,625,24,25,13.216666666666667,1,13.216666666666667,0,25
749,169,0,0,13,13,13,13,0,0,0,-13,0,0,-13,0,39.12,13,39.12,0,0
750,121,275,0,36,11,-14,11,625,0,25,14,25,0,-11,-25,164.358,11,164.358,25,0
751,100,250,0,35,10,-15,10,625,0,25,15,25,0,-10,-25,148.15733333333333,10,148.15733333333333,25,0
752,121,275,0,36,11,-14,11,625,0,25,14,25,0,-11,-25,164.502,11,164.502,25,0
753,100,250,0,35,10,-15,10,625,0,25,15,25,0,-10,-25,147.07733333333334,10,147.07733333333334,25,0
754,625,250,0,35,25,15,25,100,0,10,-15,10,0,-25,-10,275.40933333333334,25,275.40933333333334,10,0
755,625,250,0,35,25,15,25,100,0,10,-15,10,0,-25,-10,275.15866666666665,25,275.15866666666665,10,0
756,625,225,0,34,25,16,25,81,0,9,-16,9,0,-25,-9,263.27733333333333,25,263.27733333333333,9,0
757,625,625,0,50,25,0,25,625,0,25,0,25,0,-25,-25,463.732,25,463.732,25,0
758,625,250,0,35,25,15,25,100,0,10,-15,10,0,-25,-10,274.0106666666667,25,274.0106666666667,10,0
759,625,0,0,25,25,25,25,0,0,0,-25,0,0,-25,0,150.044,25,150.044,0,0
760,1,0,25,1,26,1,-24,0,0,25,-1,-25,625,24,25,12.6,1,12.6,0,25
761,4,0,50,2,27,2,-23,0,0,25,-2,-25,625,23,25,24.994666666666667,2,24.994666666666667,0,25
762,1,0,12,1,13,1,-11,0,0,12,-1,-12,144,11,12,6.056,1,6.056,0,12
763,49,0,133,7,26,7,-12,0,0,19,-7,-19,361,12,19,77.06266666666667,7,77.06266666666667,0,19
764,1,25,0,26,1,-24,1,625,0,25,24,25,0,-1,-25,12.4,1,12.4,25,0
765,625,625,0,50,25,0,25,625,0,25,0,25,0,-25,-25,462.354,25,462.354,25,0
766,625,0,0,25,25,25,25,0,0,0,-25,0,0,-25,0,150.27466666666666,25,150.27466666666666,0,0
767,289,255,425,32,42,2,-8,225,375,40,-2,-10,625,8,10,783.0466666666666,17,408.0466666666666,15,25
768,1,25,25,26,26,-24,-24,625,625,50,24,0,625,24,0,650.0,1,25.0,25,25
769,4,50,50,27,27,-23,-23,625,625,50,23,0,625,23,0,675.4773333333334,2,50.47733333333338,25,25
770,625,250,0,35,25,15,25,100,0,10,-15,10,0,-25,-10,274.1426666666667,25,274.1426666666667,10,0
771,1,0,12,1,13,1,-11,0,0,12,-1,-12,144,11,12,6.056,1,6.056,0,12
772,49,0,175,7,32,7,-18,0,0,25,-7,-25,625,18,25,98.61266666666667,7,98.61266666666667,0,25
773,625,625,0,50,25,0,25,625,0,25,0,25,0,-25,-25,464.9766666666667,25,464.9766666666667,25,0
774,121,275,0,36,11,-14,11,625,0,25,14,25,0,-11,-25,165.12466666666666,11,165.12466666666666,25,0
775,121,275,0,36,11,-14,11,625,0,25,14,25,0,-11,-25,165.20933333333332,11,165.20933333333332,25,0
776,625,0,0,25,25,25,25,0,0,0,-25,0,0,-25,0,149.98533333333333,25,149.98533333333333,0,0
777,625,625,0,50,25,0,25,625,0,25,0,25,0,-25,-25,462.49066666666664,25,462.49066666666664,25,0
778,121,275,0,36,11,-14,11,625,0,25,14,25,0,-11,-25,166.69133333333335,11,166.69133333333335,25,0
779,100,250,0,35,10,-15,10,625,0,25,15,25,0,-10,-25,148.272,10,148.272,25,0
780,625,0,0,25,25,25,25,0,0,0,-25,0,0,-25,0,150.016,25,150.016,0,0
781,625,0,0,25,25,25,25,0,0,0,-25,0,0,-25,0,149.85333333333332,25,149.85333333333332,0,0
782,169,0,0,13,13,13,13,0,0,0,-13,0,0,-13,0,39.09733333333333,13,39.09733333333333,0,0
783,1,25,0,26,1,-24,1,625,0,25,24,25,0,-1,-25,12.666666666666666,1,12.666666666666666,25,0
784,1,0,0,1,1,1,1,0,0,0,-1,0,0,-1,0,0.0,1,0.0,0,0
785,4,0,0,2,2,2,2,0,0,0,-2,0,0,-2,0,0.5033333333333333,2,0.5033333333333333,0,0
786,1,0,25,1,26,1,-24,0,0,25,-1,-25,625,24,25,13.216666666666667,1,13.216666666666667,0,25
787,169,0,0,13,13,13,13,0,0,0,-13,0,0,-13,0,39.12,13,39.12,0,0
788,121,275,0,36,11,-14,11,625,0,25,14,25,0,-11,-25,164.358,11,164.358,25,0
789,100,250,0,35,10,-15,10,625,0,25,15,25,0,-10,-25,148.15733333333333,10,148.15733333333333,25,0
790,121,275,0,36,11,-14,11,625,0,25,14,25,0,-11,-25,164.502,11,164.502,25,0
791,100,250,0,35,10,-15,10,625,0,25,15,25,0,-10,-25,147.07733333333334,10,147.07733333333334,25,0
792,625,250,0,35,25,15,25,100,0,10,-15,10,0,-25,-10,275.40933333333334,25,275.40933333333334,10,0
793,625,250,0,35,25,15,25,100,0,10,-15,10,0,-25,-10,275.15866666666665,25,275.15866666666665,10,0
794,625,225,0,34,25,16,25,81,0,9,-16,9,0,-25,-9,263.27733333333333,25,263.27733333333333,9,0
795,625,625,0,50,25,0,25,625,0,25,0,25,0,-25,-25,463.732,25,463.732,25,0
796,625,250,0,35,25,15,25,100,0,10,-15,10,0,-25,-10,274.0106666666667,25,274.0106666666667,10,0
797,625,0,0,25,25,25,25,0,0,0,-25,0,0,-25,0,150.044,25,150.044,0,0
798,1,0,25,1,26,1,-24,0,0,25,-1,-25,625,24,25,12.6,1,12.6,0,25
799,4,0,50,2,27,2,-23,0,0,25,-2,-25,625,23,25,24.994666666666667,2,24.994666666666667,0,25
800,1,0,12,1,13,1,-11,0,0,12,-1,-12,144,11,12,6.056,1,6.056,0,12
801,49,0,133,7,26,7,-12,0,0,19,-7,-19,361,12,19,77.06266666666667,7,77.06266666666667,0,19
802,1,25,0,26,1,-24,1,625,0,25,24,25,0,-1,-25,12.4,1,12.4,25,0
803,625,625,0,50,25,0,25,625,0,25,0,25,0,-25,-25,462.354,25,462.354,25,0
804,625,0,0,25,25,25,25,0,0,0,-25,0,0,-25,0,150.27466666666666,25,150.27466666666666,0,0
805,289,255,425,32,42,2,-8,225,375,40,-2,-10,625,8,10,783.0466666666666,17,408.0466666666666,15,25
806,1,25,25,26,26,-24,-24,625,625,50,24,0,625,24,0,650.0,1,25.0,25,25
807,4,50,50,27,27,-23,-23,625,625,50,23,0,625,23,0,675.4773333333334,2,50.47733333333338,25,25
808,625,250,0,35,25,15,25,100,0,10,-15,10,0,-25,-10,274.1426666666667,25,274.1426666666667,10,0
809,1,0,12,1,13,1,-11,0,0,12,-1,-12,144,11,12,6.056,1,6.056,0,12
810,49,0,175,7,32,7,-18,0,0,25,-7,-25,625,18,25,98.61266666666667,7,98.61266666666667,0,25
811,625,625,0,50,25,0,25,625,0,25,0,25,0,-25,-25,464.9766666666667,25,464.9766666666667,25,0
812,121,275,0,36,11,-14,11,625,0,25,14,25,0,-11,-25,165.12466666666666,11,165.12466666666666,25,0
813,121,275,0,36,11,-14,11,625,0,25,14,25,0,-11,-25,165.20933333333332,11,165.20933333333332,25,0
814,625,0,0,25,25,25,25,0,0,0,-25,0,0,-25,0,149.98533333333333,25,149.98533333333333,0,0
815,625,625,0,50,25,0,25,625,0,25,0,25,0,-25,-25,462.49066666666664,25,462.49066666666664,25,0
816,121,275,0,36,11,-14,11,625,0,25,14,25,0,-11,-25,166.69133333333335,11,166.69133333333335,25,0
817,100,250,0,35,10,-15,10,625,0,25,15,25,0,-10,-25,148.272,10,148.272,25,0
818,625,0,0,25,25,25,25,0,0,0,-25,0,0,-25,0,150.016,25,150.016,0,0
819,625,0,0,25,25,25,25,0,0,0,-25,0,0,-25,0,149.85333333333332,25,149.85333333333332,0,0
820,169,0,0,13,13,13,13,0,0,0,-13,0,0,-13,0,39.09733333333333,13,39.09733333333333,0,0
821,1,25,0,26,1,-24,1,625,0,25,24,25,0,-1,-25,12.666666666666666,1,12.666666666666666,25,0
822,1,0,0,1,1,1,1,0,0,0,-1,0,0,-1,0,0.0,1,0.0,0,0
823,4,0,0,2,2,2,2,0,0,0,-2,0,0,-2,0,0.5033333333333333,2,0.5033333333333333,0,0
824,1,0,25,1,26,1,-24,0,0,25,-1,-25,625,24,25,13.216666666666667,1,13.216666666666667,0,25
825,169,0,0,13,13,13,13,0,0,0,-13,0,0,-13,0,39.12,13,39.12,0,0
826,121,275,0,36,11,-14,11,625,0,25,14,25,0,-11,-25,164.358,11,164.358,25,0
827,100,250,0,35,10,-15,10,625,0,25,15,25,0,-10,-25,148.15733333333333,10,148.15733333333333,25,0
828,121,275,0,36,11,-14,11,625,0,25,14,25,0,-11,-25,164.502,11,164.502,25,0
829,100,250,0,35,10,-15,10,625,0,25,15,25,0,-10,-25,147.07733333333334,10,147.07733333333334,25,0
830,625,250,0,35,25,15,25,100,0,10,-15,10,0,-25,-10,275.40933333333334,25,275.40933333333334,10,0
831,625,250,0,35,25,15,25,100,0,10,-15,10,0,-25,-10,275.15866666666665,25,275.15866666666665,10,0
832,625,225,0,34,25,16,25,81,0,9,-16,9,0,-25,-9,263.27733333333333,25,263.27733333333333,9,0
833,625,625,0,50,25,0,25,625,0,25,0,25,0,-25,-25,463.732,25,463.732,25,0
834,625,250,0,35,25,15,25,100,0,10,-15,10,0,-25,-10,274.0106666666667,25,274.0106666666667,10,0
835,625,0,0,25,25,25,25,0,0,0,-25,0,0,-25,0,150.044,25,150.044,0,0
836,1,0,25,1,26,1,-24,0,0,25,-1,-25,625,24,25,12.6,1,12.6,0,25
837,4,0,50,2,27,2,-23,0,0,25,-2,-25,625,23,25,24.994666666666667,2,24.994666666666667,0,25
838,1,0,12,1,13,1,-11,0,0,12,-1,-12,144,11,12,6.056,1,6.056,0,12
839,49,0,133,7,26,7,-12,0,0,19,-7,-19,361,12,19,77.06266666666667,7,77.06266666666667,0,19
840,1,25,0,26,1,-24,1,625,0,25,24,25,0,-1,-25,12.4,1,12.4,25,0
841,625,625,0,50,25,0,25,625,0,25,0,25,0,-25,-25,462.354,25,462.354,25,0
842,625,0,0,25,25,25,25,0,0,0,-25,0,0,-25,0,150.27466666666666,25,150.27466666666666,0,0
843,289,255,425,32,42,2,-8,225,375,40,-2,-10,625,8,10,783.0466666666666,17,408.0466666666666,15,25
844,1,25,25,26,26,-24,-24,625,625,50,24,0,625,24,0,650.0,1,25.0,25,25
845,4,50,50,27,27,-23,-23,625,625,50,23,0,625,23,0,675.4773333333334,2,50.47733333333338,25,25
846,625,250,0,35,25,15,25,100,0,10,-15,10,0,-25,-10,274.1426666666667,25,274.1426666666667,10,0
847,1,0,12,1,13,1,-11,0,0,12,-1,-12,144,11,12,6.056,1,6.056,0,12
848,49,0,175,7,32,7,-18,0,0,25,-7,-25,625,18,25,98.61266666666667,7,98.61266666666667,0,25
849,625,625,0,50,25,0,25,625,0,25,0,25,0,-25,-25,464.9766666666667,25,464.9766666666667,25,0
850,121,275,0,36,11,-14,11,625,0,25,14,25,0,-11,-25,165.12466666666666,11,165.12466666666666,25,0
851,121,275,0,36,11,-14,11,625,0,25,14,25,0,-11,-25,165.20933333333332,11,165.20933333333332,25,0
852,625,0,0,25,25,25,25,0,0,0,-25,0,0,-25,0,149.98533333333333,25,149.98533333333333,0,0
853,625,625,0,50,25,0,25,625,0,25,0,25,0,-25,-25,462.49066666666664,25,462.49066666666664,25,0
854,121,275,0,36,11,-14,11,625,0,25,14,25,0,-11,-25,166.69133333333335,11,166.69133333333335,25,0
855,100,250,0,35,10,-15,10,625,0,25,15,25,0,-10,-25,148.272,10,148.272,25,0
856,625,0,0,25,25,25,25,0,0,0,-25,0,0,-25,0,150.016,25,150.016,0,0
857,625,0,0,25,25,25,25,0,0,0,-25,0,0,-25,0,149.85333333333332,25,149.85333333333332,0,0
858,169,0,0,13,13,13,13,0,0,0,-13,0,0,-13,0,39.09733333333333,13,39.09733333333333,0,0
859,1,25,0,26,1,-24,1,625,0,25,24,25,0,-1,-25,12.666666666666666,1,12.666666666666666,25,0
860,1,0,0,1,1,1,1,0,0,0,-1,0,0,-1,0,0.0,1,0.0,0,0
861,4,0,0,2,2,2,2,0,0,0,-2,0,0,-2,0,0.5033333333333333,2,0.5033333333333333,0,0
862,1,0,25,1,26,1,-24,0,0,25,-1,-25,625,24,25,13.216666666666667,1,13.216666666666667,0,25
863,169,0,0,13,13,13,13,0,0,0,-13,0,0,-13,0,39.12,13,39.12,0,0
864,121,275,0,36,11,-14,11,625,0,25,14,25,0,-11,-25,164.358,11,164.358,25,0
865,100,250,0,35,10,-15,10,625,0,25,15,25,0,-10,-25,148.15733333333333,10,148.15733333333333,25,0
866,121,275,0,36,11,-14,11,625,0,25,14,25,0,-11,-25,164.502,11,164.502,25,0
867,100,250,0,35,10,-15,10,625,0,25,15,25,0,-10,-25,147.07733333333334,10,147.07733333333334,25,0
868,625,250,0,35,25,15,25,100,0,10,-15,10,0,-25,-10,275.40933333333334,25,275.40933333333334,10,0
869,625,250,0,35,25,15,25,100,0,10,-15,10,0,-25,-10,275.15866666666665,25,275.15866666666665,10,0
870,625,225,0,34,25,16,25,81,0,9,-16,9,0,-25,-9,263.27733333333333,25,263.27733333333333,9,0
871,625,625,0,50,25,0,25,625,0,25,0,25,0,-25,-25,463.732,25,463.732,25,0
872,625,250,0,35,25,15,25,100,0,10,-15,10,0,-25,-10,274.0106666666667,25,274.0106666666667,10,0
873,625,0,0,25,25,25,25,0,0,0,-25,0,0,-25,0,150.044,25,150.044,0,0
874,1,0,25,1,26,1,-24,0,0,25,-1,-25,625,24,25,12.6,1,12.6,0,25
875,4,0,50,2,27,2,-23,0,0,25,-2,-25,625,23,25,24.994666666666667,2,24.994666666666667,0,25
876,1,0,12,1,13,1,-11,0,0,12,-1,-12,144,11,12,6.056,1,6.056,0,12
877,49,0,133,7,26,7,-12,0,0,19,-7,-19,361,12,19,77.06266666666667,7,77.06266666666667,0,19
878,1,25,0,26,1,-24,1,625,0,25,24,25,0,-1,-25,12.4,1,12.4,25,0
879,625,625,0,50,25,0,25,625,0,25,0,25,0,-25,-25,462.354,25,462.354,25,0
880,625,0,0,25,25,25,25,0,0,0,-25,0,0,-25,0,150.27466666666666,25,150.27466666666666,0,0
881,289,255,425,32,42,2,-8,225,375,40,-2,-10,625,8,10,783.0466666666666,17,408.0466666666666,15,25
882,1,25,25,26,26,-24,-24,625,625,50,24,0,625,24,0,650.0,1,25.0,25,25
883,4,50,50,27,27,-23,-23,625,625,50,23,0,625,23,0,675.4773333333334,2,50.47733333333338,25,25
884,625,250,0,35,25,15,25,100,0,10,-15,10,0,-25,-10,274.1426666666667,25,274.1426666666667,10,0
885,1,0,12,1,13,1,-11,0,0,12,-1,-12,144,11,12,6.056,1,6.056,0,12
886,49,0,175,7,32,7,-18,0,0,25,-7,-25,625,18,25,98.61266666666667,7,98.61266666666667,0,25
887,625,625,0,50,25,0,25,625,0,25,0,25,0,-25,-25,464.9766666666667,25,464.9766666666667,25,0
888,121,275,0,36,11,-14,11,625,0,25,14,25,0,-11,-25,165.12466666666666,11,165.12466666666666,25,0
889,121,275,0,36,11,-14,11,625,0,25,14,25,0,-11,-25,165.20933333333332,11,165.20933333333332,25,0
890,625,0,0,25,25,25,25,0,0,0,-25,0,0,-25,0,149.98533333333333,25,149.98533333333333,0,0
891,625,625,0,50,25,0,25,625,0,25,0,25,0,-25,-25,462.49066666666664,25,462.49066666666664,25,0
892,121,275,0,36,11,-14,11,625,0,25,14,25,0,-11,-25,166.69133333333335,11,166.69133333333335,25,0
893,100,250,0,35,10,-15,10,625,0,25,15,25,0,-10,-25,148.272,10,148.272,25,0
894,625,0,0,25,25,25,25,0,0,0,-25,0,0,-25,0,150.016,25,150.016,0,0
895,625,0,0,25,25,25,25,0,0,0,-25,0,0,-25,0,149.85333333333332,25,149.85333333333332,0,0
896,169,0,0,13,13,13,13,0,0,0,-13,0,0,-13,0,39.09733333333333,13,39.09733333333333,0,0
897,1,25,0,26,1,-24,1,625,0,25,24,25,0,-1,-25,12.666666666666666,1,12.666666666666666,25,0
898,1,0,0,1,1,1,1,0,0,0,-1,0,0,-1,0,0.0,1,0.0,0,0
899,4,0,0,2,2,2,2,0,0,0,-2,0,0,-2,0,0.5033333333333333,2,0.5033333333333333,0,0
900,1,0,25,1,26,1,-24,0,0,25,-1,-25,625,24,25,13.216666666666667,1,13.216666666666667,0,25
901,169,0,0,13,13,13,13,0,0,0,-13,0,0,-13,0,39.12,13,39.12,0,0
902,121,275,0,36,11,-14,11,625,0,25,14,25,0,-11,-25,164.358,11,164.358,25,0
903,100,250,0,35,10,-15,10,625,0,25,15,25,0,-10,-25,148.15733333333333,10,148.15733333333333,25,0
904,121,275,0,36,11,-14,11,625,0,25,14,25,0,-11,-25,164.502,11,164.502,25,0
905,100,250,0,35,10,-15,10,625,0,25,15,25,0,-10,-25,147.07733333333334,10,147.07733333333334,25,0
906,625,250,0,35,25,15,25,100,0,10,-15,10,0,-25,-10,275.40933333333334,25,275.40933333333334,10,0
907,625,250,0,35,25,15,25,100,0,10,-15,10,0,-25,-10,275.15866666666665,25,275.15866666666665,10,0
908,625,225,0,34,25,16,25,81,0,9,-16,9,0,-25,-9,263.27733333333333,25,263.27733333333333,9,0
909,625,625,0,50,25,0,25,625,0,25,0,25,0,-25,-25,463.732,25,463.732,25,0
910,625,250,0,35,25,15,25,100,0,10,-15,10,0,-25,-10,274.0106666666667,25,274.0106666666667,10,0
911,625,0,0,25,25,25,25,0,0,0,-25,0,0,-25,0,150.044,25,150.044,0,0
912,1,0,25,1,26,1,-24,0,0,25,-1,-25,625,24,25,12.6,1,12.6,0,25
913,4,0,50,2,27,2,-23,0,0,25,-2,-25,625,23,25,24.994666666666667,2,24.994666666666667,0,25
914,1,0,12,1,13,1,-11,0,0,12,-1,-12,144,11,12,6.056,1,6.056,0,12
915,49,0,133,7,26,7,-12,0,0,19,-7,-19,361,12,19,77.06266666666667,7,77.06266666666667,0,19
916,1,25,0,26,1,-24,1,625,0,25,24,25,0,-1,-25,12.4,1,12.4,25,0
917,625,625,0,50,25,0,25,625,0,25,0,25,0,-25,-25,462.354,25,462.354,25,0
918,625,0,0,25,25,25,25,0,0,0,-25,0,0,-25,0,150.27466666666666,25,150.27466666666666,0,0
919,289,255,425,32,42,2,-8,225,375,40,-2,-10,625,8,10,783.0466666666666,17,408.0466666666666,15,25
920,1,25,25,26,26,-24,-24,625,625,50,24,0,625,24,0,650.0,1,25.0,25,25
921,4,50,50,27,27,-23,-23,625,625,50,23,0,625,23,0,675.4773333333334,2,50.47733333333338,25,25
922,625,250,0,35,25,15,25,100,0,10,-15,10,0,-25,-10,274.1426666666667,25,274.1426666666667,10,0
923,1,0,12,1,13,1,-11,0,0,12,-1,-12,144,11,12,6.056,1,6.056,0,12
924,49,0,175,7,32,7,-18,0,0,25,-7,-25,625,18,25,98.61266666666667,7,98.61266666666667,0,25
925,625,625,0,50,25,0,25,625,0,25,0,25,0,-25,-25,464.9766666666667,25,464.9766666666667,25,0
926,121,275,0,36,11,-14,11,625,0,25,14,25,0,-11,-25,165.12466666666666,11,165.12466666666666,25,0
927,121,275,0,36,11,-14,11,625,0,25,14,25,0,-11,-25,165.20933333333332,11,165.20933333333332,25,0
928,625,0,0,25,25,25,25,0,0,0,-25,0,0,-25,0,149.98533333333333,25,149.98533333333333,0,0
929,625,625,0,50,25,0,25,625,0,25,0,25,0,-25,-25,462.49066666666664,25,462.49066666666664,25,0
930,121,275,0,36,11,-14,11,625,0,25,14,25,0,-11,-25,166.69133333333335,11,166.69133333333335,25,0
931,100,250,0,35,10,-15,10,625,0,25,15,25,0,-10,-25,148.272,10,148.272,25,0
932,625,0,0,25,25,25,25,0,0,0,-25,0,0,-25,0,150.016,25,150.016,0,0
933,625,0,0,25,25,25,25,0,0,0,-25,0,0,-25,0,149.85333333333332,25,149.85333333333332,0,0
934,169,0,0,13,13,13,13,0,0,0,-13,0,0,-13,0,39.09733333333333,13,39.09733333333333,0,0
935,1,25,0,26,1,-24,1,625,0,25,24,25,0,-1,-25,12.666666666666666,1,12.666666666666666,25,0
936,1,0,0,1,1,1,1,0,0,0,-1,0,0,-1,0,0.0,1,0.0,0,0
937,4,0,0,2,2,2,2,0,0,0,-2,0,0,-2,0,0.5033333333333333,2,0.5033333333333333,0,0
938,1,0,25,1,26,1,-24,0,0,25,-1,-25,625,24,25,13.216666666666667,1,13.216666666666667,0,25
939,169,0,0,13,13,13,13,0,0,0,-13,0,0,-13,0,39.12,13,39.12,0,0
940,121,275,0,36,11,-14,11,625,0,25,14,25,0,-11,-25,164.358,11,164.358,25,0
941,100,250,0,35,10,-15,10,625,0,25,15,25,0,-10,-25,148.15733333333333,10,148.15733333333333,25,0
942,121,275,0,36,11,-14,11,625,0,25,14,25,0,-11,-25,164.502,11,164.502,25,0
943,100,250,0,35,10,-15,10,625,0,25,15,25,0,-10,-25,147.07733333333334,10,147.07733333333334,25,0
944,625,250,0,35,25,15,25,100,0,10,-15,10,0,-25,-10,275.40933333333334,25,275.40933333333334,10,0
945,625,250,0,35,25,15,25,100,0,10,-15,10,0,-25,-10,275.15866666666665,25,275.15866666666665,10,0
946,625,225,0,34,25,16,25,81,0,9,-16,9,0,-25,-9,263.27733333333333,25,263.27733333333333,9,0
947,625,625,0,50,25,0,25,625,0,25,0,25,0,-25,-25,463.732,25,463.732,25,0
948,625,250,0,35,25,15,25,100,0,10,-15,10,0,-25,-10,274.0106666666667,25,274.0106666666667,10,0
949,625,0,0,25,25,25,25,0,0,0,-25,0,0,-25,0,150.044,25,150.044,0,0
950,1,0,25,1,26,1,-24,0,0,25,-1,-25,625,24,25,12.6,1,12.6,0,25
951,4,0,50,2,27,2,-23,0,0,25,-2,-25,625,23,25,24.994666666666667,2,24.994666666666667,0,25
952,1,0,12,1,13,1,-11,0,0,12,-1,-12,144,11,12,6.056,1,6.056,0,12
953,49,0,133,7,26,7,-12,0,0,19,-7,-19,361,12,19,77.06266666666667,7,77.06266666666667,0,19
954,1,25,0,26,1,-24,1,625,0,25,24,25,0,-1,-25,12.4,1,12.4,25,0
955,625,625,0,50,25,0,25,625,0,25,0,25,0,-25,-25,462.354,25,462.354,25,0
956,625,0,0,25,25,25,25,0,0,0,-25,0,0,-25,0,150.27466666666666,25,150.27466666666666,0,0
957,289,255,425,32,42,2,-8,225,375,40,-2,-10,625,8,10,783.0466666666666,17,408.0466666666666,15,25
958,1,25,25,26,26,-24,-24,625,625,50,24,0,625,24,0,650.0,1,25.0,25,25
959,4,50,50,27,27,-23,-23,625,625,50,23,0,625,23,0,675.4773333333334,2,50.47733333333338,25,25
960,625,250,0,35,25,15,25,100,0,10,-15,10,0,-25,-10,274.1426666666667,25,274.1426666666667,10,0
961,1,0,12,1,13,1,-11,0,0,12,-1,-12,144,11,12,6.056,1,6.056,0,12
962,49,0,175,7,32,7,-18,0,0,25,-7,-25,625,18,25,98.61266666666667,7,98.61266666666667,0,25
963,625,625,0,50,25,0,25,625,0,25,0,25,0,-25,-25,464.9766666666667,25,464.9766666666667,25,0
964,121,275,0,36,11,-14,11,625,0,25,14,25,0,-11,-25,165.12466666666666,11,165.12466666666666,25,0
965,121,275,0,36,11,-14,11,625,0,25,14,25,0,-11,-25,165.20933333333332,11,165.20933333333332,25,0
966,625,0,0,25,25,25,25,0,0,0,-25,0,0,-25,0,149.98533333333333,25,149.98533333333333,0,0
967,625,625,0,50,25,0,25,625,0,25,0,25,0,-25,-25,462.49066666666664,25,462.49066666666664,25,0
968,121,275,0,36,11,-14,11,625,0,25,14,25,0,-11,-25,166.69133333333335,11,166.69133333333335,25,0
969,100,250,0,35,10,-15,10,625,0,25,15,25,0,-10,-25,148.272,10,148.272,25,0
970,625,0,0,25,25,25,25,0,0,0,-25,0,0,-25,0,150.016,25,150.016,0,0
971,625,0,0,25,25,25,25,0,0,0,-25,0,0,-25,0,149.85333333333332,25,149.85333333333332,0,0
972,169,0,0,13,13,13,13,0,0,0,-13,0,0,-13,0,39.09733333333333,13,39.09733333333333,0,0
973,1,25,0,26,1,-24,1,625,0,25,24,25,0,-1,-25,12.666666666666666,1,12.666666666666666,25,0
974,1,0,0,1,1,1,1,0,0,0,-1,0,0,-1,0,0.0,1,0.0,0,0
975,4,0,0,2,2,2,2,0,0,0,-2,0,0,-2,0,0.5033333333333333,2,0.5033333333333333,0,0
976,1,0,25,1,26,1,-24,0,0,25,-1,-25,625,24,25,13.216666666666667,1,13.216666666666667,0,25
977,169,0,0,13,13,13,13,0,0,0,-13,0,0,-13,0,39.12,13,39.12,0,0
978,121,275,0,36,11,-14,11,625,0,25,14,25,0,-11,-25,164.358,11,164.358,25,0
979,100,250,0,35,10,-15,10,625,0,25,15,25,0,-10,-25,148.15733333333333,10,148.15733333333333,25,0
980,121,275,0,36,11,-14,11,625,0,25,14,25,0,-11,-25,164.502,11,164.502,25,0
981,100,250,0,35,10,-15,10,625,0,25,15,25,0,-10,-25,147.07733333333334,10,147.07733333333334,25,0
982,625,250,0,35,25,15,25,100,0,10,-15,10,0,-25,-10,275.40933333333334,25,275.40933333333334,10,0
983,625,250,0,35,25,15,25,100,0,10,-15,10,0,-25,-10,275.15866666666665,25,275.15866666666665,10,0
984,625,225,0,34,25,16,25,81,0,9,-16,9,0,-25,-9,263.27733333333333,25,263.27733333333333,9,0
985,625,625,0,50,25,0,25,625,0,25,0,25,0,-25,-25,463.732,25,463.732,25,0
986,625,250,0,35,25,15,25,100,0,10,-15,10,0,-25,-10,274.0106666666667,25,274.0106666666667,10,0
987,625,0,0,25,25,25,25,0,0,0,-25,0,0,-25,0,150.044,25,150.044,0,0
988,1,0,25,1,26,1,-24,0,0,25,-1,-25,625,24,25,12.6,1,12.6,0,25
989,4,0,50,2,27,2,-23,0,0,25,-2,-25,625,23,25,24.994666666666667,2,24.994666666666667,0,25
990,1,0,12,1,13,1,-11,0,0,12,-1,-12,144,11,12,6.056,1,6.056,0,12
991,49,0,133,7,26,7,-12,0,0,19,-7,-19,361,12,19,77.06266666666667,7,77.06266666666667,0,19
992,1,25,0,26,1,-24,1,625,0,25,24,25,0,-1,-25,12.4,1,12.4,25,0
993,625,625,0,50,25,0,25,625,0,25,0,25,0,-25,-25,462.354,25,462.354,25,0
994,625,0,0,25,25,25,25,0,0,0,-25,0,0,-25,0,150.27466666666666,25,150.27466666666666,0,0
995,289,255,425,32,42,2,-8,225,375,40,-2,-10,625,8,10,783.0466666666666,17,408.0466666666666,15,25
996,1,25,25,26,26,-24,-24,625,625,50,24,0,625,24,0,650.0,1,25.0,25,25
997,4,50,50,27,27,-23,-23,625,625,50,23,0,625,23,0,675.4773333333334,2,50.47733333333338,25,25
998,625,250,0,35,25,15,25,100,0,10,-15,10,0,-25,-10,274.1426666666667,25,274.1426666666667,10,0
999,1,0,12,1,13,1,-11,0,0,12,-1,-12,144,11,12,6.056,1,6.056,0,12
1000,49,0,175,7,32,7,-18,0,0,25,-7,-25,625,18,25,98.61266666666667,7,98.61266666666667,0,25
1001,625,625,0,50,25,0,25,625,0,25,0,25,0,-25,-25,464.9766666666667,25,464.9766666666667,25,0
1002,121,275,0,36,11,-14,11,625,0,25,14,25,0,-11,-25,165.12466666666666,11,165.12466666666666,25,0
1003,121,275,0,36,11,-14,11,625,0,25,14,25,0,-11,-25,165.20933333333332,11,165.20933333333332,25,0
1004,625,0,0,25,25,25,25,0,0,0,-25,0,0,-25,0,149.98533333333333,25,149.98533333333333,0,0
1005,625,625,0,50,25,0,25,625,0,25,0,25,0,-25,-25,462.49066666666664,25,462.49066666666664,25,0
1006,121,275,0,36,11,-14,11,625,0,25,14,25,0,-11,-25,166.69133333333335,11,166.69133333333335,25,0
1007,100,250,0,35,10,-15,10,625,0,25,15,25,0,-10,-25,148.272,10,148.272,25,0
1008,625,0,0,25,25,25,25,0,0,0,-25,0,0,-25,0,150.016,25,150.016,0,0
1009,625,0,0,25,25,25,25,0,0,0,-25,0,0,-25,0,149.85333333333332,25,149.85333333333332,0,0
1010,169,0,0,13,13,13,13,0,0,0,-13,0,0,-13,0,39.09733333333333,13,39.09733333333333,0,0
1011,1,25,0,26,1,-24,1,625,0,25,24,25,0,-1,-25,12.666666666666666,1,12.666666666666666,25,0
1012,1,0,0,1,1,1,1,0,0,0,-1,0,0,-1,0,0.0,1,0.0,0,0
1013,4,0,0,2,2,2,2,0,0,0,-2,0,0,-2,0,0.5033333333333333,2,0.5033333333333333,0,0
1014,1,0,25,1,26,1,-24,0,0,25,-1,-25,625,24,25,13.216666666666667,1,13.216666666666667,0,25
1015,169,0,0,13,13,13,13,0,0,0,-13,0,0,-13,0,39.12,13,39.12,0,0
1016,121,275,0,36,11,-14,11,625,0,25,14,25,0,-11,-25,164.358,11,164.358,25,0
1017,100,250,0,35,10,-15,10,625,0,25,15,25,0,-10,-25,148.15733333333333,10,148.15733333333333,25,0
1018,121,275,0,36,11,-14,11,625,0,25,14,25,0,-11,-25,164.502,11,164.502,25,0
1019,100,250,0,35,10,-15,10,625,0,25,15,25,0,-10,-25,147.07733333333334,10,147.07733333333334,25,0
1020,625,250,0,35,25,15,25,100,0,10,-15,10,0,-25,-10,275.40933333333334,25,275.40933333333334,10,0
1021,625,250,0,35,25,15,25,100,0,10,-15,10,0,-25,-10,275.15866666666665,25,275.15866666666665,10,0
1022,625,225,0,34,25,16,25,81,0,9,-16,9,0,-25,-9,263.27733333333333,25,263.27733333333333,9,0
1023,625,625,0,50,25,0,25,625,0,25,0,25,0,-25,-25,463.732,25,463.732,25,0
1024,625,250,0,35,25,15,25,100,0,10,-15,10,0,-25,-10,274.0106666666667,25,274.0106666666667,10,0
1025,625,0,0,25,25,25,25,0,0,0,-25,0,0,-25,0,150.044,25,150.044,0,0
1026,1,0,25,1,26,1,-24,0,0,25,-1,-25,625,24,25,12.6,1,12.6,0,25
1027,4,0,50,2,27,2,-23,0,0,25,-2,-25,625,23,25,24.994666666666667,2,24.994666666666667,0,25
1028,1,0,12,1,13,1,-11,0,0,12,-1,-12,144,11,12,6.056,1,6.056,0,12
1029,49,0,133,7,26,7,-12,0,0,19,-7,-19,361,12,19,77.06266666666667,7,77.06266666666667,0,19
1030,1,25,0,26,1,-24,1,625,0,25,24,25,0,-1,-25,12.4,1,12.4,25,0
1031,625,625,0,50,25,0,25,625,0,25,0,25,0,-25,-25,462.354,25,462.354,25,0
1032,625,0,0,25,25,25,25,0,0,0,-25,0,0,-25,0,150.27466666666666,25,150.27466666666666,0,0
1033,289,255,425,32,42,2,-8,225,375,40,-2,-10,625,8,10,783.0466666666666,17,408.0466666666666,15,25
1034,1,25,25,26,26,-24,-24,625,625,50,24,0,625,24,0,650.0,1,25.0,25,25
1035,4,50,50,27,27,-23,-23,625,625,50,23,0,625,23,0,675.4773333333334,2,50.47733333333338,25,25
1036,625,250,0,35,25,15,25,100,0,10,-15,10,0,-25,-10,274.1426666666667,25,274.1426666666667,10,0
1037,1,0,12,1,13,1,-11,0,0,12,-1,-12,144,11,12,6.056,1,6.056,0,12
1038,49,0,175,7,32,7,-18,0,0,25,-7,-25,625,18,25,98.61266666666667,7,98.61266666666667,0,25
1039,625,625,0,50,25,0,25,625,0,25,0,25,0,-25,-25,464.9766666666667,25,464.9766666666667,25,0
1040,121,275,0,36,11,-14,11,625,0,25,14,25,0,-11,-25,165.12466666666666,11,165.12466666666666,25,0
1041,121,275,0,36,11,-14,11,625,0,25,14,25,0,-11,-25,165.20933333333332,11,165.20933333333332,25,0
1042,625,0,0,25,25,25,25,0,0,0,-25,0,0,-25,0,149.98533333333333,25,149.98533333333333,0,0
1043,625,625,0,50,25,0,25,625,0,25,0,25,0,-25,-25,462.49066666666664,25,462.49066666666664,25,0
1044,121,275,0,36,11,-14,11,625,0,25,14,25,0,-11,-25,166.69133333333335,11,166.69133333333335,25,0
1045,100,250,0,35,10,-15,10,625,0,25,15,25,0,-10,-25,148.272,10,148.272,25,0
1046,625,0,0,25,25,25,25,0,0,0,-25,0,0,-25,0,150.016,25,150.016,0,0
1047,625,0,0,25,25,25,25,0,0,0,-25,0,0,-25,0,149.85333333333332,25,149.85333333333332,0,0
1048,169,0,0,13,13,13,13,0,0,0,-13,0,0,-13,0,39.09733333333333,13,39.09733333333333,0,0
1049,1,25,0,26,1,-24,1,625,0,25,24,25,0,-1,-25,12.666666666666666,1,12.666666666666666,25,0
1050,1,0,0,1,1,1,1,0,0,0,-1,0,0,-1,0,0.0,1,0.0,0,0
1051,4,0,0,2,2,2,2,0,0,0,-2,0,0,-2,0,0.5033333333333333,2,0.5033333333333333,0,0
1052,1,0,25,1,26,1,-24,0,0,25,-1,-25,625,24,25,13.216666666666667,1,13.216666666666667,0,25
1053,169,0,0,13,13,13,13,0,0,0,-13,0,0,-13,0,39.12,13,39.12,0,0
1054,121,275,0,36,11,-14,11,625,0,25,14,25,0,-11,-25,164.358,11,164.358,25,0
1055,100,250,0,35,10,-15,10,625,0,25,15,25,0,-10,-25,148.15733333333333,10,148.15733333333333,25,0
1056,121,275,0,36,11,-14,11,625,0,25,14,25,0,-11,-25,164.502,11,164.502,25,0
1057,100,250,0,35,10,-15,10,625,0,25,15,25,0,-10,-25,147.07733333333334,10,147.07733333333334,25,0
1058,625,250,0,35,25,15,25,100,0,10,-15,10,0,-25,-10,275.40933333333334,25,275.40933333333334,10,0
1059,625,250,0,35,25,15,25,100,0,10,-15,10,0,-25,-10,275.15866666666665,25,275.15866666666665,10,0
1060,625,225,0,34,25,16,25,81,0,9,-16,9,0,-25,-9,263.27733333333333,25,263.27733333333333,9,0
1061,625,625,0,50,25,0,25,625,0,25,0,25,0,-25,-25,463.732,25,463.732,25,0
1062,625,250,0,35,25,15,25,100,0,10,-15,10,0,-25,-10,274.0106666666667,25,274.0106666666667,10,0
1063,625,0,0,25,25,25,25,0,0,0,-25,0,0,-25,0,150.044,25,150.044,0,0
1064,1,0,25,1,26,1,-24,0,0,25,-1,-25,625,24,25,12.6,1,12.6,0,25
1065,4,0,50,2,27,2,-23,0,0,25,-2,-25,625,23,25,24.994666666666667,2,24.994666666666667,0,25
1066,1,0,12,1,13,1,-11,0,0,12,-1,-12,144,11,12,6.056,1,6.056,0,12
1067,49,0,133,7,26,7,-12,0,0,19,-7,-19,361,12,19,77.06266666666667,7,77.06266666666667,0,19
1068,1,25,0,26,1,-24,1,625,0,25,24,25,0,-1,-25,12.4,1,12.4,25,0
1069,625,625,0,50,25,0,25,625,0,25,0,25,0,-25,-25,462.354,25,462.354,25,0
1070,625,0,0,25,25,25,25,0,0,0,-25,0,0,-25,0,150.27466666666666,25,150.27466666666666,0,0
1071,289,255,425,32,42,2,-8,225,375,40,-2,-10,625,8,10,783.0466666666666,17,408.0466666666666,15,25
1072,1,25,25,26,26,-24,-24,625,625,50,24,0,625,24,0,650.0,1,25.0,25,25
1073,4,50,50,27,27,-23,-23,625,625,50,23,0,625,23,0,675.4773333333334,2,50.47733333333338,25,25
1074,625,250,0,35,25,15,25,100,0,10,-15,10,0,-25,-10,274.1426666666667,25,274.1426666666667,10,0
1075,1,0,12,1,13,1,-11,0,0,12,-1,-12,144,11,12,6.056,1,6.056,0,12
1076,49,0,175,7,32,7,-18,0,0,25,-7,-25,625,18,25,98.61266666666667,7,98.61266666666667,0,25
1077,625,625,0,50,25,0,25,625,0,25,0,25,0,-25,-25,464.9766666666667,25,464.9766666666667,25,0
1078,121,275,0,36,11,-14,11,625,0,25,14,25,0,-11,-25,165.12466666666666,11,165.12466666666666,25,0
1079,121,275,0,36,11,-14,11,625,0,25,14,25,0,-11,-25,165.20933333333332,11,165.20933333333332,25,0
1080,625,0,0,25,25,25,25,0,0,0,-25,0,0,-25,0,149.98533333333333,25,149.98533333333333,0,0
1081,625,625,0,50,25,0,25,625,0,25,0,25,0,-25,-25,462.49066666666664,25,462.49066666666664,25,0
1082,121,275,0,36,11,-14,11,625,0,25,14,25,0,-11,-25,166.69133333333335,11,166.69133333333335,25,0
1083,100,250,0,35,10,-15,10,625,0,25,15,25,0,-10,-25,148.272,10,148.272,25,0
1084,625,0,0,25,25,25,25,0,0,0,-25,0,0,-25,0,150.016,25,150.016,0,0
1085,625,0,0,25,25,25,25,0,0,0,-25,0,0,-25,0,149.85333333333332,25,149.85333333333332,0,0
1086,169,0,0,13,13,13,13,0,0,0,-13,0,0,-13,0,39.09733333333333,13,39.09733333333333,0,0
1087,1,25,0,26,1,-24,1,625,0,25,24,25,0,-1,-25,12.666666666666666,1,12.666666666666666,25,0
1088,1,0,0,1,1,1,1,0,0,0,-1,0,0,-1,0,0.0,1,0.0,0,0
1089,4,0,0,2,2,2,2,0,0,0,-2,0,0,-2,0,0.5033333333333333,2,0.5033333333333333,0,0
1090,1,0,25,1,26,1,-24,0,0,25,-1,-25,625,24,25,13.216666666666667,1,13.216666666666667,0,25
1091,169,0,0,13,13,13,13,0,0,0,-13,0,0,-13,0,39.12,13,39.12,0,0
1092,121,275,0,36,11,-14,11,625,0,25,14,25,0,-11,-25,164.358,11,164.358,25,0
1093,100,250,0,35,10,-15,10,625,0,25,15,25,0,-10,-25,148.15733333333333,10,148.15733333333333,25,0
1094,121,275,0,36,11,-14,11,625,0,25,14,25,0,-11,-25,164.502,11,164.502,25,0
1095,100,250,0,35,10,-15,10,625,0,25,15,25,0,-10,-25,147.07733333333334,10,147.07733333333334,25,0
1096,625,250,0,35,25,15,25,100,0,10,-15,10,0,-25,-10,275.40933333333334,25,275.40933333333334,10,0
1097,625,250,0,35,25,15,25,100,0,10,-15,10,0,-25,-10,275.15866666666665,25,275.15866666666665,10,0
1098,625,225,0,34,25,16,25,81,0,9,-16,9,0,-25,-9,263.27733333333333,25,263.27733333333333,9,0
1099,625,625,0,50,25,0,25,625,0,25,0,25,0,-25,-25,463.732,25,463.732,25,0
1100,625,250,0,35,25,15,25,100,0,10,-15,10,0,-25,-10,274.0106666666667,25,274.0106666666667,10,0
1101,625,0,0,25,25,25,25,0,0,0,-25,0,0,-25,0,150.044,25,150.044,0,0
1102,1,0,25,1,26,1,-24,0,0,25,-1,-25,625,24,25,12.6,1,12.6,0,25
1103,4,0,50,2,27,2,-23,0,0,25,-2,-25,625,23,25,24.994666666666667,2,24.994666666666667,0,25
1104,1,0,12,1,13,1,-11,0,0,12,-1,-12,144,11,12,6.056,1,6.056,0,12
1105,49,0,133,7,26,7,-12,0,0,19,-7,-19,361,12,19,77.06266666666667,7,77.06266666666667,0,19
1106,1,25,0,26,1,-24,1,625,0,25,24,25,0,-1,-25,12.4,1,12.4,25,0
1107,625,625,0,50,25,0,25,625,0,25,0,25,0,-25,-25,462.354,25,462.354,25,0
1108,625,0,0,25,25,25,25,0,0,0,-25,0,0,-25,0,150.27466666666666,25,150.27466666666666,0,0
1109,289,255,425,32,42,2,-8,225,375,40,-2,-10,625,8,10,783.0466666666666,17,408.0466666666666,15,25
1110,1,25,25,26,26,-24,-24,625,625,50,24,0,625,24,0,650.0,1,25.0,25,25
1111,4,50,50,27,27,-23,-23,625,625,50,23,0,625,23,0,675.4773333333334,2,50.47733333333338,25,25
1112,625,250,0,35,25,15,25,100,0,10,-15,10,0,-25,-10,274.1426666666667,25,274.1426666666667,10,0
1113,1,0,12,1,13,1,-11,0,0,12,-1,-12,144,11,12,6.056,1,6.056,0,12
1114,49,0,175,7,32,7,-18,0,0,25,-7,-25,625,18,25,98.61266666666667,7,98.61266666666667,0,25
1115,625,625,0,50,25,0,25,625,0,25,0,25,0,-25,-25,464.9766666666667,25,464.9766666666667,25,0
1116,121,275,0,36,11,-14,11,625,0,25,14,25,0,-11,-25,165.12466666666666,11,165.12466666666666,25,0
1117,121,275,0,36,11,-14,11,625,0,25,14,25,0,-11,-25,165.20933333333332,11,165.20933333333332,25,0
1118,625,0,0,25,25,25,25,0,0,0,-25,0,0,-25,0,149.98533333333333,25,149.98533333333333,0,0
1119,625,625,0,50,25,0,25,625,0,25,0,25,0,-25,-25,462.49066666666664,25,462.49066666666664,25,0
1120,121,275,0,36,11,-14,11,625,0,25,14,25,0,-11,-25,166.69133333333335,11,166.69133333333335,25,0
1121,100,250,0,35,10,-15,10,625,0,25,15,25,0,-10,-25,148.272,10,148.272,25,0
1122,625,0,0,25,25,25,25,0,0,0,-25,0,0,-25,0,150.016,25,150.016,0,0
1123,625,0,0,25,25,25,25,0,0,0,-25,0,0,-25,0,149.85333333333332,25,149.85333333333332,0,0
1124,169,0,0,13,13,13,13,0,0,0,-13,0,0,-13,0,39.09733333333333,13,39.09733333333333,0,0
1125,1,25,0,26,1,-24,1,625,0,25,24,25,0,-1,-25,12.666666666666666,1,12.666666666666666,25,0
1126,1,0,0,1,1,1,1,0,0,0,-1,0,0,-1,0,0.0,1,0.0,0,0
1127,4,0,0,2,2,2,2,0,0,0,-2,0,0,-2,0,0.5033333333333333,2,0.5033333333333333,0,0
1128,1,0,25,1,26,1,-24,0,0,25,-1,-25,625,24,25,13.216666666666667,1,13.216666666666667,0,25
1129,169,0,0,13,13,13,13,0,0,0,-13,0,0,-13,0,39.12,13,39.12,0,0
1130,121,275,0,36,11,-14,11,625,0,25,14,25,0,-11,-25,164.358,11,164.358,25,0
1131,100,250,0,35,10,-15,10,625,0,25,15,25,0,-10,-25,148.15733333333333,10,148.15733333333333,25,0
1132,121,275,0,36,11,-14,11,625,0,25,14,25,0,-11,-25,164.502,11,164.502,25,0
1133,100,250,0,35,10,-15,10,625,0,25,15,25,0,-10,-25,147.07733333333334,10,147.07733333333334,25,0
1134,625,250,0,35,25,15,25,100,0,10,-15,10,0,-25,-10,275.40933333333334,25,275.40933333333334,10,0
1135,625,250,0,35,25,15,25,100,0,10,-15,10,0,-25,-10,275.15866666666665,25,275.15866666666665,10,0
1136,625,225,0,34,25,16,25,81,0,9,-16,9,0,-25,-9,263.27733333333333,25,263.27733333333333,9,0
1137,625,625,0,50,25,0,25,625,0,25,0,25,0,-25,-25,463.732,25,463.732,25,0
1138,625,250,0,35,25,15,25,100,0,10,-15,10,0,-25,-10,274.0106666666667,25,274.0106666666667,10,0
1139,625,0,0,25,25,25,25,0,0,0,-25,0,0,-25,0,150.044,25,150.044,0,0
0,1,7,17,8,18,-6,-16,49,119,24,6,-10,289,16,10,131.08,1,12.080000000000013,7,17
1,4,16,32,10,18,-6,-14,64,128,24,6,-8,256,14,8,153.132,2,25.132000000000005,8,16
2,361,114,228,25,31,13,7,36,72,18,-13,-6,144,-7,6,327.508,19,255.50799999999998,6,12
3,9,42,0,17,3,-11,3,196,0,14,11,14,0,-3,-14,22.304,3,22.304,14,0
4,25,90,95,23,24,-13,-14,324,342,37,13,-1,361,14,1,439.462,5,97.46199999999999,18,19
5,49,14,21,9,10,5,4,4,6,5,-5,-1,9,-4,1,33.882,7,27.881999999999998,2,3
6,64,112,72,22,17,-6,-1,196,126,23,6,5,81,1,-5,232.044,8,106.04400000000001,14,9
7,324,324,144,36,26,0,10,324,144,26,0,10,64,-10,-10,455.902,18,311.902,18,8
8,36,54,108,15,24,-3,-12,81,162,27,3,-9,324,12,9,250.588,6,88.588,9,18
9,144,120,240,22,32,2,-8,100,200,30,-2,-10,400,8,10,411.852,12,211.85199999999998,10,20
10,289,272,85,33,22,1,12,256,80,21,-1,11,25,-12,-11,325.926,17,245.926,16,5
11,196,56,126,18,23,10,5,16,36,13,-10,-5,81,-5,5,172.888,14,136.888,4,9
12,169,156,117,25,22,1,4,144,108,21,-1,3,81,-4,-3,283.422,13,175.42200000000003,12,9
13,1,18,16,19,17,-17,-15,324,288,34,17,2,256,15,-2,305.088,1,17.088000000000022,18,16
14,169,143,234,24,31,2,-5,121,198,29,-2,-7,324,5,7,426.178,13,228.178,11,18
15,1,8,14,9,15,-7,-13,64,112,22,7,-6,196,13,6,122.88,1,10.879999999999995,8,14
16,225,0,150,15,25,15,5,0,0,10,-15,-10,100,-5,10,129.144,15,129.144,0,10
17,144,192,180,28,27,-4,-3,256,240,31,4,1,225,3,-1,458.924,12,218.92399999999998,16,15
18,1,13,11,14,12,-12,-10,169,143,24,12,2,121,10,-2,155.06,1,12.060000000000002,13,11
19,196,98,210,21,29,7,-1,49,105,22,-7,-8,225,1,8,304.89,14,199.89,7,15
20,25,100,0,25,5,-15,5,400,0,20,15,20,0,-5,-20,55.128,5,55.128,20,0
21,9,57,21,22,10,-16,-4,361,133,26,16,12,49,4,-12,173.58,3,40.58000000000001,19,7
22,81,27,108,12,21,6,-3,9,36,15,-6,-9,144,3,9,119.534,9,83.534,3,12
23,4,18,40,11,22,-7,-18,81,180,29,7,-11,400,18,11,209.616,2,29.616000000000014,9,20
24,9,33,27,14,12,-8,-6,121,99,20,8,2,81,6,-2,130.504,3,31.50399999999999,11,9
25,64,40,64,13,16,3,0,25,40,13,-3,-3,64,0,3,106.088,8,66.088,5,8
26,256,128,160,24,26,8,6,64,80,18,-8,-2,100,-6,2,283.808,16,203.808,8,10
27,9,45,33,18,14,-12,-8,225,165,26,12,4,121,8,-4,205.324,3,40.32400000000001,15,11
28,1,3,20,4,21,-2,-19,9,60,23,2,-17,400,19,17,71.636,1,11.635999999999996,3,20
29,49,49,63,14,16,0,-2,49,63,16,0,-2,81,2,2,129.424,7,66.424,7,9
30,49,7,133,8,26,6,-12,1,19,20,-6,-18,361,12,18,99.464,7,80.464,1,19
31,1,8,19,9,20,-7,-18,64,152,27,7,-11,361,18,11,165.28,1,13.280000000000001,8,19
32,324,288,198,34,29,2,7,256,176,27,-2,5,121,-7,-5,495.072,18,319.072,16,11
33,169,234,195,31,28,-5,-2,324,270,33,5,3,225,2,-3,523.152,13,253.15200000000004,18,15
34,256,224,224,30,30,2,2,196,196,28,-2,0,196,-2,0,479.974,16,283.974,14,14
35,81,81,126,18,23,0,-5,81,126,23,0,-5,196,5,5,246.706,9,120.70599999999999,9,14
36,361,133,380,26,39,12,-1,49,140,27,-12,-13,400,1,13,480.058,19,340.058,7,20
37,400,120,160,26,28,14,12,36,48,14,-14,-2,64,-12,2,282.778,20,234.77800000000002,6,8
38,100,80,60,18,16,2,4,64,48,14,-2,2,36,-4,-2,140.91,10,92.91,8,6
39,289,170,238,27,31,7,3,100,140,24,-7,-4,196,-3,4,412.676,17,272.676,10,14
40,289,136,255,25,32,9,2,64,120,23,-9,-7,225,-2,7,383.008,17,263.008,8,15
41,25,55,90,16,23,-6,-13,121,198,29,6,-7,324,13,7,275.728,5,77.72800000000001,11,18
42,361,323,19,36,20,2,18,289,17,18,-2,16,1,-18,-16,271.452,19,254.452,17,1
43,9,45,48,18,19,-12,-13,225,240,31,12,-1,256,13,1,287.954,3,47.95400000000001,15,16
44,400,260,280,33,34,7,6,169,182,27,-7,-1,196,-6,1,547.176,20,365.17600000000004,13,14
45,144,48,216,16,30,8,-6,16,72,22,-8,-14,324,6,14,236.932,12,164.932,4,18
46,25,55,20,16,9,-6,1,121,44,15,6,7,16,-1,-7,87.14,5,43.14,11,4
0,1,0,25,1,26,1,-24,0,0,25,-1,-25,625,24,25,12.55,1,12.55,0,25
1,4,0,50,2,27,2,-23,0,0,25,-2,-25,625,23,25,25.472,2,25.472,0,25
2,1,0,12,1,13,1,-11,0,0,12,-1,-12,144,11,12,5.784,1,5.784,0,12
3,49,0,133,7,26,7,-12,0,0,19,-7,-19,361,12,19,76.99733333333333,7,76.99733333333333,0,19
4,1,25,0,26,1,-24,1,625,0,25,24,25,0,-1,-25,12.933333333333334,1,12.933333333333334,25,0
5,625,625,0,50,25,0,25,625,0,25,0,25,0,-25,-25,459.544,25,459.544,25,0
6,625,0,0,25,25,25,25,0,0,0,-25,0,0,-25,0,150.07866666666666,25,150.07866666666666,0,0
7,625,250,625,35,50,15,0,100,250,35,-15,-15,625,0,15,838.5613333333333,25,588.5613333333333,10,25
8,1,25,25,26,26,-24,-24,625,625,50,24,0,625,24,0,650.0,1,25.0,25,25
9,4,50,50,27,27,-23,-23,625,625,50,23,0,625,23,0,675.4966666666667,2,50.49666666666667,25,25
10,625,250,0,35,25,15,25,100,0,10,-15,10,0,-25,-10,274.41333333333336,25,274.41333333333336,10,0
11,1,0,12,1,13,1,-11,0,0,12,-1,-12,144,11,12,5.736,1,5.736,0,12
12,49,0,175,7,32,7,-18,0,0,25,-7,-25,625,18,25,99.60133333333333,7,99.60133333333333,0,25
13,625,625,625,50,50,0,0,625,625,50,0,0,625,0,0,1399.9186666666667,25,774.9186666666667,25,25
14,625,250,625,35,50,15,0,100,250,35,-15,-15,625,0,15,838.3026666666667,25,588.3026666666667,10,25
15,256,256,400,32,41,0,-9,256,400,41,0,-9,625,9,9,787.6306666666667,16,387.6306666666667,16,25
16,625,0,0,25,25,25,25,0,0,0,-25,0,0,-25,0,150.12933333333334,25,150.12933333333334,0,0
17,625,625,0,50,25,0,25,625,0,25,0,25,0,-25,-25,462.21,25,462.21,25,0
18,121,275,0,36,11,-14,11,625,0,25,14,25,0,-11,-25,164.26933333333332,11,164.26933333333332,25,0
19,100,250,0,35,10,-15,10,625,0,25,15,25,0,-10,-25,146.21466666666666,10,146.21466666666666,25,0
20,625,0,0,25,25,25,25,0,0,0,-25,0,0,-25,0,150.10666666666665,25,150.10666666666665,0,0
21,625,0,0,25,25,25,25,0,0,0,-25,0,0,-25,0,149.904,25,149.904,0,0
22,169,0,0,13,13,13,13,0,0,0,-13,0,0,-13,0,39.02133333333333,13,39.02133333333333,0,0
23,1,25,0,26,1,-24,1,625,0,25,24,25,0,-1,-25,13.05,1,13.05,25,0
24,1,0,0,1,1,1,1,0,0,0,-1,0,0,-1,0,0.0,1,0.0,0,0
25,4,0,0,2,2,2,2,0,0,0,-2,0,0,-2,0,0.51,2,0.51,0,0
26,1,0,25,1,26,1,-24,0,0,25,-1,-25,625,24,25,13.283333333333333,1,13.283333333333333,0,25
27,169,0,0,13,13,13,13,0,0,0,-13,0,0,-13,0,39.024,13,39.024,0,0
28,121,275,22,36,13,-14,9,625,50,27,14,23,4,-9,-23,227.58666666666667,11,177.58666666666667,25,2
29,100,250,230,35,33,-15,-13,625,575,48,15,2,529,13,-2,837.4046666666667,10,262.4046666666667,25,23
30,121,275,0,36,11,-14,11,625,0,25,14,25,0,-11,-25,165.132,11,165.132,25,0
31,100,250,0,35,10,-15,10,625,0,25,15,25,0,-10,-25,146.67733333333334,10,146.67733333333334,25,0
32,625,250,0,35,25,15,25,100,0,10,-15,10,0,-25,-10,275.44533333333334,25,275.44533333333334,10,0
33,625,250,0,35,25,15,25,100,0,10,-15,10,0,-25,-10,275.97066666666666,25,275.97066666666666,10,0
34,625,225,0,34,25,16,25,81,0,9,-16,9,0,-25,-9,262.33666666666664,25,262.33666666666664,9,0
35,625,625,0,50,25,0,25,625,0,25,0,25,0,-25,-25,461.83,25,461.83,25,0
36,625,250,0,35,25,15,25,100,0,10,-15,10,0,-25,-10,275.028,25,275.028,10,0
37,625,0,0,25,25,25,25,0,0,0,-25,0,0,-25,0,150.132,25,150.132,0,0
38,1,0,25,1,26,1,-24,0,0,25,-1,-25,625,24,25,12.55,1,12.55,0,25
39,4,0,50,2,27,2,-23,0,0,25,-2,-25,625,23,25,25.472,2,25.472,0,25
40,1,0,12,1,13,1,-11,0,0,12,-1,-12,144,11,12,5.784,1,5.784,0,12
41,49,0,133,7,26,7,-12,0,0,19,-7,-19,361,12,19,76.99733333333333,7,76.99733333333333,0,19
42,1,25,0,26,1,-24,1,625,0,25,24,25,0,-1,-25,12.933333333333334,1,12.933333333333334,25,0
43,625,625,0,50,25,0,25,625,0,25,0,25,0,-25,-25,459.544,25,459.544,25,0
44,625,0,0,25,25,25,25,0,0,0,-25,0,0,-25,0,150.07866666666666,25,150.07866666666666,0,0
45,625,250,625,35,50,15,0,100,250,35,-15,-15,625,0,15,838.5613333333333,25,588.5613333333333,10,25
46,1,25,25,26,26,-24,-24,625,625,50,24,0,625,24,0,650.0,1,25.0,25,25
47,4,50,50,27,27,-23,-23,625,625,50,23,0,625,23,0,675.4966666666667,2,50.49666666666667,25,25
48,625,250,0,35,25,15,25,100,0,10,-15,10,0,-25,-10,274.41333333333336,25,274.41333333333336,10,0
49,1,0,12,1,13,1,-11,0,0,12,-1,-12,144,11,12,5.736,1,5.736,0,12
50,49,0,175,7,32,7,-18,0,0,25,-7,-25,625,18,25,99.60133333333333,7,99.60133333333333,0,25
51,625,625,625,50,50,0,0,625,625,50,0,0,625,0,0,1399.9186666666667,25,774.9186666666667,25,25
52,625,250,625,35,50,15,0,100,250,35,-15,-15,625,0,15,838.3026666666667,25,588.3026666666667,10,25
53,256,256,400,32,41,0,-9,256,400,41,0,-9,625,9,9,787.6306666666667,16,387.6306666666667,16,25
54,625,0,0,25,25,25,25,0,0,0,-25,0,0,-25,0,150.12933333333334,25,150.12933333333334,0,0
55,625,625,0,50,25,0,25,625,0,25,0,25,0,-25,-25,462.21,25,462.21,25,0
56,121,275,0,36,11,-14,11,625,0,25,14,25,0,-11,-25,164.26933333333332,11,164.26933333333332,25,0
57,100,250,0,35,10,-15,10,625,0,25,15,25,0,-10,-25,146.21466666666666,10,146.21466666666666,25,0
58,625,0,0,25,25,25,25,0,0,0,-25,0,0,-25,0,150.10666666666665,25,150.10666666666665,0,0
59,625,0,0,25,25,25,25,0,0,0,-25,0,0,-25,0,149.904,25,149.904,0,0
60,169,0,0,13,13,13,13,0,0,0,-13,0,0,-13,0,39.02133333333333,13,39.02133333333333,0,0
61,1,25,0,26,1,-24,1,625,0,25,24,25,0,-1,-25,13.05,1,13.05,25,0
62,1,0,0,1,1,1,1,0,0,0,-1,0,0,-1,0,0.0,1,0.0,0,0
63,4,0,0,2,2,2,2,0,0,0,-2,0,0,-2,0,0.51,2,0.51,0,0
64,1,0,25,1,26,1,-24,0,0,25,-1,-25,625,24,25,13.283333333333333,1,13.283333333333333,0,25
65,169,0,0,13,13,13,13,0,0,0,-13,0,0,-13,0,39.024,13,39.024,0,0
66,121,275,22,36,13,-14,9,625,50,27,14,23,4,-9,-23,227.58666666666667,11,177.58666666666667,25,2
67,100,250,230,35,33,-15,-13,625,575,48,15,2,529,13,-2,837.4046666666667,10,262.4046666666667,25,23
68,121,275,0,36,11,-14,11,625,0,25,14,25,0,-11,-25,165.132,11,165.132,25,0
69,100,250,0,35,10,-15,10,625,0,25,15,25,0,-10,-25,146.67733333333334,10,146.67733333333334,25,0
70,625,250,0,35,25,15,25,100,0,10,-15,10,0,-25,-10,275.44533333333334,25,275.44533333333334,10,0
71,625,250,0,35,25,15,25,100,0,10,-15,10,0,-25,-10,275.97066666666666,25,275.97066666666666,10,0
72,625,225,0,34,25,16,25,81,0,9,-16,9,0,-25,-9,262.33666666666664,25,262.33666666666664,9,0
73,625,625,0,50,25,0,25,625,0,25,0,25,0,-25,-25,461.83,25,461.83,25,0
74,625,250,0,35,25,15,25,100,0,10,-15,10,0,-25,-10,275.028,25,275.028,10,0
75,625,0,0,25,25,25,25,0,0,0,-25,0,0,-25,0,150.132,25,150.132,0,0
76,1,0,25,1,26,1,-24,0,0,25,-1,-25,625,24,25,12.55,1,12.55,0,25
77,4,0,50,2,27,2,-23,0,0,25,-2,-25,625,23,25,25.472,2,25.472,0,25
78,1,0,12,1,13,1,-11,0,0,12,-1,-12,144,11,12,5.784,1,5.784,0,12
79,49,0,133,7,26,7,-12,0,0,19,-7,-19,361,12,19,76.99733333333333,7,76.99733333333333,0,19
80,1,25,0,26,1,-24,1,625,0,25,24,25,0,-1,-25,12.933333333333334,1,12.933333333333334,25,0
81,625,625,0,50,25,0,25,625,0,25,0,25,0,-25,-25,459.544,25,459.544,25,0
82,625,0,0,25,25,25,25,0,0,0,-25,0,0,-25,0,150.07866666666666,25,150.07866666666666,0,0
83,625,250,625,35,50,15,0,100,250,35,-15,-15,625,0,15,838.5613333333333,25,588.5613333333333,10,25
84,1,25,25,26,26,-24,-24,625,625,50,24,0,625,24,0,650.0,1,25.0,25,25
85,4,50,50,27,27,-23,-23,625,625,50,23,0,625,23,0,675.4966666666667,2,50.49666666666667,25,25
86,625,250,0,35,25,15,25,100,0,10,-15,10,0,-25,-10,274.41333333333336,25,274.41333333333336,10,0
87,1,0,12,1,13,1,-11,0,0,12,-1,-12,144,11,12,5.736,1,5.736,0,12
88,49,0,175,7,32,7,-18,0,0,25,-7,-25,625,18,25,99.60133333333333,7,99.60133333333333,0,25
89,625,625,625,50,50,0,0,625,625,50,0,0,625,0,0,1399.9186666666667,25,774.9186666666667,25,25
90,625,250,625,35,50,15,0,100,250,35,-15,-15,625,0,15,838.3026666666667,25,588.3026666666667,10,25
91,256,256,400,32,41,0,-9,256,400,41,0,-9,625,9,9,787.6306666666667,16,387.6306666666667,16,25
92,625,0,0,25,25,25,25,0,0,0,-25,0,0,-25,0,150.12933333333334,25,150.12933333333334,0,0
93,625,625,0,50,25,0,25,625,0,25,0,25,0,-25,-25,462.21,25,462.21,25,0
94,121,275,0,36,11,-14,11,625,0,25,14,25,0,-11,-25,164.26933333333332,11,164.26933333333332,25,0
95,100,250,0,35,10,-15,10,625,0,25,15,25,0,-10,-25,146.21466666666666,10,146.21466666666666,25,0
96,625,0,0,25,25,25,25,0,0,0,-25,0,0,-25,0,150.10666666666665,25,150.10666666666665,0,0
97,625,0,0,25,25,25,25,0,0,0,-25,0,0,-25,0,149.904,25,149.904,0,0
98,169,0,0,13,13,13,13,0,0,0,-13,0,0,-13,0,39.02133333333333,13,39.02133333333333,0,0
99,1,25,0,26,1,-24,1,625,0,25,24,25,0,-1,-25,13.05,1,13.05,25,0
100,1,0,0,1,1,1,1,0,0,0,-1,0,0,-1,0,0.0,1,0.0,0,0
101,4,0,0,2,2,2,2,0,0,0,-2,0,0,-2,0,0.51,2,0.51,0,0
102,1,0,25,1,26,1,-24,0,0,25,-1,-25,625,24,25,13.283333333333333,1,13.283333333333333,0,25
103,169,0,0,13,13,13,13,0,0,0,-13,0,0,-13,0,39.024,13,39.024,0,0
104,121,275,22,36,13,-14,9,625,50,27,14,23,4,-9,-23,227.58666666666667,11,177.58666666666667,25,2
105,100,250,230,35,33,-15,-13,625,575,48,15,2,529,13,-2,837.4046666666667,10,262.4046666666667,25,23
106,121,275,0,36,11,-14,11,625,0,25,14,25,0,-11,-25,165.132,11,165.132,25,0
107,100,250,0,35,10,-15,10,625,0,25,15,25,0,-10,-25,146.67733333333334,10,146.67733333333334,25,0
108,625,250,0,35,25,15,25,100,0,10,-15,10,0,-25,-10,275.44533333333334,25,275.44533333333334,10,0
109,625,250,0,35,25,15,25,100,0,10,-15,10,0,-25,-10,275.97066666666666,25,275.97066666666666,10,0
110,625,225,0,34,25,16,25,81,0,9,-16,9,0,-25,-9,262.33666666666664,25,262.33666666666664,9,0
111,625,625,0,50,25,0,25,625,0,25,0,25,0,-25,-25,461.83,25,461.83,25,0
112,625,250,0,35,25,15,25,100,0,10,-15,10,0,-25,-10,275.028,25,275.028,10,0
113,625,0,0,25,25,25,25,0,0,0,-25,0,0,-25,0,150.132,25,150.132,0,0
114,1,0,25,1,26,1,-24,0,0,25,-1,-25,625,24,25,12.55,1,12.55,0,25
115,4,0,50,2,27,2,-23,0,0,25,-2,-25,625,23,25,25.472,2,25.472,0,25
116,1,0,12,1,13,1,-11,0,0,12,-1,-12,144,11,12,5.784,1,5.784,0,12
117,49,0,133,7,26,7,-12,0,0,19,-7,-19,361,12,19,76.99733333333333,7,76.99733333333333,0,19
118,1,25,0,26,1,-24,1,625,0,25,24,25,0,-1,-25,12.933333333333334,1,12.933333333333334,25,0
119,625,625,0,50,25,0,25,625,0,25,0,25,0,-25,-25,459.544,25,459.544,25,0
120,625,0,0,25,25,25,25,0,0,0,-25,0,0,-25,0,150.07866666666666,25,150.07866666666666,0,0
121,625,250,625,35,50,15,0,100,250,35,-15,-15,625,0,15,838.5613333333333,25,588.5613333333333,10,25
122,1,25,25,26,26,-24,-24,625,625,50,24,0,625,24,0,650.0,1,25.0,25,25
123,4,50,50,27,27,-23,-23,625,625,50,23,0,625,23,0,675.4966666666667,2,50.49666666666667,25,25
124,625,250,0,35,25,15,25,100,0,10,-15,10,0,-25,-10,274.41333333333336,25,274.41333333333336,10,0
125,1,0,12,1,13,1,-11,0,0,12,-1,-12,144,11,12,5.736,1,5.736,0,12
126,49,0,175,7,32,7,-18,0,0,25,-7,-25,625,18,25,99.60133333333333,7,99.60133333333333,0,25
127,625,625,625,50,50,0,0,625,625,50,0,0,625,0,0,1399.9186666666667,25,774.9186666666667,25,25
128,625,250,625,35,50,15,0,100,250,35,-15,-15,625,0,15,838.3026666666667,25,588.3026666666667,10,25
129,256,256,400,32,41,0,-9,256,400,41,0,-9,625,9,9,787.6306666666667,16,387.6306666666667,16,25
130,625,0,0,25,25,25,25,0,0,0,-25,0,0,-25,0,150.12933333333334,25,150.12933333333334,0,0
131,625,625,0,50,25,0,25,625,0,25,0,25,0,-25,-25,462.21,25,462.21,25,0
132,121,275,0,36,11,-14,11,625,0,25,14,25,0,-11,-25,164.26933333333332,11,164.26933333333332,25,0
133,100,250,0,35,10,-15,10,625,0,25,15,25,0,-10,-25,146.21466666666666,10,146.21466666666666,25,0
134,625,0,0,25,25,25,25,0,0,0,-25,0,0,-25,0,150.10666666666665,25,150.10666666666665,0,0
135,625,0,0,25,25,25,25,0,0,0,-25,0,0,-25,0,149.904,25,149.904,0,0
136,169,0,0,13,13,13,13,0,0,0,-13,0,0,-13,0,39.02133333333333,13,39.02133333333333,0,0
137,1,25,0,26,1,-24,1,625,0,25,24,25,0,-1,-25,13.05,1,13.05,25,0
138,1,0,0,1,1,1,1,0,0,0,-1,0,0,-1,0,0.0,1,0.0,0,0
139,4,0,0,2,2,2,2,0,0,0,-2,0,0,-2,0,0.51,2,0.51,0,0
140,1,0,25,1,26,1,-24,0,0,25,-1,-25,625,24,25,13.283333333333333,1,13.283333333333333,0,25
141,169,0,0,13,13,13,13,0,0,0,-13,0,0,-13,0,39.024,13,39.024,0,0
142,121,275,22,36,13,-14,9,625,50,27,14,23,4,-9,-23,227.58666666666667,11,177.58666666666667,25,2
143,100,250,230,35,33,-15,-13,625,575,48,15,2,529,13,-2,837.4046666666667,10,262.4046666666667,25,23
144,121,275,0,36,11,-14,11,625,0,25,14,25,0,-11,-25,165.132,11,165.132,25,0
145,100,250,0,35,10,-15,10,625,0,25,15,25,0,-10,-25,146.67733333333334,10,146.67733333333334,25,0
146,625,250,0,35,25,15,25,100,0,10,-15,10,0,-25,-10,275.44533333333334,25,275.44533333333334,10,0
147,625,250,0,35,25,15,25,100,0,10,-15,10,0,-25,-10,275.97066666666666,25,275.97066666666666,10,0
148,625,225,0,34,25,16,25,81,0,9,-16,9,0,-25,-9,262.33666666666664,25,262.33666666666664,9,0
149,625,625,0,50,25,0,25,625,0,25,0,25,0,-25,-25,461.83,25,461.83,25,0
150,625,250,0,35,25,15,25,100,0,10,-15,10,0,-25,-10,275.028,25,275.028,10,0
151,625,0,0,25,25,25,25,0,0,0,-25,0,0,-25,0,150.132,25,150.132,0,0
152,1,0,25,1,26,1,-24,0,0,25,-1,-25,625,24,25,12.55,1,12.55,0,25
153,4,0,50,2,27,2,-23,0,0,25,-2,-25,625,23,25,25.472,2,25.472,0,25
154,1,0,12,1,13,1,-11,0,0,12,-1,-12,144,11,12,5.784,1,5.784,0,12
155,49,0,133,7,26,7,-12,0,0,19,-7,-19,361,12,19,76.99733333333333,7,76.99733333333333,0,19
156,1,25,0,26,1,-24,1,625,0,25,24,25,0,-1,-25,12.933333333333334,1,12.933333333333334,25,0
157,625,625,0,50,25,0,25,625,0,25,0,25,0,-25,-25,459.544,25,459.544,25,0
158,625,0,0,25,25,25,25,0,0,0,-25,0,0,-25,0,150.07866666666666,25,150.07866666666666,0,0
159,625,250,625,35,50,15,0,100,250,35,-15,-15,625,0,15,838.5613333333333,25,588.5613333333333,10,25
160,1,25,25,26,26,-24,-24,625,625,50,24,0,625,24,0,650.0,1,25.0,25,25
161,4,50,50,27,27,-23,-23,625,625,50,23,0,625,23,0,675.4966666666667,2,50.49666666666667,25,25
162,625,250,0,35,25,15,25,100,0,10,-15,10,0,-25,-10,274.41333333333336,25,274.41333333333336,10,0
163,1,0,12,1,13,1,-11,0,0,12,-1,-12,144,11,12,5.736,1,5.736,0,12
164,49,0,175,7,32,7,-18,0,0,25,-7,-25,625,18,25,99.60133333333333,7,99.60133333333333,0,25
165,625,625,625,50,50,0,0,625,625,50,0,0,625,0,0,1399.9186666666667,25,774.9186666666667,25,25
166,625,250,625,35,50,15,0,100,250,35,-15,-15,625,0,15,838.3026666666667,25,588.3026666666667,10,25
167,256,256,400,32,41,0,-9,256,400,41,0,-9,625,9,9,787.6306666666667,16,387.6306666666667,16,25
168,625,0,0,25,25,25,25,0,0,0,-25,0,0,-25,0,150.12933333333334,25,150.12933333333334,0,0
169,625,625,0,50,25,0,25,625,0,25,0,25,0,-25,-25,462.21,25,462.21,25,0
170,121,275,0,36,11,-14,11,625,0,25,14,25,0,-11,-25,164.26933333333332,11,164.26933333333332,25,0
171,100,250,0,35,10,-15,10,625,0,25,15,25,0,-10,-25,146.21466666666666,10,146.21466666666666,25,0
172,625,0,0,25,25,25,25,0,0,0,-25,0,0,-25,0,150.10666666666665,25,150.10666666666665,0,0
173,625,0,0,25,25,25,25,0,0,0,-25,0,0,-25,0,149.904,25,149.904,0,0
174,169,0,0,13,13,13,13,0,0,0,-13,0,0,-13,0,39.02133333333333,13,39.02133333333333,0,0
175,1,25,0,26,1,-24,1,625,0,25,24,25,0,-1,-25,13.05,1,13.05,25,0
176,1,0,0,1,1,1,1,0,0,0,-1,0,0,-1,0,0.0,1,0.0,0,0
177,4,0,0,2,2,2,2,0,0,0,-2,0,0,-2,0,0.51,2,0.51,0,0
178,1,0,25,1,26,1,-24,0,0,25,-1,-25,625,24,25,13.283333333333333,1,13.283333333333333,0,25
179,169,0,0,13,13,13,13,0,0,0,-13,0,0,-13,0,39.024,13,39.024,0,0
180,121,275,22,36,13,-14,9,625,50,27,14,23,4,-9,-23,227.58666666666667,11,177.58666666666667,25,2
181,100,250,230,35,33,-15,-13,625,575,48,15,2,529,13,-2,837.4046666666667,10,262.4046666666667,25,23
182,121,275,0,36,11,-14,11,625,0,25,14,25,0,-11,-25,165.132,11,165.132,25,0
183,100,250,0,35,10,-15,10,625,0,25,15,25,0,-10,-25,146.67733333333334,10,146.67733333333334,25,0
184,625,250,0,35,25,15,25,100,0,10,-15,10,0,-25,-10,275.44533333333334,25,275.44533333333334,10,0
185,625,250,0,35,25,15,25,100,0,10,-15,10,0,-25,-10,275.97066666666666,25,275.97066666666666,10,0
186,625,225,0,34,25,16,25,81,0,9,-16,9,0,-25,-9,262.33666666666664,25,262.33666666666664,9,0
187,625,625,0,50,25,0,25,625,0,25,0,25,0,-25,-25,461.83,25,461.83,25,0
188,625,250,0,35,25,15,25,100,0,10,-15,10,0,-25,-10,275.028,25,275.028,10,0
189,625,0,0,25,25,25,25,0,0,0,-25,0,0,-25,0,150.132,25,150.132,0,0
190,1,0,25,1,26,1,-24,0,0,25,-1,-25,625,24,25,12.55,1,12.55,0,25
191,4,0,50,2,27,2,-23,0,0,25,-2,-25,625,23,25,25.472,2,25.472,0,25
192,1,0,12,1,13,1,-11,0,0,12,-1,-12,144,11,12,5.784,1,5.784,0,12
193,49,0,133,7,26,7,-12,0,0,19,-7,-19,361,12,19,76.99733333333333,7,76.99733333333333,0,19
194,1,25,0,26,1,-24,1,625,0,25,24,25,0,-1,-25,12.933333333333334,1,12.933333333333334,25,0
195,625,625,0,50,25,0,25,625,0,25,0,25,0,-25,-25,459.544,25,459.544,25,0
196,625,0,0,25,25,25,25,0,0,0,-25,0,0,-25,0,150.07866666666666,25,150.07866666666666,0,0
197,625,250,625,35,50,15,0,100,250,35,-15,-15,625,0,15,838.5613333333333,25,588.5613333333333,10,25
198,1,25,25,26,26,-24,-24,625,625,50,24,0,625,24,0,650.0,1,25.0,25,25
199,4,50,50,27,27,-23,-23,625,625,50,23,0,625,23,0,675.4966666666667,2,50.49666666666667,25,25
200,625,250,0,35,25,15,25,100,0,10,-15,10,0,-25,-10,274.41333333333336,25,274.41333333333336,10,0
201,1,0,12,1,13,1,-11,0,0,12,-1,-12,144,11,12,5.736,1,5.736,0,12
202,49,0,175,7,32,7,-18,0,0,25,-7,-25,625,18,25,99.60133333333333,7,99.60133333333333,0,25
203,625,625,625,50,50,0,0,625,625,50,0,0,625,0,0,1399.9186666666667,25,774.9186666666667,25,25
204,625,250,625,35,50,15,0,100,250,35,-15,-15,625,0,15,838.3026666666667,25,588.3026666666667,10,25
205,256,256,400,32,41,0,-9,256,400,41,0,-9,625,9,9,787.6306666666667,16,387.6306666666667,16,25
206,625,0,0,25,25,25,25,0,0,0,-25,0,0,-25,0,150.12933333333334,25,150.12933333333334,0,0
207,625,625,0,50,25,0,25,625,0,25,0,25,0,-25,-25,462.21,25,462.21,25,0
208,121,275,0,36,11,-14,11,625,0,25,14,25,0,-11,-25,164.26933333333332,11,164.26933333333332,25,0
209,100,250,0,35,10,-15,10,625,0,25,15,25,0,-10,-25,146.21466666666666,10,146.21466666666666,25,0
210,625,0,0,25,25,25,25,0,0,0,-25,0,0,-25,0,150.10666666666665,25,150.10666666666665,0,0
211,625,0,0,25,25,25,25,0,0,0,-25,0,0,-25,0,149.904,25,149.904,0,0
212,169,0,0,13,13,13,13,0,0,0,-13,0,0,-13,0,39.02133333333333,13,39.02133333333333,0,0
213,1,25,0,26,1,-24,1,625,0,25,24,25,0,-1,-25,13.05,1,13.05,25,0
214,1,0,0,1,1,1,1,0,0,0,-1,0,0,-1,0,0.0,1,0.0,0,0
215,4,0,0,2,2,2,2,0,0,0,-2,0,0,-2,0,0.51,2,0.51,0,0
216,1,0,25,1,26,1,-24,0,0,25,-1,-25,625,24,25,13.283333333333333,1,13.283333333333333,0,25
217,169,0,0,13,13,13,13,0,0,0,-13,0,0,-13,0,39.024,13,39.024,0,0
218,121,275,22,36,13,-14,9,625,50,27,14,23,4,-9,-23,227.58666666666667,11,177.58666666666667,25,2
219,100,250,230,35,33,-15,-13,625,575,48,15,2,529,13,-2,837.4046666666667,10,262.4046666666667,25,23
220,121,275,0,36,11,-14,11,625,0,25,14,25,0,-11,-25,165.132,11,165.132,25,0
221,100,250,0,35,10,-15,10,625,0,25,15,25,0,-10,-25,146.67733333333334,10,146.67733333333334,25,0
222,625,250,0,35,25,15,25,100,0,10,-15,10,0,-25,-10,275.44533333333334,25,275.44533333333334,10,0
223,625,250,0,35,25,15,25,100,0,10,-15,10,0,-25,-10,275.97066666666666,25,275.97066666666666,10,0
224,625,225,0,34,25,16,25,81,0,9,-16,9,0,-25,-9,262.33666666666664,25,262.33666666666664,9,0
225,625,625,0,50,25,0,25,625,0,25,0,25,0,-25,-25,461.83,25,461.83,25,0
226,625,250,0,35,25,15,25,100,0,10,-15,10,0,-25,-10,275.028,25,275.028,10,0
227,625,0,0,25,25,25,25,0,0,0,-25,0,0,-25,0,150.132,25,150.132,0,0
228,1,0,25,1,26,1,-24,0,0,25,-1,-25,625,24,25,12.55,1,12.55,0,25
229,4,0,50,2,27,2,-23,0,0,25,-2,-25,625,23,25,25.472,2,25.472,0,25
230,1,0,12,1,13,1,-11,0,0,12,-1,-12,144,11,12,5.784,1,5.784,0,12
231,49,0,133,7,26,7,-12,0,0,19,-7,-19,361,12,19,76.99733333333333,7,76.99733333333333,0,19
232,1,25,0,26,1,-24,1,625,0,25,24,25,0,-1,-25,12.933333333333334,1,12.933333333333334,25,0
233,625,625,0,50,25,0,25,625,0,25,0,25,0,-25,-25,459.544,25,459.544,25,0
234,625,0,0,25,25,25,25,0,0,0,-25,0,0,-25,0,150.07866666666666,25,150.07866666666666,0,0
235,625,250,625,35,50,15,0,100,250,35,-15,-15,625,0,15,838.5613333333333,25,588.5613333333333,10,25
236,1,25,25,26,26,-24,-24,625,625,50,24,0,625,24,0,650.0,1,25.0,25,25
237,4,50,50,27,27,-23,-23,625,625,50,23,0,625,23,0,675.4966666666667,2,50.49666666666667,25,25
238,625,250,0,35,25,15,25,100,0,10,-15,10,0,-25,-10,274.41333333333336,25,274.41333333333336,10,0
239,1,0,12,1,13,1,-11,0,0,12,-1,-12,144,11,12,5.736,1,5.736,0,12
240,49,0,175,7,32,7,-18,0,0,25,-7,-25,625,18,25,99.60133333333333,7,99.60133333333333,0,25
241,625,625,625,50,50,0,0,625,625,50,0,0,625,0,0,1399.9186666666667,25,774.9186666666667,25,25
242,625,250,625,35,50,15,0,100,250,35,-15,-15,625,0,15,838.3026666666667,25,588.3026666666667,10,25
243,256,256,400,32,41,0,-9,256,400,41,0,-9,625,9,9,787.6306666666667,16,387.6306666666667,16,25
244,625,0,0,25,25,25,25,0,0,0,-25,0,0,-25,0,150.12933333333334,25,150.12933333333334,0,0
245,625,625,0,50,25,0,25,625,0,25,0,25,0,-25,-25,462.21,25,462.21,25,0
246,121,275,0,36,11,-14,11,625,0,25,14,25,0,-11,-25,164.26933333333332,11,164.26933333333332,25,0
247,100,250,0,35,10,-15,10,625,0,25,15,25,0,-10,-25,146.21466666666666,10,146.21466666666666,25,0
248,625,0,0,25,25,25,25,0,0,0,-25,0,0,-25,0,150.10666666666665,25,150.10666666666665,0,0
249,625,0,0,25,25,25,25,0,0,0,-25,0,0,-25,0,149.904,25,149.904,0,0
250,169,0,0,13,13,13,13,0,0,0,-13,0,0,-13,0,39.02133333333333,13,39.02133333333333,0,0
251,1,25,0,26,1,-24,1,625,0,25,24,25,0,-1,-25,13.05,1,13.05,25,0
252,1,0,0,1,1,1,1,0,0,0,-1,0,0,-1,0,0.0,1,0.0,0,0
253,4,0,0,2,2,2,2,0,0,0,-2,0,0,-2,0,0.51,2,0.51,0,0
254,1,0,25,1,26,1,-24,0,0,25,-1,-25,625,24,25,13.283333333333333,1,13.283333333333333,0,25
255,169,0,0,13,13,13,13,0,0,0,-13,0,0,-13,0,39.024,13,39.024,0,0
256,121,275,22,36,13,-14,9,625,50,27,14,23,4,-9,-23,227.58666666666667,11,177.58666666666667,25,2
257,100,250,230,35,33,-15,-13,625,575,48,15,2,529,13,-2,837.4046666666667,10,262.4046666666667,25,23
258,121,275,0,36,11,-14,11,625,0,25,14,25,0,-11,-25,165.132,11,165.132,25,0
259,100,250,0,35,10,-15,10,625,0,25,15,25,0,-10,-25,146.67733333333334,10,146.67733333333334,25,0
260,625,250,0,35,25,15,25,100,0,10,-15,10,0,-25,-10,275.44533333333334,25,275.44533333333334,10,0
261,625,250,0,35,25,15,25,100,0,10,-15,10,0,-25,-10,275.97066666666666,25,275.97066666666666,10,0
262,625,225,0,34,25,16,25,81,0,9,-16,9,0,-25,-9,262.33666666666664,25,262.33666666666664,9,0
263,625,625,0,50,25,0,25,625,0,25,0,25,0,-25,-25,461.83,25,461.83,25,0
264,625,250,0,35,25,15,25,100,0,10,-15,10,0,-25,-10,275.028,25,275.028,10,0
265,625,0,0,25,25,25,25,0,0,0,-25,0,0,-25,0,150.132,25,150.132,0,0
266,1,0,25,1,26,1,-24,0,0,25,-1,-25,625,24,25,12.55,1,12.55,0,25
267,4,0,50,2,27,2,-23,0,0,25,-2,-25,625,23,25,25.472,2,25.472,0,25
268,1,0,12,1,13,1,-11,0,0,12,-1,-12,144,11,12,5.784,1,5.784,0,12
269,49,0,133,7,26,7,-12,0,0,19,-7,-19,361,12,19,76.99733333333333,7,76.99733333333333,0,19
270,1,25,0,26,1,-24,1,625,0,25,24,25,0,-1,-25,12.933333333333334,1,12.933333333333334,25,0
271,625,625,0,50,25,0,25,625,0,25,0,25,0,-25,-25,459.544,25,459.544,25,0
272,625,0,0,25,25,25,25,0,0,0,-25,0,0,-25,0,150.07866666666666,25,150.07866666666666,0,0
273,625,250,625,35,50,15,0,100,250,35,-15,-15,625,0,15,838.5613333333333,25,588.5613333333333,10,25
274,1,25,25,26,26,-24,-24,625,625,50,24,0,625,24,0,650.0,1,25.0,25,25
275,4,50,50,27,27,-23,-23,625,625,50,23,0,625,23,0,675.4966666666667,2,50.49666666666667,25,25
276,625,250,0,35,25,15,25,100,0,10,-15,10,0,-25,-10,274.41333333333336,25,274.41333333333336,10,0
277,1,0,12,1,13,1,-11,0,0,12,-1,-12,144,11,12,5.736,1,5.736,0,12
278,49,0,175,7,32,7,-18,0,0,25,-7,-25,625,18,25,99.60133333333333,7,99.60133333333333,0,25
279,625,625,625,50,50,0,0,625,625,50,0,0,625,0,0,1399.9186666666667,25,774.9186666666667,25,25
280,625,250,625,35,50,15,0,100,250,35,-15,-15,625,0,15,838.3026666666667,25,588.3026666666667,10,25
281,256,256,400,32,41,0,-9,256,400,41,0,-9,625,9,9,787.6306666666667,16,387.6306666666667,16,25
282,625,0,0,25,25,25,25,0,0,0,-25,0,0,-25,0,150.12933333333334,25,150.12933333333334,0,0
283,625,625,0,50,25,0,25,625,0,25,0,25,0,-25,-25,462.21,25,462.21,25,0
284,121,275,0,36,11,-14,11,625,0,25,14,25,0,-11,-25,164.26933333333332,11,164.26933333333332,25,0
285,100,250,0,35,10,-15,10,625,0,25,15,25,0,-10,-25,146.21466666666666,10,146.21466666666666,25,0
286,625,0,0,25,25,25,25,0,0,0,-25,0,0,-25,0,150.10666666666665,25,150.10666666666665,0,0
287,625,0,0,25,25,25,25,0,0,0,-25,0,0,-25,0,149.904,25,149.904,0,0
288,169,0,0,13,13,13,13,0,0,0,-13,0,0,-13,0,39.02133333333333,13,39.02133333333333,0,0
289,1,25,0,26,1,-24,1,625,0,25,24,25,0,-1,-25,13.05,1,13.05,25,0
290,1,0,0,1,1,1,1,0,0,0,-1,0,0,-1,0,0.0,1,0.0,0,0
291,4,0,0,2,2,2,2,0,0,0,-2,0,0,-2,0,0.51,2,0.51,0,0
292,1,0,25,1,26,1,-24,0,0,25,-1,-25,625,24,25,13.283333333333333,1,13.283333333333333,0,25
293,169,0,0,13,13,13,13,0,0,0,-13,0,0,-13,0,39.024,13,39.024,0,0
294,121,275,22,36,13,-14,9,625,50,27,14,23,4,-9,-23,227.58666666666667,11,177.58666666666667,25,2
295,100,250,230,35,33,-15,-13,625,575,48,15,2,529,13,-2,837.4046666666667,10,262.4046666666667,25,23
296,121,275,0,36,11,-14,11,625,0,25,14,25,0,-11,-25,165.132,11,165.132,25,0
297,100,250,0,35,10,-15,10,625,0,25,15,25,0,-10,-25,146.67733333333334,10,146.67733333333334,25,0
298,625,250,0,35,25,15,25,100,0,10,-15,10,0,-25,-10,275.44533333333334,25,275.44533333333334,10,0
299,625,250,0,35,25,15,25,100,0,10,-15,10,0,-25,-10,275.97066666666666,25,275.97066666666666,10,0
300,625,225,0,34,25,16,25,81,0,9,-16,9,0,-25,-9,262.33666666666664,25,262.33666666666664,9,0
301,625,625,0,50,25,0,25,625,0,25,0,25,0,-25,-25,461.83,25,461.83,25,0
302,625,250,0,35,25,15,25,100,0,10,-15,10,0,-25,-10,275.028,25,275.028,10,0
303,625,0,0,25,25,25,25,0,0,0,-25,0,0,-25,0,150.132,25,150.132,0,0
304,1,0,25,1,26,1,-24,0,0,25,-1,-25,625,24,25,12.55,1,12.55,0,25
305,4,0,50,2,27,2,-23,0,0,25,-2,-25,625,23,25,25.472,2,25.472,0,25
306,1,0,12,1,13,1,-11,0,0,12,-1,-12,144,11,12,5.784,1,5.784,0,12
307,49,0,133,7,26,7,-12,0,0,19,-7,-19,361,12,19,76.99733333333333,7,76.99733333333333,0,19
308,1,25,0,26,1,-24,1,625,0,25,24,25,0,-1,-25,12.933333333333334,1,12.933333333333334,25,0
309,625,625,0,50,25,0,25,625,0,25,0,25,0,-25,-25,459.544,25,459.544,25,0
310,625,0,0,25,25,25,25,0,0,0,-25,0,0,-25,0,150.07866666666666,25,150.07866666666666,0,0
311,625,250,625,35,50,15,0,100,250,35,-15,-15,625,0,15,838.5613333333333,25,588.5613333333333,10,25
312,1,25,25,26,26,-24,-24,625,625,50,24,0,625,24,0,650.0,1,25.0,25,25
313,4,50,50,27,27,-23,-23,625,625,50,23,0,625,23,0,675.4966666666667,2,50.49666666666667,25,25
314,625,250,0,35,25,15,25,100,0,10,-15,10,0,-25,-10,274.41333333333336,25,274.41333333333336,10,0
315,1,0,12,1,13,1,-11,0,0,12,-1,-12,144,11,12,5.736,1,5.736,0,12
316,49,0,175,7,32,7,-18,0,0,25,-7,-25,625,18,25,99.60133333333333,7,99.60133333333333,0,25
317,625,625,625,50,50,0,0,625,625,50,0,0,625,0,0,1399.9186666666667,25,774.9186666666667,25,25
318,625,250,625,35,50,15,0,100,250,35,-15,-15,625,0,15,838.3026666666667,25,588.3026666666667,10,25
319,256,256,400,32,41,0,-9,256,400,41,0,-9,625,9,9,787.6306666666667,16,387.6306666666667,16,25
320,625,0,0,25,25,25,25,0,0,0,-25,0,0,-25,0,150.12933333333334,25,150.12933333333334,0,0
321,625,625,0,50,25,0,25,625,0,25,0,25,0,-25,-25,462.21,25,462.21,25,0
322,121,275,0,36,11,-14,11,625,0,25,14,25,0,-11,-25,164.26933333333332,11,164.26933333333332,25,0
323,100,250,0,35,10,-15,10,625,0,25,15,25,0,-10,-25,146.21466666666666,10,146.21466666666666,25,0
324,625,0,0,25,25,25,25,0,0,0,-25,0,0,-25,0,150.10666666666665,25,150.10666666666665,0,0
325,625,0,0,25,25,25,25,0,0,0,-25,0,0,-25,0,149.904,25,149.904,0,0
326,169,0,0,13,13,13,13,0,0,0,-13,0,0,-13,0,39.02133333333333,13,39.02133333333333,0,0
327,1,25,0,26,1,-24,1,625,0,25,24,25,0,-1,-25,13.05,1,13.05,25,0
328,1,0,0,1,1,1,1,0,0,0,-1,0,0,-1,0,0.0,1,0.0,0,0
329,4,0,0,2,2,2,2,0,0,0,-2,0,0,-2,0,0.51,2,0.51,0,0
330,1,0,25,1,26,1,-24,0,0,25,-1,-25,625,24,25,13.283333333333333,1,13.283333333333333,0,25
331,169,0,0,13,13,13,13,0,0,0,-13,0,0,-13,0,39.024,13,39.024,0,0
332,121,275,22,36,13,-14,9,625,50,27,14,23,4,-9,-23,227.58666666666667,11,177.58666666666667,25,2
333,100,250,230,35,33,-15,-13,625,575,48,15,2,529,13,-2,837.4046666666667,10,262.4046666666667,25,23
334,121,275,0,36,11,-14,11,625,0,25,14,25,0,-11,-25,165.132,11,165.132,25,0
335,100,250,0,35,10,-15,10,625,0,25,15,25,0,-10,-25,146.67733333333334,10,146.67733333333334,25,0
336,625,250,0,35,25,15,25,100,0,10,-15,10,0,-25,-10,275.44533333333334,25,275.44533333333334,10,0
337,625,250,0,35,25,15,25,100,0,10,-15,10,0,-25,-10,275.97066666666666,25,275.97066666666666,10,0
338,625,225,0,34,25,16,25,81,0,9,-16,9,0,-25,-9,262.33666666666664,25,262.33666666666664,9,0
339,625,625,0,50,25,0,25,625,0,25,0,25,0,-25,-25,461.83,25,461.83,25,0
340,625,250,0,35,25,15,25,100,0,10,-15,10,0,-25,-10,275.028,25,275.028,10,0
341,625,0,0,25,25,25,25,0,0,0,-25,0,0,-25,0,150.132,25,150.132,0,0
342,1,0,25,1,26,1,-24,0,0,25,-1,-25,625,24,25,12.55,1,12.55,0,25
343,4,0,50,2,27,2,-23,0,0,25,-2,-25,625,23,25,25.472,2,25.472,0,25
344,1,0,12,1,13,1,-11,0,0,12,-1,-12,144,11,12,5.784,1,5.784,0,12
345,49,0,133,7,26,7,-12,0,0,19,-7,-19,361,12,19,76.99733333333333,7,76.99733333333333,0,19
346,1,25,0,26,1,-24,1,625,0,25,24,25,0,-1,-25,12.933333333333334,1,12.933333333333334,25,0
347,625,625,0,50,25,0,25,625,0,25,0,25,0,-25,-25,459.544,25,459.544,25,0
348,625,0,0,25,25,25,25,0,0,0,-25,0,0,-25,0,150.07866666666666,25,150.07866666666666,0,0
349,625,250,625,35,50,15,0,100,250,35,-15,-15,625,0,15,838.5613333333333,25,588.5613333333333,10,25
350,1,25,25,26,26,-24,-24,625,625,50,24,0,625,24,0,650.0,1,25.0,25,25
351,4,50,50,27,27,-23,-23,625,625,50,23,0,625,23,0,675.4966666666667,2,50.49666666666667,25,25
352,625,250,0,35,25,15,25,100,0,10,-15,10,0,-25,-10,274.41333333333336,25,274.41333333333336,10,0
353,1,0,12,1,13,1,-11,0,0,12,-1,-12,144,11,12,5.736,1,5.736,0,12
354,49,0,175,7,32,7,-18,0,0,25,-7,-25,625,18,25,99.60133333333333,7,99.60133333333333,0,25
355,625,625,625,50,50,0,0,625,625,50,0,0,625,0,0,1399.9186666666667,25,774.9186666666667,25,25
356,625,250,625,35,50,15,0,100,250,35,-15,-15,625,0,15,838.3026666666667,25,588.3026666666667,10,25
357,256,256,400,32,41,0,-9,256,400,41,0,-9,625,9,9,787.6306666666667,16,387.6306666666667,16,25
358,625,0,0,25,25,25,25,0,0,0,-25,0,0,-25,0,150.12933333333334,25,150.12933333333334,0,0
359,625,625,0,50,25,0,25,625,0,25,0,25,0,-25,-25,462.21,25,462.21,25,0
360,121,275,0,36,11,-14,11,625,0,25,14,25,0,-11,-25,164.26933333333332,11,164.26933333333332,25,0
361,100,250,0,35,10,-15,10,625,0,25,15,25,0,-10,-25,146.21466666666666,10,146.21466666666666,25,0
362,625,0,0,25,25,25,25,0,0,0,-25,0,0,-25,0,150.10666666666665,25,150.10666666666665,0,0
363,625,0,0,25,25,25,25,0,0,0,-25,0,0,-25,0,149.904,25,149.904,0,0
364,169,0,0,13,13,13,13,0,0,0,-13,0,0,-13,0,39.02133333333333,13,39.02133333333333,0,0
365,1,25,0,26,1,-24,1,625,0,25,24,25,0,-1,-25,13.05,1,13.05,25,0
366,1,0,0,1,1,1,1,0,0,0,-1,0,0,-1,0,0.0,1,0.0,0,0
367,4,0,0,2,2,2,2,0,0,0,-2,0,0,-2,0,0.51,2,0.51,0,0
368,1,0,25,1,26,1,-24,0,0,25,-1,-25,625,24,25,13.283333333333333,1,13.283333333333333,0,25
369,169,0,0,13,13,13,13,0,0,0,-13,0,0,-13,0,39.024,13,39.024,0,0
370,121,275,22,36,13,-14,9,625,50,27,14,23,4,-9,-23,227.58666666666667,11,177.58666666666667,25,2
371,100,250,230,35,33,-15,-13,625,575,48,15,2,529,13,-2,837.4046666666667,10,262.4046666666667,25,23
372,121,275,0,36,11,-14,11,625,0,25,14,25,0,-11,-25,165.132,11,165.132,25,0
373,100,250,0,35,10,-15,10,625,0,25,15,25,0,-10,-25,146.67733333333334,10,146.67733333333334,25,0
374,625,250,0,35,25,15,25,100,0,10,-15,10,0,-25,-10,275.44533333333334,25,275.44533333333334,10,0
375,625,250,0,35,25,15,25,100,0,10,-15,10,0,-25,-10,275.97066666666666,25,275.97066666666666,10,0
376,625,225,0,34,25,16,25,81,0,9,-16,9,0,-25,-9,262.33666666666664,25,262.33666666666664,9,0
377,625,625,0,50,25,0,25,625,0,25,0,25,0,-25,-25,461.83,25,461.83,25,0
378,625,250,0,35,25,15,25,100,0,10,-15,10,0,-25,-10,275.028,25,275.028,10,0
379,625,0,0,25,25,25,25,0,0,0,-25,0,0,-25,0,150.132,25,150.132,0,0
380,1,0,25,1,26,1,-24,0,0,25,-1,-25,625,24,25,12.55,1,12.55,0,25
381,4,0,50,2,27,2,-23,0,0,25,-2,-25,625,23,25,25.472,2,25.472,0,25
382,1,0,12,1,13,1,-11,0,0,12,-1,-12,144,11,12,5.784,1,5.784,0,12
383,49,0,133,7,26,7,-12,0,0,19,-7,-19,361,12,19,76.99733333333333,7,76.99733333333333,0,19
384,1,25,0,26,1,-24,1,625,0,25,24,25,0,-1,-25,12.933333333333334,1,12.933333333333334,25,0
385,625,625,0,50,25,0,25,625,0,25,0,25,0,-25,-25,459.544,25,459.544,25,0
386,625,0,0,25,25,25,25,0,0,0,-25,0,0,-25,0,150.07866666666666,25,150.07866666666666,0,0
387,625,250,625,35,50,15,0,100,250,35,-15,-15,625,0,15,838.5613333333333,25,588.5613333333333,10,25
388,1,25,25,26,26,-24,-24,625,625,50,24,0,625,24,0,650.0,1,25.0,25,25
389,4,50,50,27,27,-23,-23,625,625,50,23,0,625,23,0,675.4966666666667,2,50.49666666666667,25,25
390,625,250,0,35,25,15,25,100,0,10,-15,10,0,-25,-10,274.41333333333336,25,274.41333333333336,10,0
391,1,0,12,1,13,1,-11,0,0,12,-1,-12,144,11,12,5.736,1,5.736,0,12
392,49,0,175,7,32,7,-18,0,0,25,-7,-25,625,18,25,99.60133333333333,7,99.60133333333333,0,25
393,625,625,625,50,50,0,0,625,625,50,0,0,625,0,0,1399.9186666666667,25,774.9186666666667,25,25
394,625,250,625,35,50,15,0,100,250,35,-15,-15,625,0,15,838.3026666666667,25,588.3026666666667,10,25
395,256,256,400,32,41,0,-9,256,400,41,0,-9,625,9,9,787.6306666666667,16,387.6306666666667,16,25
396,625,0,0,25,25,25,25,0,0,0,-25,0,0,-25,0,150.12933333333334,25,150.12933333333334,0,0
397,625,625,0,50,25,0,25,625,0,25,0,25,0,-25,-25,462.21,25,462.21,25,0
398,121,275,0,36,11,-14,11,625,0,25,14,25,0,-11,-25,164.26933333333332,11,164.26933333333332,25,0
399,100,250,0,35,10,-15,10,625,0,25,15,25,0,-10,-25,146.21466666666666,10,146.21466666666666,25,0
400,625,0,0,25,25,25,25,0,0,0,-25,0,0,-25,0,150.10666666666665,25,150.10666666666665,0,0
401,625,0,0,25,25,25,25,0,0,0,-25,0,0,-25,0,149.904,25,149.904,0,0
402,169,0,0,13,13,13,13,0,0,0,-13,0,0,-13,0,39.02133333333333,13,39.02133333333333,0,0
403,1,25,0,26,1,-24,1,625,0,25,24,25,0,-1,-25,13.05,1,13.05,25,0
404,1,0,0,1,1,1,1,0,0,0,-1,0,0,-1,0,0.0,1,0.0,0,0
405,4,0,0,2,2,2,2,0,0,0,-2,0,0,-2,0,0.51,2,0.51,0,0
406,1,0,25,1,26,1,-24,0,0,25,-1,-25,625,24,25,13.283333333333333,1,13.283333333333333,0,25
407,169,0,0,13,13,13,13,0,0,0,-13,0,0,-13,0,39.024,13,39.024,0,0
408,121,275,22,36,13,-14,9,625,50,27,14,23,4,-9,-23,227.58666666666667,11,177.58666666666667,25,2
409,100,250,230,35,33,-15,-13,625,575,48,15,2,529,13,-2,837.4046666666667,10,262.4046666666667,25,23
410,121,275,0,36,11,-14,11,625,0,25,14,25,0,-11,-25,165.132,11,165.132,25,0
411,100,250,0,35,10,-15,10,625,0,25,15,25,0,-10,-25,146.67733333333334,10,146.67733333333334,25,0
412,625,250,0,35,25,15,25,100,0,10,-15,10,0,-25,-10,275.44533333333334,25,275.44533333333334,10,0
413,625,250,0,35,25,15,25,100,0,10,-15,10,0,-25,-10,275.97066666666666,25,275.97066666666666,10,0
414,625,225,0,34,25,16,25,81,0,9,-16,9,0,-25,-9,262.33666666666664,25,262.33666666666664,9,0
415,625,625,0,50,25,0,25,625,0,25,0,25,0,-25,-25,461.83,25,461.83,25,0
416,625,250,0,35,25,15,25,100,0,10,-15,10,0,-25,-10,275.028,25,275.028,10,0
417,625,0,0,25,25,25,25,0,0,0,-25,0,0,-25,0,150.132,25,150.132,0,0
418,1,0,25,1,26,1,-24,0,0,25,-1,-25,625,24,25,12.55,1,12.55,0,25
419,4,0,50,2,27,2,-23,0,0,25,-2,-25,625,23,25,25.472,2,25.472,0,25
420,1,0,12,1,13,1,-11,0,0,12,-1,-12,144,11,12,5.784,1,5.784,0,12
421,49,0,133,7,26,7,-12,0,0,19,-7,-19,361,12,19,76.99733333333333,7,76.99733333333333,0,19
422,1,25,0,26,1,-24,1,625,0,25,24,25,0,-1,-25,12.933333333333334,1,12.933333333333334,25,0
423,625,625,0,50,25,0,25,625,0,25,0,25,0,-25,-25,459.544,25,459.544,25,0
424,625,0,0,25,25,25,25,0,0,0,-25,0,0,-25,0,150.07866666666666,25,150.07866666666666,0,0
425,625,250,625,35,50,15,0,100,250,35,-15,-15,625,0,15,838.5613333333333,25,588.5613333333333,10,25
426,1,25,25,26,26,-24,-24,625,625,50,24,0,625,24,0,650.0,1,25.0,25,25
427,4,50,50,27,27,-23,-23,625,625,50,23,0,625,23,0,675.4966666666667,2,50.49666666666667,25,25
428,625,250,0,35,25,15,25,100,0,10,-15,10,0,-25,-10,274.41333333333336,25,274.41333333333336,10,0
429,1,0,12,1,13,1,-11,0,0,12,-1,-12,144,11,12,5.736,1,5.736,0,12
430,49,0,175,7,32,7,-18,0,0,25,-7,-25,625,18,25,99.60133333333333,7,99.60133333333333,0,25
431,625,625,625,50,50,0,0,625,625,50,0,0,625,0,0,1399.9186666666667,25,774.9186666666667,25,25
432,625,250,625,35,50,15,0,100,250,35,-15,-15,625,0,15,838.3026666666667,25,588.3026666666667,10,25
433,256,256,400,32,41,0,-9,256,400,41,0,-9,625,9,9,787.6306666666667,16,387.6306666666667,16,25
434,625,0,0,25,25,25,25,0,0,0,-25,0,0,-25,0,150.12933333333334,25,150.12933333333334,0,0
435,625,625,0,50,25,0,25,625,0,25,0,25,0,-25,-25,462.21,25,462.21,25,0
436,121,275,0,36,11,-14,11,625,0,25,14,25,0,-11,-25,164.26933333333332,11,164.26933333333332,25,0
437,100,250,0,35,10,-15,10,625,0,25,15,25,0,-10,-25,146.21466666666666,10,146.21466666666666,25,0
438,625,0,0,25,25,25,25,0,0,0,-25,0,0,-25,0,150.10666666666665,25,150.10666666666665,0,0
439,625,0,0,25,25,25,25,0,0,0,-25,0,0,-25,0,149.904,25,149.904,0,0
440,169,0,0,13,13,13,13,0,0,0,-13,0,0,-13,0,39.02133333333333,13,39.02133333333333,0,0
441,1,25,0,26,1,-24,1,625,0,25,24,25,0,-1,-25,13.05,1,13.05,25,0
442,1,0,0,1,1,1,1,0,0,0,-1,0,0,-1,0,0.0,1,0.0,0,0
443,4,0,0,2,2,2,2,0,0,0,-2,0,0,-2,0,0.51,2,0.51,0,0
444,1,0,25,1,26,1,-24,0,0,25,-1,-25,625,24,25,13.283333333333333,1,13.283333333333333,0,25
445,169,0,0,13,13,13,13,0,0,0,-13,0,0,-13,0,39.024,13,39.024,0,0
446,121,275,22,36,13,-14,9,625,50,27,14,23,4,-9,-23,227.58666666666667,11,177.58666666666667,25,2
447,100,250,230,35,33,-15,-13,625,575,48,15,2,529,13,-2,837.4046666666667,10,262.4046666666667,25,23
448,121,275,0,36,11,-14,11,625,0,25,14,25,0,-11,-25,165.132,11,165.132,25,0
449,100,250,0,35,10,-15,10,625,0,25,15,25,0,-10,-25,146.67733333333334,10,146.67733333333334,25,0
450,625,250,0,35,25,15,25,100,0,10,-15,10,0,-25,-10,275.44533333333334,25,275.44533333333334,10,0
451,625,250,0,35,25,15,25,100,0,10,-15,10,0,-25,-10,275.97066666666666,25,275.97066666666666,10,0
452,625,225,0,34,25,16,25,81,0,9,-16,9,0,-25,-9,262.33666666666664,25,262.33666666666664,9,0
453,625,625,0,50,25,0,25,625,0,25,0,25,0,-25,-25,461.83,25,461.83,25,0
454,625,250,0,35,25,15,25,100,0,10,-15,10,0,-25,-10,275.028,25,275.028,10,0
455,625,0,0,25,25,25,25,0,0,0,-25,0,0,-25,0,150.132,25,150.132,0,0
456,1,0,25,1,26,1,-24,0,0,25,-1,-25,625,24,25,12.55,1,12.55,0,25
457,4,0,50,2,27,2,-23,0,0,25,-2,-25,625,23,25,25.472,2,25.472,0,25
458,1,0,12,1,13,1,-11,0,0,12,-1,-12,144,11,12,5.784,1,5.784,0,12
459,49,0,133,7,26,7,-12,0,0,19,-7,-19,361,12,19,76.99733333333333,7,76.99733333333333,0,19
460,1,25,0,26,1,-24,1,625,0,25,24,25,0,-1,-25,12.933333333333334,1,12.933333333333334,25,0
461,625,625,0,50,25,0,25,625,0,25,0,25,0,-25,-25,459.544,25,459.544,25,0
462,625,0,0,25,25,25,25,0,0,0,-25,0,0,-25,0,150.07866666666666,25,150.07866666666666,0,0
463,625,250,625,35,50,15,0,100,250,35,-15,-15,625,0,15,838.5613333333333,25,588.5613333333333,10,25
464,1,25,25,26,26,-24,-24,625,625,50,24,0,625,24,0,650.0,1,25.0,25,25
465,4,50,50,27,27,-23,-23,625,625,50,23,0,625,23,0,675.4966666666667,2,50.49666666666667,25,25
466,625,250,0,35,25,15,25,100,0,10,-15,10,0,-25,-10,274.41333333333336,25,274.41333333333336,10,0
467,1,0,12,1,13,1,-11,0,0,12,-1,-12,144,11,12,5.736,1,5.736,0,12
468,49,0,175,7,32,7,-18,0,0,25,-7,-25,625,18,25,99.60133333333333,7,99.60133333333333,0,25
469,625,625,625,50,50,0,0,625,625,50,0,0,625,0,0,1399.9186666666667,25,774.9186666666667,25,25
470,625,250,625,35,50,15,0,100,250,35,-15,-15,625,0,15,838.3026666666667,25,588.3026666666667,10,25
471,256,256,400,32,41,0,-9,256,400,41,0,-9,625,9,9,787.6306666666667,16,387.6306666666667,16,25
472,625,0,0,25,25,25,25,0,0,0,-25,0,0,-25,0,150.12933333333334,25,150.12933333333334,0,0
473,625,625,0,50,25,0,25,625,0,25,0,25,0,-25,-25,462.21,25,462.21,25,0
474,121,275,0,36,11,-14,11,625,0,25,14,25,0,-11,-25,164.26933333333332,11,164.26933333333332,25,0
475,100,250,0,35,10,-15,10,625,0,25,15,25,0,-10,-25,146.21466666666666,10,146.21466666666666,25,0
476,625,0,0,25,25,25,25,0,0,0,-25,0,0,-25,0,150.10666666666665,25,150.10666666666665,0,0
477,625,0,0,25,25,25,25,0,0,0,-25,0,0,-25,0,149.904,25,149.904,0,0
478,169,0,0,13,13,13,13,0,0,0,-13,0,0,-13,0,39.02133333333333,13,39.02133333333333,0,0
479,1,25,0,26,1,-24,1,625,0,25,24,25,0,-1,-25,13.05,1,13.05,25,0
480,1,0,0,1,1,1,1,0,0,0,-1,0,0,-1,0,0.0,1,0.0,0,0
481,4,0,0,2,2,2,2,0,0,0,-2,0,0,-2,0,0.51,2,0.51,0,0
482,1,0,25,1,26,1,-24,0,0,25,-1,-25,625,24,25,13.283333333333333,1,13.283333333333333,0,25
483,169,0,0,13,13,13,13,0,0,0,-13,0,0,-13,0,39.024,13,39.024,0,0
484,121,275,22,36,13,-14,9,625,50,27,14,23,4,-9,-23,227.58666666666667,11,177.58666666666667,25,2
485,100,250,230,35,33,-15,-13,625,575,48,15,2,529,13,-2,837.4046666666667,10,262.4046666666667,25,23
486,121,275,0,36,11,-14,11,625,0,25,14,25,0,-11,-25,165.132,11,165.132,25,0
487,100,250,0,35,10,-15,10,625,0,25,15,25,0,-10,-25,146.67733333333334,10,146.67733333333334,25,0
488,625,250,0,35,25,15,25,100,0,10,-15,10,0,-25,-10,275.44533333333334,25,275.44533333333334,10,0
489,625,250,0,35,25,15,25,100,0,10,-15,10,0,-25,-10,275.97066666666666,25,275.97066666666666,10,0
490,625,225,0,34,25,16,25,81,0,9,-16,9,0,-25,-9,262.33666666666664,25,262.33666666666664,9,0
491,625,625,0,50,25,0,25,625,0,25,0,25,0,-25,-25,461.83,25,461.83,25,0
492,625,250,0,35,25,15,25,100,0,10,-15,10,0,-25,-10,275.028,25,275.028,10,0
493,625,0,0,25,25,25,25,0,0,0,-25,0,0,-25,0,150.132,25,150.132,0,0
494,1,0,25,1,26,1,-24,0,0,25,-1,-25,625,24,25,12.55,1,12.55,0,25
495,4,0,50,2,27,2,-23,0,0,25,-2,-25,625,23,25,25.472,2,25.472,0,25
496,1,0,12,1,13,1,-11,0,0,12,-1,-12,144,11,12,5.784,1,5.784,0,12
497,49,0,133,7,26,7,-12,0,0,19,-7,-19,361,12,19,76.99733333333333,7,76.99733333333333,0,19
498,1,25,0,26,1,-24,1,625,0,25,24,25,0,-1,-25,12.933333333333334,1,12.933333333333334,25,0
499,625,625,0,50,25,0,25,625,0,25,0,25,0,-25,-25,459.544,25,459.544,25,0
500,625,0,0,25,25,25,25,0,0,0,-25,0,0,-25,0,150.07866666666666,25,150.07866666666666,0,0
501,625,250,625,35,50,15,0,100,250,35,-15,-15,625,0,15,838.5613333333333,25,588.5613333333333,10,25
502,1,25,25,26,26,-24,-24,625,625,50,24,0,625,24,0,650.0,1,25.0,25,25
503,4,50,50,27,27,-23,-23,625,625,50,23,0,625,23,0,675.4966666666667,2,50.49666666666667,25,25
504,625,250,0,35,25,15,25,100,0,10,-15,10,0,-25,-10,274.41333333333336,25,274.41333333333336,10,0
505,1,0,12,1,13,1,-11,0,0,12,-1,-12,144,11,12,5.736,1,5.736,0,12
506,49,0,175,7,32,7,-18,0,0,25,-7,-25,625,18,25,99.60133333333333,7,99.60133333333333,0,25
507,625,625,625,50,50,0,0,625,625,50,0,0,625,0,0,1399.9186666666667,25,774.9186666666667,25,25
508,625,250,625,35,50,15,0,100,250,35,-15,-15,625,0,15,838.3026666666667,25,588.3026666666667,10,25
509,256,256,400,32,41,0,-9,256,400,41,0,-9,625,9,9,787.6306666666667,16,387.6306666666667,16,25
510,625,0,0,25,25,25,25,0,0,0,-25,0,0,-25,0,150.12933333333334,25,150.12933333333334,0,0
511,625,625,0,50,25,0,25,625,0,25,0,25,0,-25,-25,462.21,25,462.21,25,0
512,121,275,0,36,11,-14,11,625,0,25,14,25,0,-11,-25,164.26933333333332,11,164.26933333333332,25,0
513,100,250,0,35,10,-15,10,625,0,25,15,25,0,-10,-25,146.21466666666666,10,146.21466666666666,25,0
514,625,0,0,25,25,25,25,0,0,0,-25,0,0,-25,0,150.10666666666665,25,150.10666666666665,0,0
515,625,0,0,25,25,25,25,0,0,0,-25,0,0,-25,0,149.904,25,149.904,0,0
516,169,0,0,13,13,13,13,0,0,0,-13,0,0,-13,0,39.02133333333333,13,39.02133333333333,0,0
517,1,25,0,26,1,-24,1,625,0,25,24,25,0,-1,-25,13.05,1,13.05,25,0
518,1,0,0,1,1,1,1,0,0,0,-1,0,0,-1,0,0.0,1,0.0,0,0
519,4,0,0,2,2,2,2,0,0,0,-2,0,0,-2,0,0.51,2,0.51,0,0
520,1,0,25,1,26,1,-24,0,0,25,-1,-25,625,24,25,13.283333333333333,1,13.283333333333333,0,25
521,169,0,0,13,13,13,13,0,0,0,-13,0,0,-13,0,39.024,13,39.024,0,0
522,121,275,22,36,13,-14,9,625,50,27,14,23,4,-9,-23,227.58666666666667,11,177.58666666666667,25,2
523,100,250,230,35,33,-15,-13,625,575,48,15,2,529,13,-2,837.4046666666667,10,262.4046666666667,25,23
524,121,275,0,36,11,-14,11,625,0,25,14,25,0,-11,-25,165.132,11,165.132,25,0
525,100,250,0,35,10,-15,10,625,0,25,15,25,0,-10,-25,146.67733333333334,10,146.67733333333334,25,0
526,625,250,0,35,25,15,25,100,0,10,-15,10,0,-25,-10,275.44533333333334,25,275.44533333333334,10,0
527,625,250,0,35,25,15,25,100,0,10,-15,10,0,-25,-10,275.97066666666666,25,275.97066666666666,10,0
528,625,225,0,34,25,16,25,81,0,9,-16,9,0,-25,-9,262.33666666666664,25,262.33666666666664,9,0
529,625,625,0,50,25,0,25,625,0,25,0,25,0,-25,-25,461.83,25,461.83,25,0
530,625,250,0,35,25,15,25,100,0,10,-15,10,0,-25,-10,275.028,25,275.028,10,0
531,625,0,0,25,25,25,25,0,0,0,-25,0,0,-25,0,150.132,25,150.132,0,0
532,1,0,25,1,26,1,-24,0,0,25,-1,-25,625,24,25,12.55,1,12.55,0,25
533,4,0,50,2,27,2,-23,0,0,25,-2,-25,625,23,25,25.472,2,25.472,0,25
534,1,0,12,1,13,1,-11,0,0,12,-1,-12,144,11,12,5.784,1,5.784,0,12
535,49,0,133,7,26,7,-12,0,0,19,-7,-19,361,12,19,76.99733333333333,7,76.99733333333333,0,19
536,1,25,0,26,1,-24,1,625,0,25,24,25,0,-1,-25,12.933333333333334,1,12.933333333333334,25,0
537,625,625,0,50,25,0,25,625,0,25,0,25,0,-25,-25,459.544,25,459.544,25,0
538,625,0,0,25,25,25,25,0,0,0,-25,0,0,-25,0,150.07866666666666,25,150.07866666666666,0,0
539,625,250,625,35,50,15,0,100,250,35,-15,-15,625,0,15,838.5613333333333,25,588.5613333333333,10,25
540,1,25,25,26,26,-24,-24,625,625,50,24,0,625,24,0,650.0,1,25.0,25,25
541,4,50,50,27,27,-23,-23,625,625,50,23,0,625,23,0,675.4966666666667,2,50.49666666666667,25,25
542,625,250,0,35,25,15,25,100,0,10,-15,10,0,-25,-10,274.41333333333336,25,274.41333333333336,10,0
543,1,0,12,1,13,1,-11,0,0,12,-1,-12,144,11,12,5.736,1,5.736,0,12
544,49,0,175,7,32,7,-18,0,0,25,-7,-25,625,18,25,99.60133333333333,7,99.60133333333333,0,25
545,625,625,625,50,50,0,0,625,625,50,0,0,625,0,0,1399.9186666666667,25,774.9186666666667,25,25
546,625,250,625,35,50,15,0,100,250,35,-15,-15,625,0,15,838.3026666666667,25,588.3026666666667,10,25
547,256,256,400,32,41,0,-9,256,400,41,0,-9,625,9,9,787.6306666666667,16,387.6306666666667,16,25
548,625,0,0,25,25,25,25,0,0,0,-25,0,0,-25,0,150.12933333333334,25,150.12933333333334,0,0
549,625,625,0,50,25,0,25,625,0,25,0,25,0,-25,-25,462.21,25,462.21,25,0
550,121,275,0,36,11,-14,11,625,0,25,14,25,0,-11,-25,164.26933333333332,11,164.26933333333332,25,0
551,100,250,0,35,10,-15,10,625,0,25,15,25,0,-10,-25,146.21466666666666,10,146.21466666666666,25,0
552,625,0,0,25,25,25,25,0,0,0,-25,0,0,-25,0,150.10666666666665,25,150.10666666666665,0,0
553,625,0,0,25,25,25,25,0,0,0,-25,0,0,-25,0,149.904,25,149.904,0,0
554,169,0,0,13,13,13,13,0,0,0,-13,0,0,-13,0,39.02133333333333,13,39.02133333333333,0,0
555,1,25,0,26,1,-24,1,625,0,25,24,25,0,-1,-25,13.05,1,13.05,25,0
556,1,0,0,1,1,1,1,0,0,0,-1,0,0,-1,0,0.0,1,0.0,0,0
557,4,0,0,2,2,2,2,0,0,0,-2,0,0,-2,0,0.51,2,0.51,0,0
558,1,0,25,1,26,1,-24,0,0,25,-1,-25,625,24,25,13.283333333333333,1,13.283333333333333,0,25
559,169,0,0,13,13,13,13,0,0,0,-13,0,0,-13,0,39.024,13,39.024,0,0
560,121,275,22,36,13,-14,9,625,50,27,14,23,4,-9,-23,227.58666666666667,11,177.58666666666667,25,2
561,100,250,230,35,33,-15,-13,625,575,48,15,2,529,13,-2,837.4046666666667,10,262.4046666666667,25,23
562,121,275,0,36,11,-14,11,625,0,25,14,25,0,-11,-25,165.132,11,165.132,25,0
563,100,250,0,35,10,-15,10,625,0,25,15,25,0,-10,-25,146.67733333333334,10,146.67733333333334,25,0
564,625,250,0,35,25,15,25,100,0,10,-15,10,0,-25,-10,275.44533333333334,25,275.44533333333334,10,0
565,625,250,0,35,25,15,25,100,0,10,-15,10,0,-25,-10,275.97066666666666,25,275.97066666666666,10,0
566,625,225,0,34,25,16,25,81,0,9,-16,9,0,-25,-9,262.33666666666664,25,262.33666666666664,9,0
567,625,625,0,50,25,0,25,625,0,25,0,25,0,-25,-25,461.83,25,461.83,25,0
568,625,250,0,35,25,15,25,100,0,10,-15,10,0,-25,-10,275.028,25,275.028,10,0
569,625,0,0,25,25,25,25,0,0,0,-25,0,0,-25,0,150.132,25,150.132,0,0
570,1,0,25,1,26,1,-24,0,0,25,-1,-25,625,24,25,12.55,1,12.55,0,25
571,4,0,50,2,27,2,-23,0,0,25,-2,-25,625,23,25,25.472,2,25.472,0,25
572,1,0,12,1,13,1,-11,0,0,12,-1,-12,144,11,12,5.784,1,5.784,0,12
573,49,0,133,7,26,7,-12,0,0,19,-7,-19,361,12,19,76.99733333333333,7,76.99733333333333,0,19
574,1,25,0,26,1,-24,1,625,0,25,24,25,0,-1,-25,12.933333333333334,1,12.933333333333334,25,0
575,625,625,0,50,25,0,25,625,0,25,0,25,0,-25,-25,459.544,25,459.544,25,0
576,625,0,0,25,25,25,25,0,0,0,-25,0,0,-25,0,150.07866666666666,25,150.07866666666666,0,0
577,625,250,625,35,50,15,0,100,250,35,-15,-15,625,0,15,838.5613333333333,25,588.5613333333333,10,25
578,1,25,25,26,26,-24,-24,625,625,50,24,0,625,24,0,650.0,1,25.0,25,25
579,4,50,50,27,27,-23,-23,625,625,50,23,0,625,23,0,675.4966666666667,2,50.49666666666667,25,25
580,625,250,0,35,25,15,25,100,0,10,-15,10,0,-25,-10,274.41333333333336,25,274.41333333333336,10,0
581,1,0,12,1,13,1,-11,0,0,12,-1,-12,144,11,12,5.736,1,5.736,0,12
582,49,0,175,7,32,7,-18,0,0,25,-7,-25,625,18,25,99.60133333333333,7,99.60133333333333,0,25
583,625,625,625,50,50,0,0,625,625,50,0,0,625,0,0,1399.9186666666667,25,774.9186666666667,25,25
584,625,250,625,35,50,15,0,100,250,35,-15,-15,625,0,15,838.3026666666667,25,588.3026666666667,10,25
585,256,256,400,32,41,0,-9,256,400,41,0,-9,625,9,9,787.6306666666667,16,387.6306666666667,16,25
586,625,0,0,25,25,25,25,0,0,0,-25,0,0,-25,0,150.12933333333334,25,150.12933333333334,0,0
587,625,625,0,50,25,0,25,625,0,25,0,25,0,-25,-25,462.21,25,462.21,25,0
588,121,275,0,36,11,-14,11,625,0,25,14,25,0,-11,-25,164.26933333333332,11,164.26933333333332,25,0
589,100,250,0,35,10,-15,10,625,0,25,15,25,0,-10,-25,146.21466666666666,10,146.21466666666666,25,0
590,625,0,0,25,25,25,25,0,0,0,-25,0,0,-25,0,150.10666666666665,25,150.10666666666665,0,0
591,625,0,0,25,25,25,25,0,0,0,-25,0,0,-25,0,149.904,25,149.904,0,0
592,169,0,0,13,13,13,13,0,0,0,-13,0,0,-13,0,39.02133333333333,13,39.02133333333333,0,0
593,1,25,0,26,1,-24,1,625,0,25,24,25,0,-1,-25,13.05,1,13.05,25,0
594,1,0,0,1,1,1,1,0,0,0,-1,0,0,-1,0,0.0,1,0.0,0,0
595,4,0,0,2,2,2,2,0,0,0,-2,0,0,-2,0,0.51,2,0.51,0,0
596,1,0,25,1,26,1,-24,0,0,25,-1,-25,625,24,25,13.283333333333333,1,13.283333333333333,0,25
597,169,0,0,13,13,13,13,0,0,0,-13,0,0,-13,0,39.024,13,39.024,0,0
598,121,275,22,36,13,-14,9,625,50,27,14,23,4,-9,-23,227.58666666666667,11,177.58666666666667,25,2
599,100,250,230,35,33,-15,-13,625,575,48,15,2,529,13,-2,837.4046666666667,10,262.4046666666667,25,23
600,121,275,0,36,11,-14,11,625,0,25,14,25,0,-11,-25,165.132,11,165.132,25,0
601,100,250,0,35,10,-15,10,625,0,25,15,25,0,-10,-25,146.67733333333334,10,146.67733333333334,25,0
602,625,250,0,35,25,15,25,100,0,10,-15,10,0,-25,-10,275.44533333333334,25,275.44533333333334,10,0
603,625,250,0,35,25,15,25,100,0,10,-15,10,0,-25,-10,275.97066666666666,25,275.97066666666666,10,0
604,625,225,0,34,25,16,25,81,0,9,-16,9,0,-25,-9,262.33666666666664,25,262.33666666666664,9,0
605,625,625,0,50,25,0,25,625,0,25,0,25,0,-25,-25,461.83,25,461.83,25,0
606,625,250,0,35,25,15,25,100,0,10,-15,10,0,-25,-10,275.028,25,275.028,10,0
607,625,0,0,25,25,25,25,0,0,0,-25,0,0,-25,0,150.132,25,150.132,0,0
608,1,0,25,1,26,1,-24,0,0,25,-1,-25,625,24,25,12.55,1,12.55,0,25
609,4,0,50,2,27,2,-23,0,0,25,-2,-25,625,23,25,25.472,2,25.472,0,25
610,1,0,12,1,13,1,-11,0,0,12,-1,-12,144,11,12,5.784,1,5.784,0,12
611,49,0,133,7,26,7,-12,0,0,19,-7,-19,361,12,19,76.99733333333333,7,76.99733333333333,0,19
612,1,25,0,26,1,-24,1,625,0,25,24,25,0,-1,-25,12.933333333333334,1,12.933333333333334,25,0
613,625,625,0,50,25,0,25,625,0,25,0,25,0,-25,-25,459.544,25,459.544,25,0
614,625,0,0,25,25,25,25,0,0,0,-25,0,0,-25,0,150.07866666666666,25,150.07866666666666,0,0
615,625,250,625,35,50,15,0,100,250,35,-15,-15,625,0,15,838.5613333333333,25,588.5613333333333,10,25
616,1,25,25,26,26,-24,-24,625,625,50,24,0,625,24,0,650.0,1,25.0,25,25
617,4,50,50,27,27,-23,-23,625,625,50,23,0,625,23,0,675.4966666666667,2,50.49666666666667,25,25
618,625,250,0,35,25,15,25,100,0,10,-15,10,0,-25,-10,274.41333333333336,25,274.41333333333336,10,0
619,1,0,12,1,13,1,-11,0,0,12,-1,-12,144,11,12,5.736,1,5.736,0,12
620,49,0,175,7,32,7,-18,0,0,25,-7,-25,625,18,25,99.60133333333333,7,99.60133333333333,0,25
621,625,625,625,50,50,0,0,625,625,50,0,0,625,0,0,1399.9186666666667,25,774.9186666666667,25,25
622,625,250,625,35,50,15,0,100,250,35,-15,-15,625,0,15,838.3026666666667,25,588.3026666666667,10,25
623,256,256,400,32,41,0,-9,256,400,41,0,-9,625,9,9,787.6306666666667,16,387.6306666666667,16,25
624,625,0,0,25,25,25,25,0,0,0,-25,0,0,-25,0,150.12933333333334,25,150.12933333333334,0,0
625,625,625,0,50,25,0,25,625,0,25,0,25,0,-25,-25,462.21,25,462.21,25,0
626,121,275,0,36,11,-14,11,625,0,25,14,25,0,-11,-25,164.26933333333332,11,164.26933333333332,25,0
627,100,250,0,35,10,-15,10,625,0,25,15,25,0,-10,-25,146.21466666666666,10,146.21466666666666,25,0
628,625,0,0,25,25,25,25,0,0,0,-25,0,0,-25,0,150.10666666666665,25,150.10666666666665,0,0
629,625,0,0,25,25,25,25,0,0,0,-25,0,0,-25,0,149.904,25,149.904,0,0
630,169,0,0,13,13,13,13,0,0,0,-13,0,0,-13,0,39.02133333333333,13,39.02133333333333,0,0
631,1,25,0,26,1,-24,1,625,0,25,24,25,0,-1,-25,13.05,1,13.05,25,0
632,1,0,0,1,1,1,1,0,0,0,-1,0,0,-1,0,0.0,1,0.0,0,0
633,4,0,0,2,2,2,2,0,0,0,-2,0,0,-2,0,0.51,2,0.51,0,0
634,1,0,25,1,26,1,-24,0,0,25,-1,-25,625,24,25,13.283333333333333,1,13.283333333333333,0,25
635,169,0,0,13,13,13,13,0,0,0,-13,0,0,-13,0,39.024,13,39.024,0,0
636,121,275,22,36,13,-14,9,625,50,27,14,23,4,-9,-23,227.58666666666667,11,177.58666666666667,25,2
637,100,250,230,35,33,-15,-13,625,575,48,15,2,529,13,-2,837.4046666666667,10,262.4046666666667,25,23
638,121,275,0,36,11,-14,11,625,0,25,14,25,0,-11,-25,165.132,11,165.132,25,0
639,100,250,0,35,10,-15,10,625,0,25,15,25,0,-10,-25,146.67733333333334,10,146.67733333333334,25,0
640,625,250,0,35,25,15,25,100,0,10,-15,10,0,-25,-10,275.44533333333334,25,275.44533333333334,10,0
641,625,250,0,35,25,15,25,100,0,10,-15,10,0,-25,-10,275.97066666666666,25,275.97066666666666,10,0
642,625,225,0,34,25,16,25,81,0,9,-16,9,0,-25,-9,262.33666666666664,25,262.33666666666664,9,0
643,625,625,0,50,25,0,25,625,0,25,0,25,0,-25,-25,461.83,25,461.83,25,0
644,625,250,0,35,25,15,25,100,0,10,-15,10,0,-25,-10,275.028,25,275.028,10,0
645,625,0,0,25,25,25,25,0,0,0,-25,0,0,-25,0,150.132,25,150.132,0,0
646,1,0,25,1,26,1,-24,0,0,25,-1,-25,625,24,25,12.55,1,12.55,0,25
647,4,0,50,2,27,2,-23,0,0,25,-2,-25,625,23,25,25.472,2,25.472,0,25
648,1,0,12,1,13,1,-11,0,0,12,-1,-12,144,11,12,5.784,1,5.784,0,12
649,49,0,133,7,26,7,-12,0,0,19,-7,-19,361,12,19,76.99733333333333,7,76.99733333333333,0,19
650,1,25,0,26,1,-24,1,625,0,25,24,25,0,-1,-25,12.933333333333334,1,12.933333333333334,25,0
651,625,625,0,50,25,0,25,625,0,25,0,25,0,-25,-25,459.544,25,459.544,25,0
652,625,0,0,25,25,25,25,0,0,0,-25,0,0,-25,0,150.07866666666666,25,150.07866666666666,0,0
653,625,250,625,35,50,15,0,100,250,35,-15,-15,625,0,15,838.5613333333333,25,588.5613333333333,10,25
654,1,25,25,26,26,-24,-24,625,625,50,24,0,625,24,0,650.0,1,25.0,25,25
655,4,50,50,27,27,-23,-23,625,625,50,23,0,625,23,0,675.4966666666667,2,50.49666666666667,25,25
656,625,250,0,35,25,15,25,100,0,10,-15,10,0,-25,-10,274.41333333333336,25,274.41333333333336,10,0
657,1,0,12,1,13,1,-11,0,0,12,-1,-12,144,11,12,5.736,1,5.736,0,12
658,49,0,175,7,32,7,-18,0,0,25,-7,-25,625,18,25,99.60133333333333,7,99.60133333333333,0,25
659,625,625,625,50,50,0,0,625,625,50,0,0,625,0,0,1399.9186666666667,25,774.9186666666667,25,25
660,625,250,625,35,50,15,0,100,250,35,-15,-15,625,0,15,838.3026666666667,25,588.3026666666667,10,25
661,256,256,400,32,41,0,-9,256,400,41,0,-9,625,9,9,787.6306666666667,16,387.6306666666667,16,25
662,625,0,0,25,25,25,25,0,0,0,-25,0,0,-25,0,150.12933333333334,25,150.12933333333334,0,0
663,625,625,0,50,25,0,25,625,0,25,0,25,0,-25,-25,462.21,25,462.21,25,0
664,121,275,0,36,11,-14,11,625,0,25,14,25,0,-11,-25,164.26933333333332,11,164.26933333333332,25,0
665,100,250,0,35,10,-15,10,625,0,25,15,25,0,-10,-25,146.21466666666666,10,146.21466666666666,25,0
666,625,0,0,25,25,25,25,0,0,0,-25,0,0,-25,0,150.10666666666665,25,150.10666666666665,0,0
667,625,0,0,25,25,25,25,0,0,0,-25,0,0,-25,0,149.904,25,149.904,0,0
668,169,0,0,13,13,13,13,0,0,0,-13,0,0,-13,0,39.02133333333333,13,39.02133333333333,0,0
669,1,25,0,26,1,-24,1,625,0,25,24,25,0,-1,-25,13.05,1,13.05,25,0
670,1,0,0,1,1,1,1,0,0,0,-1,0,0,-1,0,0.0,1,0.0,0,0
671,4,0,0,2,2,2,2,0,0,0,-2,0,0,-2,0,0.51,2,0.51,0,0
672,1,0,25,1,26,1,-24,0,0,25,-1,-25,625,24,25,13.283333333333333,1,13.283333333333333,0,25
673,169,0,0,13,13,13,13,0,0,0,-13,0,0,-13,0,39.024,13,39.024,0,0
674,121,275,22,36,13,-14,9,625,50,27,14,23,4,-9,-23,227.58666666666667,11,177.58666666666667,25,2
675,100,250,230,35,33,-15,-13,625,575,48,15,2,529,13,-2,837.4046666666667,10,262.4046666666667,25,23
676,121,275,0,36,11,-14,11,625,0,25,14,25,0,-11,-25,165.132,11,165.132,25,0
677,100,250,0,35,10,-15,10,625,0,25,15,25,0,-10,-25,146.67733333333334,10,146.67733333333334,25,0
678,625,250,0,35,25,15,25,100,0,10,-15,10,0,-25,-10,275.44533333333334,25,275.44533333333334,10,0
679,625,250,0,35,25,15,25,100,0,10,-15,10,0,-25,-10,275.97066666666666,25,275.97066666666666,10,0
680,625,225,0,34,25,16,25,81,0,9,-16,9,0,-25,-9,262.33666666666664,25,262.33666666666664,9,0
681,625,625,0,50,25,0,25,625,0,25,0,25,0,-25,-25,461.83,25,461.83,25,0
682,625,250,0,35,25,15,25,100,0,10,-15,10,0,-25,-10,275.028,25,275.028,10,0
683,625,0,0,25,25,25,25,0,0,0,-25,0,0,-25,0,150.132,25,150.132,0,0
684,1,0,25,1,26,1,-24,0,0,25,-1,-25,625,24,25,12.55,1,12.55,0,25
685,4,0,50,2,27,2,-23,0,0,25,-2,-25,625,23,25,25.472,2,25.472,0,25
686,1,0,12,1,13,1,-11,0,0,12,-1,-12,144,11,12,5.784,1,5.784,0,12
687,49,0,133,7,26,7,-12,0,0,19,-7,-19,361,12,19,76.99733333333333,7,76.99733333333333,0,19
688,1,25,0,26,1,-24,1,625,0,25,24,25,0,-1,-25,12.933333333333334,1,12.933333333333334,25,0
689,625,625,0,50,25,0,25,625,0,25,0,25,0,-25,-25,459.544,25,459.544,25,0
690,625,0,0,25,25,25,25,0,0,0,-25,0,0,-25,0,150.07866666666666,25,150.07866666666666,0,0
691,625,250,625,35,50,15,0,100,250,35,-15,-15,625,0,15,838.5613333333333,25,588.5613333333333,10,25
692,1,25,25,26,26,-24,-24,625,625,50,24,0,625,24,0,650.0,1,25.0,25,25
693,4,50,50,27,27,-23,-23,625,625,50,23,0,625,23,0,675.4966666666667,2,50.49666666666667,25,25
694,625,250,0,35,25,15,25,100,0,10,-15,10,0,-25,-10,274.41333333333336,25,274.41333333333336,10,0
695,1,0,12,1,13,1,-11,0,0,12,-1,-12,144,11,12,5.736,1,5.736,0,12
696,49,0,175,7,32,7,-18,0,0,25,-7,-25,625,18,25,99.60133333333333,7,99.60133333333333,0,25
697,625,625,625,50,50,0,0,625,625,50,0,0,625,0,0,1399.9186666666667,25,774.9186666666667,25,25
698,625,250,625,35,50,15,0,100,250,35,-15,-15,625,0,15,838.3026666666667,25,588.3026666666667,10,25
699,256,256,400,32,41,0,-9,256,400,41,0,-9,625,9,9,787.6306666666667,16,387.6306666666667,16,25
700,625,0,0,25,25,25,25,0,0,0,-25,0,0,-25,0,150.12933333333334,25,150.12933333333334,0,0
701,625,625,0,50,25,0,25,625,0,25,0,25,0,-25,-25,462.21,25,462.21,25,0
702,121,275,0,36,11,-14,11,625,0,25,14,25,0,-11,-25,164.26933333333332,11,164.26933333333332,25,0
703,100,250,0,35,10,-15,10,625,0,25,15,25,0,-10,-25,146.21466666666666,10,146.21466666666666,25,0
704,625,0,0,25,25,25,25,0,0,0,-25,0,0,-25,0,150.10666666666665,25,150.10666666666665,0,0
705,625,0,0,25,25,25,25,0,0,0,-25,0,0,-25,0,149.904,25,149.904,0,0
706,169,0,0,13,13,13,13,0,0,0,-13,0,0,-13,0,39.02133333333333,13,39.02133333333333,0,0
707,1,25,0,26,1,-24,1,625,0,25,24,25,0,-1,-25,13.05,1,13.05,25,0
708,1,0,0,1,1,1,1,0,0,0,-1,0,0,-1,0,0.0,1,0.0,0,0
709,4,0,0,2,2,2,2,0,0,0,-2,0,0,-2,0,0.51,2,0.51,0,0
710,1,0,25,1,26,1,-24,0,0,25,-1,-25,625,24,25,13.283333333333333,1,13.283333333333333,0,25
711,169,0,0,13,13,13,13,0,0,0,-13,0,0,-13,0,39.024,13,39.024,0,0
712,121,275,22,36,13,-14,9,625,50,27,14,23,4,-9,-23,227.58666666666667,11,177.58666666666667,25,2
713,100,250,230,35,33,-15,-13,625,575,48,15,2,529,13,-2,837.4046666666667,10,262.4046666666667,25,23
714,121,275,0,36,11,-14,11,625,0,25,14,25,0,-11,-25,165.132,11,165.132,25,0
715,100,250,0,35,10,-15,10,625,0,25,15,25,0,-10,-25,146.67733333333334,10,146.67733333333334,25,0
716,625,250,0,35,25,15,25,100,0,10,-15,10,0,-25,-10,275.44533333333334,25,275.44533333333334,10,0
717,625,250,0,35,25,15,25,100,0,10,-15,10,0,-25,-10,275.97066666666666,25,275.97066666666666,10,0
718,625,225,0,34,25,16,25,81,0,9,-16,9,0,-25,-9,262.33666666666664,25,262.33666666666664,9,0
719,625,625,0,50,25,0,25,625,0,25,0,25,0,-25,-25,461.83,25,461.83,25,0
720,625,250,0,35,25,15,25,100,0,10,-15,10,0,-25,-10,275.028,25,275.028,10,0
721,625,0,0,25,25,25,25,0,0,0,-25,0,0,-25,0,150.132,25,150.132,0,0
722,1,0,25,1,26,1,-24,0,0,25,-1,-25,625,24,25,12.55,1,12.55,0,25
723,4,0,50,2,27,2,-23,0,0,25,-2,-25,625,23,25,25.472,2,25.472,0,25
724,1,0,12,1,13,1,-11,0,0,12,-1,-12,144,11,12,5.784,1,5.784,0,12
725,49,0,133,7,26,7,-12,0,0,19,-7,-19,361,12,19,76.99733333333333,7,76.99733333333333,0,19
726,1,25,0,26,1,-24,1,625,0,25,24,25,0,-1,-25,12.933333333333334,1,12.933333333333334,25,0
727,625,625,0,50,25,0,25,625,0,25,0,25,0,-25,-25,459.544,25,459.544,25,0
728,625,0,0,25,25,25,25,0,0,0,-25,0,0,-25,0,150.07866666666666,25,150.07866666666666,0,0
729,625,250,625,35,50,15,0,100,250,35,-15,-15,625,0,15,838.5613333333333,25,588.5613333333333,10,25
730,1,25,25,26,26,-24,-24,625,625,50,24,0,625,24,0,650.0,1,25.0,25,25
731,4,50,50,27,27,-23,-23,625,625,50,23,0,625,23,0,675.4966666666667,2,50.49666666666667,25,25
732,625,250,0,35,25,15,25,100,0,10,-15,10,0,-25,-10,274.41333333333336,25,274.41333333333336,10,0
733,1,0,12,1,13,1,-11,0,0,12,-1,-12,144,11,12,5.736,1,5.736,0,12
734,49,0,175,7,32,7,-18,0,0,25,-7,-25,625,18,25,99.60133333333333,7,99.60133333333333,0,25
735,625,625,625,50,50,0,0,625,625,50,0,0,625,0,0,1399.9186666666667,25,774.9186666666667,25,25
736,625,250,625,35,50,15,0,100,250,35,-15,-15,625,0,15,838.3026666666667,25,588.3026666666667,10,25
737,256,256,400,32,41,0,-9,256,400,41,0,-9,625,9,9,787.6306666666667,16,387.6306666666667,16,25
738,625,0,0,25,25,25,25,0,0,0,-25,0,0,-25,0,150.12933333333334,25,150.12933333333334,0,0
739,625,625,0,50,25,0,25,625,0,25,0,25,0,-25,-25,462.21,25,462.21,25,0
740,121,275,0,36,11,-14,11,625,0,25,14,25,0,-11,-25,164.26933333333332,11,164.26933333333332,25,0
741,100,250,0,35,10,-15,10,625,0,25,15,25,0,-10,-25,146.21466666666666,10,146.21466666666666,25,0
742,625,0,0,25,25,25,25,0,0,0,-25,0,0,-25,0,150.10666666666665,25,150.10666666666665,0,0
743,625,0,0,25,25,25,25,0,0,0,-25,0,0,-25,0,149.904,25,149.904,0,0
744,169,0,0,13,13,13,13,0,0,0,-13,0,0,-13,0,39.02133333333333,13,39.02133333333333,0,0
745,1,25,0,26,1,-24,1,625,0,25,24,25,0,-1,-25,13.05,1,13.05,25,0
746,1,0,0,1,1,1,1,0,0,0,-1,0,0,-1,0,0.0,1,0.0,0,0
747,4,0,0,2,2,2,2,0,0,0,-2,0,0,-2,0,0.51,2,0.51,0,0
748,1,0,25,1,26,1,-24,0,0,25,-1,-25,625,24,25,13.283333333333333,1,13.283333333333333,0,25
749,169,0,0,13,13,13,13,0,0,0,-13,0,0,-13,0,39.024,13,39.024,0,0
750,121,275,22,36,13,-14,9,625,50,27,14,23,4,-9,-23,227.58666666666667,11,177.58666666666667,25,2
751,100,250,230,35,33,-15,-13,625,575,48,15,2,529,13,-2,837.4046666666667,10,262.4046666666667,25,23
752,121,275,0,36,11,-14,11,625,0,25,14,25,0,-11,-25,165.132,11,165.132,25,0
753,100,250,0,35,10,-15,10,625,0,25,15,25,0,-10,-25,146.67733333333334,10,146.67733333333334,25,0
754,625,250,0,35,25,15,25,100,0,10,-15,10,0,-25,-10,275.44533333333334,25,275.44533333333334,10,0
755,625,250,0,35,25,15,25,100,0,10,-15,10,0,-25,-10,275.97066666666666,25,275.97066666666666,10,0
756,625,225,0,34,25,16,25,81,0,9,-16,9,0,-25,-9,262.33666666666664,25,262.33666666666664,9,0
757,625,625,0,50,25,0,25,625,0,25,0,25,0,-25,-25,461.83,25,461.83,25,0
758,625,250,0,35,25,15,25,100,0,10,-15,10,0,-25,-10,275.028,25,275.028,10,0
759,625,0,0,25,25,25,25,0,0,0,-25,0,0,-25,0,150.132,25,150.132,0,0
760,1,0,25,1,26,1,-24,0,0,25,-1,-25,625,24,25,12.55,1,12.55,0,25
761,4,0,50,2,27,2,-23,0,0,25,-2,-25,625,23,25,25.472,2,25.472,0,25
762,1,0,12,1,13,1,-11,0,0,12,-1,-12,144,11,12,5.784,1,5.784,0,12
763,49,0,133,7,26,7,-12,0,0,19,-7,-19,361,12,19,76.99733333333333,7,76.99733333333333,0,19
764,1,25,0,26,1,-24,1,625,0,25,24,25,0,-1,-25,12.933333333333334,1,12.933333333333334,25,0
765,625,625,0,50,25,0,25,625,0,25,0,25,0,-25,-25,459.544,25,459.544,25,0
766,625,0,0,25,25,25,25,0,0,0,-25,0,0,-25,0,150.07866666666666,25,150.07866666666666,0,0
767,625,250,625,35,50,15,0,100,250,35,-15,-15,625,0,15,838.5613333333333,25,588.5613333333333,10,25
768,1,25,25,26,26,-24,-24,625,625,50,24,0,625,24,0,650.0,1,25.0,25,25
769,4,50,50,27,27,-23,-23,625,625,50,23,0,625,23,0,675.4966666666667,2,50.49666666666667,25,25
770,625,250,0,35,25,15,25,100,0,10,-15,10,0,-25,-10,274.41333333333336,25,274.41333333333336,10,0
771,1,0,12,1,13,1,-11,0,0,12,-1,-12,144,11,12,5.736,1,5.736,0,12
772,49,0,175,7,32,7,-18,0,0,25,-7,-25,625,18,25,99.60133333333333,7,99.60133333333333,0,25
773,625,625,625,50,50,0,0,625,625,50,0,0,625,0,0,1399.9186666666667,25,774.9186666666667,25,25
774,625,250,625,35,50,15,0,100,250,35,-15,-15,625,0,15,838.3026666666667,25,588.3026666666667,10,25
775,256,256,400,32,41,0,-9,256,400,41,0,-9,625,9,9,787.6306666666667,16,387.6306666666667,16,25
776,625,0,0,25,25,25,25,0,0,0,-25,0,0,-25,0,150.12933333333334,25,150.12933333333334,0,0
777,625,625,0,50,25,0,25,625,0,25,0,25,0,-25,-25,462.21,25,462.21,25,0
778,121,275,0,36,11,-14,11,625,0,25,14,25,0,-11,-25,164.26933333333332,11,164.26933333333332,25,0
779,100,250,0,35,10,-15,10,625,0,25,15,25,0,-10,-25,146.21466666666666,10,146.21466666666666,25,0
780,625,0,0,25,25,25,25,0,0,0,-25,0,0,-25,0,150.10666666666665,25,150.10666666666665,0,0
781,625,0,0,25,25,25,25,0,0,0,-25,0,0,-25,0,149.904,25,149.904,0,0
782,169,0,0,13,13,13,13,0,0,0,-13,0,0,-13,0,39.02133333333333,13,39.02133333333333,0,0
783,1,25,0,26,1,-24,1,625,0,25,24,25,0,-1,-25,13.05,1,13.05,25,0
784,1,0,0,1,1,1,1,0,0,0,-1,0,0,-1,0,0.0,1,0.0,0,0
785,4,0,0,2,2,2,2,0,0,0,-2,0,0,-2,0,0.51,2,0.51,0,0
786,1,0,25,1,26,1,-24,0,0,25,-1,-25,625,24,25,13.283333333333333,1,13.283333333333333,0,25
787,169,0,0,13,13,13,13,0,0,0,-13,0,0,-13,0,39.024,13,39.024,0,0
788,121,275,22,36,13,-14,9,625,50,27,14,23,4,-9,-23,227.58666666666667,11,177.58666666666667,25,2
789,100,250,230,35,33,-15,-13,625,575,48,15,2,529,13,-2,837.4046666666667,10,262.4046666666667,25,23
790,121,275,0,36,11,-14,11,625,0,25,14,25,0,-11,-25,165.132,11,165.132,25,0
791,100,250,0,35,10,-15,10,625,0,25,15,25,0,-10,-25,146.67733333333334,10,146.67733333333334,25,0
792,625,250,0,35,25,15,25,100,0,10,-15,10,0,-25,-10,275.44533333333334,25,275.44533333333334,10,0
793,625,250,0,35,25,15,25,100,0,10,-15,10,0,-25,-10,275.97066666666666,25,275.97066666666666,10,0
794,625,225,0,34,25,16,25,81,0,9,-16,9,0,-25,-9,262.33666666666664,25,262.33666666666664,9,0
795,625,625,0,50,25,0,25,625,0,25,0,25,0,-25,-25,461.83,25,461.83,25,0
796,625,250,0,35,25,15,25,100,0,10,-15,10,0,-25,-10,275.028,25,275.028,10,0
797,625,0,0,25,25,25,25,0,0,0,-25,0,0,-25,0,150.132,25,150.132,0,0
798,1,0,25,1,26,1,-24,0,0,25,-1,-25,625,24,25,12.55,1,12.55,0,25
799,4,0,50,2,27,2,-23,0,0,25,-2,-25,625,23,25,25.472,2,25.472,0,25
800,1,0,12,1,13,1,-11,0,0,12,-1,-12,144,11,12,5.784,1,5.784,0,12
801,49,0,133,7,26,7,-12,0,0,19,-7,-19,361,12,19,76.99733333333333,7,76.99733333333333,0,19
802,1,25,0,26,1,-24,1,625,0,25,24,25,0,-1,-25,12.933333333333334,1,12.933333333333334,25,0
803,625,625,0,50,25,0,25,625,0,25,0,25,0,-25,-25,459.544,25,459.544,25,0
804,625,0,0,25,25,25,25,0,0,0,-25,0,0,-25,0,150.07866666666666,25,150.07866666666666,0,0
805,625,250,625,35,50,15,0,100,250,35,-15,-15,625,0,15,838.5613333333333,25,588.5613333333333,10,25
806,1,25,25,26,26,-24,-24,625,625,50,24,0,625,24,0,650.0,1,25.0,25,25
807,4,50,50,27,27,-23,-23,625,625,50,23,0,625,23,0,675.4966666666667,2,50.49666666666667,25,25
808,625,250,0,35,25,15,25,100,0,10,-15,10,0,-25,-10,274.41333333333336,25,274.41333333333336,10,0
809,1,0,12,1,13,1,-11,0,0,12,-1,-12,144,11,12,5.736,1,5.736,0,12
810,49,0,175,7,32,7,-18,0,0,25,-7,-25,625,18,25,99.60133333333333,7,99.60133333333333,0,25
811,625,625,625,50,50,0,0,625,625,50,0,0,625,0,0,1399.9186666666667,25,774.9186666666667,25,25
812,625,250,625,35,50,15,0,100,250,35,-15,-15,625,0,15,838.3026666666667,25,588.3026666666667,10,25
813,256,256,400,32,41,0,-9,256,400,41,0,-9,625,9,9,787.6306666666667,16,387.6306666666667,16,25
814,625,0,0,25,25,25,25,0,0,0,-25,0,0,-25,0,150.12933333333334,25,150.12933333333334,0,0
815,625,625,0,50,25,0,25,625,0,25,0,25,0,-25,-25,462.21,25,462.21,25,0
816,121,275,0,36,11,-14,11,625,0,25,14,25,0,-11,-25,164.26933333333332,11,164.26933333333332,25,0
817,100,250,0,35,10,-15,10,625,0,25,15,25,0,-10,-25,146.21466666666666,10,146.21466666666666,25,0
818,625,0,0,25,25,25,25,0,0,0,-25,0,0,-25,0,150.10666666666665,25,150.10666666666665,0,0
819,625,0,0,25,25,25,25,0,0,0,-25,0,0,-25,0,149.904,25,149.904,0,0
820,169,0,0,13,13,13,13,0,0,0,-13,0,0,-13,0,39.02133333333333,13,39.02133333333333,0,0
821,1,25,0,26,1,-24,1,625,0,25,24,25,0,-1,-25,13.05,1,13.05,25,0
822,1,0,0,1,1,1,1,0,0,0,-1,0,0,-1,0,0.0,1,0.0,0,0
823,4,0,0,2,2,2,2,0,0,0,-2,0,0,-2,0,0.51,2,0.51,0,0
824,1,0,25,1,26,1,-24,0,0,25,-1,-25,625,24,25,13.283333333333333,1,13.283333333333333,0,25
825,169,0,0,13,13,13,13,0,0,0,-13,0,0,-13,0,39.024,13,39.024,0,0
826,121,275,22,36,13,-14,9,625,50,27,14,23,4,-9,-23,227.58666666666667,11,177.58666666666667,25,2
827,100,250,230,35,33,-15,-13,625,575,48,15,2,529,13,-2,837.4046666666667,10,262.4046666666667,25,23
828,121,275,0,36,11,-14,11,625,0,25,14,25,0,-11,-25,165.132,11,165.132,25,0
829,100,250,0,35,10,-15,10,625,0,25,15,25,0,-10,-25,146.67733333333334,10,146.67733333333334,25,0
830,625,250,0,35,25,15,25,100,0,10,-15,10,0,-25,-10,275.44533333333334,25,275.44533333333334,10,0
831,625,250,0,35,25,15,25,100,0,10,-15,10,0,-25,-10,275.97066666666666,25,275.97066666666666,10,0
832,625,225,0,34,25,16,25,81,0,9,-16,9,0,-25,-9,262.33666666666664,25,262.33666666666664,9,0
833,625,625,0,50,25,0,25,625,0,25,0,25,0,-25,-25,461.83,25,461.83,25,0
834,625,250,0,35,25,15,25,100,0,10,-15,10,0,-25,-10,275.028,25,275.028,10,0
835,625,0,0,25,25,25,25,0,0,0,-25,0,0,-25,0,150.132,25,150.132,0,0
836,1,0,25,1,26,1,-24,0,0,25,-1,-25,625,24,25,12.55,1,12.55,0,25
837,4,0,50,2,27,2,-23,0,0,25,-2,-25,625,23,25,25.472,2,25.472,0,25
838,1,0,12,1,13,1,-11,0,0,12,-1,-12,144,11,12,5.784,1,5.784,0,12
839,49,0,133,7,26,7,-12,0,0,19,-7,-19,361,12,19,76.99733333333333,7,76.99733333333333,0,19
840,1,25,0,26,1,-24,1,625,0,25,24,25,0,-1,-25,12.933333333333334,1,12.933333333333334,25,0
841,625,625,0,50,25,0,25,625,0,25,0,25,0,-25,-25,459.544,25,459.544,25,0
842,625,0,0,25,25,25,25,0,0,0,-25,0,0,-25,0,150.07866666666666,25,150.07866666666666,0,0
843,625,250,625,35,50,15,0,100,250,35,-15,-15,625,0,15,838.5613333333333,25,588.5613333333333,10,25
844,1,25,25,26,26,-24,-24,625,625,50,24,0,625,24,0,650.0,1,25.0,25,25
845,4,50,50,27,27,-23,-23,625,625,50,23,0,625,23,0,675.4966666666667,2,50.49666666666667,25,25
846,625,250,0,35,25,15,25,100,0,10,-15,10,0,-25,-10,274.41333333333336,25,274.41333333333336,10,0
847,1,0,12,1,13,1,-11,0,0,12,-1,-12,144,11,12,5.736,1,5.736,0,12
848,49,0,175,7,32,7,-18,0,0,25,-7,-25,625,18,25,99.60133333333333,7,99.60133333333333,0,25
849,625,625,625,50,50,0,0,625,625,50,0,0,625,0,0,1399.9186666666667,25,774.9186666666667,25,25
850,625,250,625,35,50,15,0,100,250,35,-15,-15,625,0,15,838.3026666666667,25,588.3026666666667,10,25
851,256,256,400,32,41,0,-9,256,400,41,0,-9,625,9,9,787.6306666666667,16,387.6306666666667,16,25
852,625,0,0,25,25,25,25,0,0,0,-25,0,0,-25,0,150.12933333333334,25,150.12933333333334,0,0
853,625,625,0,50,25,0,25,625,0,25,0,25,0,-25,-25,462.21,25,462.21,25,0
854,121,275,0,36,11,-14,11,625,0,25,14,25,0,-11,-25,164.26933333333332,11,164.26933333333332,25,0
855,100,250,0,35,10,-15,10,625,0,25,15,25,0,-10,-25,146.21466666666666,10,146.21466666666666,25,0
856,625,0,0,25,25,25,25,0,0,0,-25,0,0,-25,0,150.10666666666665,25,150.10666666666665,0,0
857,625,0,0,25,25,25,25,0,0,0,-25,0,0,-25,0,149.904,25,149.904,0,0
858,169,0,0,13,13,13,13,0,0,0,-13,0,0,-13,0,39.02133333333333,13,39.02133333333333,0,0
859,1,25,0,26,1,-24,1,625,0,25,24,25,0,-1,-25,13.05,1,13.05,25,0
860,1,0,0,1,1,1,1,0,0,0,-1,0,0,-1,0,0.0,1,0.0,0,0
861,4,0,0,2,2,2,2,0,0,0,-2,0,0,-2,0,0.51,2,0.51,0,0
862,1,0,25,1,26,1,-24,0,0,25,-1,-25,625,24,25,13.283333333333333,1,13.283333333333333,0,25
863,169,0,0,13,13,13,13,0,0,0,-13,0,0,-13,0,39.024,13,39.024,0,0
864,121,275,22,36,13,-14,9,625,50,27,14,23,4,-9,-23,227.58666666666667,11,177.58666666666667,25,2
865,100,250,230,35,33,-15,-13,625,575,48,15,2,529,13,-2,837.4046666666667,10,262.4046666666667,25,23
866,121,275,0,36,11,-14,11,625,0,25,14,25,0,-11,-25,165.132,11,165.132,25,0
867,100,250,0,35,10,-15,10,625,0,25,15,25,0,-10,-25,146.67733333333334,10,146.67733333333334,25,0
868,625,250,0,35,25,15,25,100,0,10,-15,10,0,-25,-10,275.44533333333334,25,275.44533333333334,10,0
869,625,250,0,35,25,15,25,100,0,10,-15,10,0,-25,-10,275.97066666666666,25,275.97066666666666,10,0
870,625,225,0,34,25,16,25,81,0,9,-16,9,0,-25,-9,262.33666666666664,25,262.33666666666664,9,0
871,625,625,0,50,25,0,25,625,0,25,0,25,0,-25,-25,461.83,25,461.83,25,0
872,625,250,0,35,25,15,25,100,0,10,-15,10,0,-25,-10,275.028,25,275.028,10,0
873,625,0,0,25,25,25,25,0,0,0,-25,0,0,-25,0,150.132,25,150.132,0,0
874,1,0,25,1,26,1,-24,0,0,25,-1,-25,625,24,25,12.55,1,12.55,0,25
875,4,0,50,2,27,2,-23,0,0,25,-2,-25,625,23,25,25.472,2,25.472,0,25
876,1,0,12,1,13,1,-11,0,0,12,-1,-12,144,11,12,5.784,1,5.784,0,12
877,49,0,133,7,26,7,-12,0,0,19,-7,-19,361,12,19,76.99733333333333,7,76.99733333333333,0,19
878,1,25,0,26,1,-24,1,625,0,25,24,25,0,-1,-25,12.933333333333334,1,12.933333333333334,25,0
879,625,625,0,50,25,0,25,625,0,25,0,25,0,-25,-25,459.544,25,459.544,25,0
880,625,0,0,25,25,25,25,0,0,0,-25,0,0,-25,0,150.07866666666666,25,150.07866666666666,0,0
881,625,250,625,35,50,15,0,100,250,35,-15,-15,625,0,15,838.5613333333333,25,588.5613333333333,10,25
882,1,25,25,26,26,-24,-24,625,625,50,24,0,625,24,0,650.0,1,25.0,25,25
883,4,50,50,27,27,-23,-23,625,625,50,23,0,625,23,0,675.4966666666667,2,50.49666666666667,25,25
884,625,250,0,35,25,15,25,100,0,10,-15,10,0,-25,-10,274.41333333333336,25,274.41333333333336,10,0
885,1,0,12,1,13,1,-11,0,0,12,-1,-12,144,11,12,5.736,1,5.736,0,12
886,49,0,175,7,32,7,-18,0,0,25,-7,-25,625,18,25,99.60133333333333,7,99.60133333333333,0,25
887,625,625,625,50,50,0,0,625,625,50,0,0,625,0,0,1399.9186666666667,25,774.9186666666667,25,25
888,625,250,625,35,50,15,0,100,250,35,-15,-15,625,0,15,838.3026666666667,25,588.3026666666667,10,25
889,256,256,400,32,41,0,-9,256,400,41,0,-9,625,9,9,787.6306666666667,16,387.6306666666667,16,25
890,625,0,0,25,25,25,25,0,0,0,-25,0,0,-25,0,150.12933333333334,25,150.12933333333334,0,0
891,625,625,0,50,25,0,25,625,0,25,0,25,0,-25,-25,462.21,25,462.21,25,0
892,121,275,0,36,11,-14,11,625,0,25,14,25,0,-11,-25,164.26933333333332,11,164.26933333333332,25,0
893,100,250,0,35,10,-15,10,625,0,25,15,25,0,-10,-25,146.21466666666666,10,146.21466666666666,25,0
894,625,0,0,25,25,25,25,0,0,0,-25,0,0,-25,0,150.10666666666665,25,150.10666666666665,0,0
895,625,0,0,25,25,25,25,0,0,0,-25,0,0,-25,0,149.904,25,149.904,0,0
896,169,0,0,13,13,13,13,0,0,0,-13,0,0,-13,0,39.02133333333333,13,39.02133333333333,0,0
897,1,25,0,26,1,-24,1,625,0,25,24,25,0,-1,-25,13.05,1,13.05,25,0
898,1,0,0,1,1,1,1,0,0,0,-1,0,0,-1,0,0.0,1,0.0,0,0
899,4,0,0,2,2,2,2,0,0,0,-2,0,0,-2,0,0.51,2,0.51,0,0
900,1,0,25,1,26,1,-24,0,0,25,-1,-25,625,24,25,13.283333333333333,1,13.283333333333333,0,25
901,169,0,0,13,13,13,13,0,0,0,-13,0,0,-13,0,39.024,13,39.024,0,0
902,121,275,22,36,13,-14,9,625,50,27,14,23,4,-9,-23,227.58666666666667,11,177.58666666666667,25,2
903,100,250,230,35,33,-15,-13,625,575,48,15,2,529,13,-2,837.4046666666667,10,262.4046666666667,25,23
904,121,275,0,36,11,-14,11,625,0,25,14,25,0,-11,-25,165.132,11,165.132,25,0
905,100,250,0,35,10,-15,10,625,0,25,15,25,0,-10,-25,146.67733333333334,10,146.67733333333334,25,0
906,625,250,0,35,25,15,25,100,0,10,-15,10,0,-25,-10,275.44533333333334,25,275.44533333333334,10,0
907,625,250,0,35,25,15,25,100,0,10,-15,10,0,-25,-10,275.97066666666666,25,275.97066666666666,10,0
908,625,225,0,34,25,16,25,81,0,9,-16,9,0,-25,-9,262.33666666666664,25,262.33666666666664,9,0
909,625,625,0,50,25,0,25,625,0,25,0,25,0,-25,-25,461.83,25,461.83,25,0
910,625,250,0,35,25,15,25,100,0,10,-15,10,0,-25,-10,275.028,25,275.028,10,0
911,625,0,0,25,25,25,25,0,0,0,-25,0,0,-25,0,150.132,25,150.132,0,0
912,1,0,25,1,26,1,-24,0,0,25,-1,-25,625,24,25,12.55,1,12.55,0,25
913,4,0,50,2,27,2,-23,0,0,25,-2,-25,625,23,25,25.472,2,25.472,0,25
914,1,0,12,1,13,1,-11,0,0,12,-1,-12,144,11,12,5.784,1,5.784,0,12
915,49,0,133,7,26,7,-12,0,0,19,-7,-19,361,12,19,76.99733333333333,7,76.99733333333333,0,19
916,1,25,0,26,1,-24,1,625,0,25,24,25,0,-1,-25,12.933333333333334,1,12.933333333333334,25,0
917,625,625,0,50,25,0,25,625,0,25,0,25,0,-25,-25,459.544,25,459.544,25,0
918,625,0,0,25,25,25,25,0,0,0,-25,0,0,-25,0,150.07866666666666,25,150.07866666666666,0,0
919,625,250,625,35,50,15,0,100,250,35,-15,-15,625,0,15,838.5613333333333,25,588.5613333333333,10,25
920,1,25,25,26,26,-24,-24,625,625,50,24,0,625,24,0,650.0,1,25.0,25,25
921,4,50,50,27,27,-23,-23,625,625,50,23,0,625,23,0,675.4966666666667,2,50.49666666666667,25,25
922,625,250,0,35,25,15,25,100,0,10,-15,10,0,-25,-10,274.41333333333336,25,274.41333333333336,10,0
923,1,0,12,1,13,1,-11,0,0,12,-1,-12,144,11,12,5.736,1,5.736,0,12
924,49,0,175,7,32,7,-18,0,0,25,-7,-25,625,18,25,99.60133333333333,7,99.60133333333333,0,25
925,625,625,625,50,50,0,0,625,625,50,0,0,625,0,0,1399.9186666666667,25,774.9186666666667,25,25
926,625,250,625,35,50,15,0,100,250,35,-15,-15,625,0,15,838.3026666666667,25,588.3026666666667,10,25
927,256,256,400,32,41,0,-9,256,400,41,0,-9,625,9,9,787.6306666666667,16,387.6306666666667,16,25
928,625,0,0,25,25,25,25,0,0,0,-25,0,0,-25,0,150.12933333333334,25,150.12933333333334,0,0
929,625,625,0,50,25,0,25,625,0,25,0,25,0,-25,-25,462.21,25,462.21,25,0
930,121,275,0,36,11,-14,11,625,0,25,14,25,0,-11,-25,164.26933333333332,11,164.26933333333332,25,0
931,100,250,0,35,10,-15,10,625,0,25,15,25,0,-10,-25,146.21466666666666,10,146.21466666666666,25,0
932,625,0,0,25,25,25,25,0,0,0,-25,0,0,-25,0,150.10666666666665,25,150.10666666666665,0,0
933,625,0,0,25,25,25,25,0,0,0,-25,0,0,-25,0,149.904,25,149.904,0,0
934,169,0,0,13,13,13,13,0,0,0,-13,0,0,-13,0,39.02133333333333,13,39.02133333333333,0,0
935,1,25,0,26,1,-24,1,625,0,25,24,25,0,-1,-25,13.05,1,13.05,25,0
936,1,0,0,1,1,1,1,0,0,0,-1,0,0,-1,0,0.0,1,0.0,0,0
937,4,0,0,2,2,2,2,0,0,0,-2,0,0,-2,0,0.51,2,0.51,0,0
938,1,0,25,1,26,1,-24,0,0,25,-1,-25,625,24,25,13.283333333333333,1,13.283333333333333,0,25
939,169,0,0,13,13,13,13,0,0,0,-13,0,0,-13,0,39.024,13,39.024,0,0
940,121,275,22,36,13,-14,9,625,50,27,14,23,4,-9,-23,227.58666666666667,11,177.58666666666667,25,2
941,100,250,230,35,33,-15,-13,625,575,48,15,2,529,13,-2,837.4046666666667,10,262.4046666666667,25,23
942,121,275,0,36,11,-14,11,625,0,25,14,25,0,-11,-25,165.132,11,165.132,25,0
943,100,250,0,35,10,-15,10,625,0,25,15,25,0,-10,-25,146.67733333333334,10,146.67733333333334,25,0
944,625,250,0,35,25,15,25,100,0,10,-15,10,0,-25,-10,275.44533333333334,25,275.44533333333334,10,0
945,625,250,0,35,25,15,25,100,0,10,-15,10,0,-25,-10,275.97066666666666,25,275.97066666666666,10,0
946,625,225,0,34,25,16,25,81,0,9,-16,9,0,-25,-9,262.33666666666664,25,262.33666666666664,9,0
947,625,625,0,50,25,0,25,625,0,25,0,25,0,-25,-25,461.83,25,461.83,25,0
948,625,250,0,35,25,15,25,100,0,10,-15,10,0,-25,-10,275.028,25,275.028,10,0
949,625,0,0,25,25,25,25,0,0,0,-25,0,0,-25,0,150.132,25,150.132,0,0
950,1,0,25,1,26,1,-24,0,0,25,-1,-25,625,24,25,12.55,1,12.55,0,25
951,4,0,50,2,27,2,-23,0,0,25,-2,-25,625,23,25,25.472,2,25.472,0,25
952,1,0,12,1,13,1,-11,0,0,12,-1,-12,144,11,12,5.784,1,5.784,0,12
953,49,0,133,7,26,7,-12,0,0,19,-7,-19,361,12,19,76.99733333333333,7,76.99733333333333,0,19
954,1,25,0,26,1,-24,1,625,0,25,24,25,0,-1,-25,12.933333333333334,1,12.933333333333334,25,0
955,625,625,0,50,25,0,25,625,0,25,0,25,0,-25,-25,459.544,25,459.544,25,0
956,625,0,0,25,25,25,25,0,0,0,-25,0,0,-25,0,150.07866666666666,25,150.07866666666666,0,0
957,625,250,625,35,50,15,0,100,250,35,-15,-15,625,0,15,838.5613333333333,25,588.5613333333333,10,25
958,1,25,25,26,26,-24,-24,625,625,50,24,0,625,24,0,650.0,1,25.0,25,25
959,4,50,50,27,27,-23,-23,625,625,50,23,0,625,23,0,675.4966666666667,2,50.49666666666667,25,25
960,625,250,0,35,25,15,25,100,0,10,-15,10,0,-25,-10,274.41333333333336,25,274.41333333333336,10,0
961,1,0,12,1,13,1,-11,0,0,12,-1,-12,144,11,12,5.736,1,5.736,0,12
962,49,0,175,7,32,7,-18,0,0,25,-7,-25,625,18,25,99.60133333333333,7,99.60133333333333,0,25
963,625,625,625,50,50,0,0,625,625,50,0,0,625,0,0,1399.9186666666667,25,774.9186666666667,25,25
964,625,250,625,35,50,15,0,100,250,35,-15,-15,625,0,15,838.3026666666667,25,588.3026666666667,10,25
965,256,256,400,32,41,0,-9,256,400,41,0,-9,625,9,9,787.6306666666667,16,387.6306666666667,16,25
966,625,0,0,25,25,25,25,0,0,0,-25,0,0,-25,0,150.12933333333334,25,150.12933333333334,0,0
967,625,625,0,50,25,0,25,625,0,25,0,25,0,-25,-25,462.21,25,462.21,25,0
968,121,275,0,36,11,-14,11,625,0,25,14,25,0,-11,-25,164.26933333333332,11,164.26933333333332,25,0
969,100,250,0,35,10,-15,10,625,0,25,15,25,0,-10,-25,146.21466666666666,10,146.21466666666666,25,0
970,625,0,0,25,25,25,25,0,0,0,-25,0,0,-25,0,150.10666666666665,25,150.10666666666665,0,0
971,625,0,0,25,25,25,25,0,0,0,-25,0,0,-25,0,149.904,25,149.904,0,0
972,169,0,0,13,13,13,13,0,0,0,-13,0,0,-13,0,39.02133333333333,13,39.02133333333333,0,0
973,1,25,0,26,1,-24,1,625,0,25,24,25,0,-1,-25,13.05,1,13.05,25,0
974,1,0,0,1,1,1,1,0,0,0,-1,0,0,-1,0,0.0,1,0.0,0,0
975,4,0,0,2,2,2,2,0,0,0,-2,0,0,-2,0,0.51,2,0.51,0,0
976,1,0,25,1,26,1,-24,0,0,25,-1,-25,625,24,25,13.283333333333333,1,13.283333333333333,0,25
977,169,0,0,13,13,13,13,0,0,0,-13,0,0,-13,0,39.024,13,39.024,0,0
978,121,275,22,36,13,-14,9,625,50,27,14,23,4,-9,-23,227.58666666666667,11,177.58666666666667,25,2
979,100,250,230,35,33,-15,-13,625,575,48,15,2,529,13,-2,837.4046666666667,10,262.4046666666667,25,23
980,121,275,0,36,11,-14,11,625,0,25,14,25,0,-11,-25,165.132,11,165.132,25,0
981,100,250,0,35,10,-15,10,625,0,25,15,25,0,-10,-25,146.67733333333334,10,146.67733333333334,25,0
982,625,250,0,35,25,15,25,100,0,10,-15,10,0,-25,-10,275.44533333333334,25,275.44533333333334,10,0
983,625,250,0,35,25,15,25,100,0,10,-15,10,0,-25,-10,275.97066666666666,25,275.97066666666666,10,0
984,625,225,0,34,25,16,25,81,0,9,-16,9,0,-25,-9,262.33666666666664,25,262.33666666666664,9,0
985,625,625,0,50,25,0,25,625,0,25,0,25,0,-25,-25,461.83,25,461.83,25,0
986,625,250,0,35,25,15,25,100,0,10,-15,10,0,-25,-10,275.028,25,275.028,10,0
987,625,0,0,25,25,25,25,0,0,0,-25,0,0,-25,0,150.132,25,150.132,0,0
988,1,0,25,1,26,1,-24,0,0,25,-1,-25,625,24,25,12.55,1,12.55,0,25
989,4,0,50,2,27,2,-23,0,0,25,-2,-25,625,23,25,25.472,2,25.472,0,25
990,1,0,12,1,13,1,-11,0,0,12,-1,-12,144,11,12,5.784,1,5.784,0,12
991,49,0,133,7,26,7,-12,0,0,19,-7,-19,361,12,19,76.99733333333333,7,76.99733333333333,0,19
992,1,25,0,26,1,-24,1,625,0,25,24,25,0,-1,-25,12.933333333333334,1,12.933333333333334,25,0
993,625,625,0,50,25,0,25,625,0,25,0,25,0,-25,-25,459.544,25,459.544,25,0
994,625,0,0,25,25,25,25,0,0,0,-25,0,0,-25,0,150.07866666666666,25,150.07866666666666,0,0
995,625,250,625,35,50,15,0,100,250,35,-15,-15,625,0,15,838.5613333333333,25,588.5613333333333,10,25
996,1,25,25,26,26,-24,-24,625,625,50,24,0,625,24,0,650.0,1,25.0,25,25
997,4,50,50,27,27,-23,-23,625,625,50,23,0,625,23,0,675.4966666666667,2,50.49666666666667,25,25
998,625,250,0,35,25,15,25,100,0,10,-15,10,0,-25,-10,274.41333333333336,25,274.41333333333336,10,0
999,1,0,12,1,13,1,-11,0,0,12,-1,-12,144,11,12,5.736,1,5.736,0,12
1000,49,0,175,7,32,7,-18,0,0,25,-7,-25,625,18,25,99.60133333333333,7,99.60133333333333,0,25
1001,625,625,625,50,50,0,0,625,625,50,0,0,625,0,0,1399.9186666666667,25,774.9186666666667,25,25
1002,625,250,625,35,50,15,0,100,250,35,-15,-15,625,0,15,838.3026666666667,25,588.3026666666667,10,25
1003,256,256,400,32,41,0,-9,256,400,41,0,-9,625,9,9,787.6306666666667,16,387.6306666666667,16,25
1004,625,0,0,25,25,25,25,0,0,0,-25,0,0,-25,0,150.12933333333334,25,150.12933333333334,0,0
1005,625,625,0,50,25,0,25,625,0,25,0,25,0,-25,-25,462.21,25,462.21,25,0
1006,121,275,0,36,11,-14,11,625,0,25,14,25,0,-11,-25,164.26933333333332,11,164.26933333333332,25,0
1007,100,250,0,35,10,-15,10,625,0,25,15,25,0,-10,-25,146.21466666666666,10,146.21466666666666,25,0
1008,625,0,0,25,25,25,25,0,0,0,-25,0,0,-25,0,150.10666666666665,25,150.10666666666665,0,0
1009,625,0,0,25,25,25,25,0,0,0,-25,0,0,-25,0,149.904,25,149.904,0,0
1010,169,0,0,13,13,13,13,0,0,0,-13,0,0,-13,0,39.02133333333333,13,39.02133333333333,0,0
1011,1,25,0,26,1,-24,1,625,0,25,24,25,0,-1,-25,13.05,1,13.05,25,0
1012,1,0,0,1,1,1,1,0,0,0,-1,0,0,-1,0,0.0,1,0.0,0,0
1013,4,0,0,2,2,2,2,0,0,0,-2,0,0,-2,0,0.51,2,0.51,0,0
1014,1,0,25,1,26,1,-24,0,0,25,-1,-25,625,24,25,13.283333333333333,1,13.283333333333333,0,25
1015,169,0,0,13,13,13,13,0,0,0,-13,0,0,-13,0,39.024,13,39.024,0,0
1016,121,275,22,36,13,-14,9,625,50,27,14,23,4,-9,-23,227.58666666666667,11,177.58666666666667,25,2
1017,100,250,230,35,33,-15,-13,625,575,48,15,2,529,13,-2,837.4046666666667,10,262.4046666666667,25,23
1018,121,275,0,36,11,-14,11,625,0,25,14,25,0,-11,-25,165.132,11,165.132,25,0
1019,100,250,0,35,10,-15,10,625,0,25,15,25,0,-10,-25,146.67733333333334,10,146.67733333333334,25,0
1020,625,250,0,35,25,15,25,100,0,10,-15,10,0,-25,-10,275.44533333333334,25,275.44533333333334,10,0
1021,625,250,0,35,25,15,25,100,0,10,-15,10,0,-25,-10,275.97066666666666,25,275.97066666666666,10,0
1022,625,225,0,34,25,16,25,81,0,9,-16,9,0,-25,-9,262.33666666666664,25,262.33666666666664,9,0
1023,625,625,0,50,25,0,25,625,0,25,0,25,0,-25,-25,461.83,25,461.83,25,0
1024,625,250,0,35,25,15,25,100,0,10,-15,10,0,-25,-10,275.028,25,275.028,10,0
1025,625,0,0,25,25,25,25,0,0,0,-25,0,0,-25,0,150.132,25,150.132,0,0
1026,1,0,25,1,26,1,-24,0,0,25,-1,-25,625,24,25,12.55,1,12.55,0,25
1027,4,0,50,2,27,2,-23,0,0,25,-2,-25,625,23,25,25.472,2,25.472,0,25
1028,1,0,12,1,13,1,-11,0,0,12,-1,-12,144,11,12,5.784,1,5.784,0,12
1029,49,0,133,7,26,7,-12,0,0,19,-7,-19,361,12,19,76.99733333333333,7,76.99733333333333,0,19
1030,1,25,0,26,1,-24,1,625,0,25,24,25,0,-1,-25,12.933333333333334,1,12.933333333333334,25,0
1031,625,625,0,50,25,0,25,625,0,25,0,25,0,-25,-25,459.544,25,459.544,25,0
1032,625,0,0,25,25,25,25,0,0,0,-25,0,0,-25,0,150.07866666666666,25,150.07866666666666,0,0
1033,625,250,625,35,50,15,0,100,250,35,-15,-15,625,0,15,838.5613333333333,25,588.5613333333333,10,25
1034,1,25,25,26,26,-24,-24,625,625,50,24,0,625,24,0,650.0,1,25.0,25,25
1035,4,50,50,27,27,-23,-23,625,625,50,23,0,625,23,0,675.4966666666667,2,50.49666666666667,25,25
1036,625,250,0,35,25,15,25,100,0,10,-15,10,0,-25,-10,274.41333333333336,25,274.41333333333336,10,0
1037,1,0,12,1,13,1,-11,0,0,12,-1,-12,144,11,12,5.736,1,5.736,0,12
1038,49,0,175,7,32,7,-18,0,0,25,-7,-25,625,18,25,99.60133333333333,7,99.60133333333333,0,25
1039,625,625,625,50,50,0,0,625,625,50,0,0,625,0,0,1399.9186666666667,25,774.9186666666667,25,25
1040,625,250,625,35,50,15,0,100,250,35,-15,-15,625,0,15,838.3026666666667,25,588.3026666666667,10,25
1041,256,256,400,32,41,0,-9,256,400,41,0,-9,625,9,9,787.6306666666667,16,387.6306666666667,16,25
1042,625,0,0,25,25,25,25,0,0,0,-25,0,0,-25,0,150.12933333333334,25,150.12933333333334,0,0
1043,625,625,0,50,25,0,25,625,0,25,0,25,0,-25,-25,462.21,25,462.21,25,0
1044,121,275,0,36,11,-14,11,625,0,25,14,25,0,-11,-25,164.26933333333332,11,164.26933333333332,25,0
1045,100,250,0,35,10,-15,10,625,0,25,15,25,0,-10,-25,146.21466666666666,10,146.21466666666666,25,0
1046,625,0,0,25,25,25,25,0,0,0,-25,0,0,-25,0,150.10666666666665,25,150.10666666666665,0,0
1047,625,0,0,25,25,25,25,0,0,0,-25,0,0,-25,0,149.904,25,149.904,0,0
1048,169,0,0,13,13,13,13,0,0,0,-13,0,0,-13,0,39.02133333333333,13,39.02133333333333,0,0
1049,1,25,0,26,1,-24,1,625,0,25,24,25,0,-1,-25,13.05,1,13.05,25,0
1050,1,0,0,1,1,1,1,0,0,0,-1,0,0,-1,0,0.0,1,0.0,0,0
1051,4,0,0,2,2,2,2,0,0,0,-2,0,0,-2,0,0.51,2,0.51,0,0
1052,1,0,25,1,26,1,-24,0,0,25,-1,-25,625,24,25,13.283333333333333,1,13.283333333333333,0,25
1053,169,0,0,13,13,13,13,0,0,0,-13,0,0,-13,0,39.024,13,39.024,0,0
1054,121,275,22,36,13,-14,9,625,50,27,14,23,4,-9,-23,227.58666666666667,11,177.58666666666667,25,2
1055,100,250,230,35,33,-15,-13,625,575,48,15,2,529,13,-2,837.4046666666667,10,262.4046666666667,25,23
1056,121,275,0,36,11,-14,11,625,0,25,14,25,0,-11,-25,165.132,11,165.132,25,0
1057,100,250,0,35,10,-15,10,625,0,25,15,25,0,-10,-25,146.67733333333334,10,146.67733333333334,25,0
1058,625,250,0,35,25,15,25,100,0,10,-15,10,0,-25,-10,275.44533333333334,25,275.44533333333334,10,0
1059,625,250,0,35,25,15,25,100,0,10,-15,10,0,-25,-10,275.97066666666666,25,275.97066666666666,10,0
1060,625,225,0,34,25,16,25,81,0,9,-16,9,0,-25,-9,262.33666666666664,25,262.33666666666664,9,0
1061,625,625,0,50,25,0,25,625,0,25,0,25,0,-25,-25,461.83,25,461.83,25,0
1062,625,250,0,35,25,15,25,100,0,10,-15,10,0,-25,-10,275.028,25,275.028,10,0
1063,625,0,0,25,25,25,25,0,0,0,-25,0,0,-25,0,150.132,25,150.132,0,0
1064,1,0,25,1,26,1,-24,0,0,25,-1,-25,625,24,25,12.55,1,12.55,0,25
1065,4,0,50,2,27,2,-23,0,0,25,-2,-25,625,23,25,25.472,2,25.472,0,25
1066,1,0,12,1,13,1,-11,0,0,12,-1,-12,144,11,12,5.784,1,5.784,0,12
1067,49,0,133,7,26,7,-12,0,0,19,-7,-19,361,12,19,76.99733333333333,7,76.99733333333333,0,19
1068,1,25,0,26,1,-24,1,625,0,25,24,25,0,-1,-25,12.933333333333334,1,12.933333333333334,25,0
1069,625,625,0,50,25,0,25,625,0,25,0,25,0,-25,-25,459.544,25,459.544,25,0
1070,625,0,0,25,25,25,25,0,0,0,-25,0,0,-25,0,150.07866666666666,25,150.07866666666666,0,0
1071,625,250,625,35,50,15,0,100,250,35,-15,-15,625,0,15,838.5613333333333,25,588.5613333333333,10,25
1072,1,25,25,26,26,-24,-24,625,625,50,24,0,625,24,0,650.0,1,25.0,25,25
1073,4,50,50,27,27,-23,-23,625,625,50,23,0,625,23,0,675.4966666666667,2,50.49666666666667,25,25
1074,625,250,0,35,25,15,25,100,0,10,-15,10,0,-25,-10,274.41333333333336,25,274.41333333333336,10,0
1075,1,0,12,1,13,1,-11,0,0,12,-1,-12,144,11,12,5.736,1,5.736,0,12
1076,49,0,175,7,32,7,-18,0,0,25,-7,-25,625,18,25,99.60133333333333,7,99.60133333333333,0,25
1077,625,625,625,50,50,0,0,625,625,50,0,0,625,0,0,1399.9186666666667,25,774.9186666666667,25,25
1078,625,250,625,35,50,15,0,100,250,35,-15,-15,625,0,15,838.3026666666667,25,588.3026666666667,10,25
1079,256,256,400,32,41,0,-9,256,400,41,0,-9,625,9,9,787.6306666666667,16,387.6306666666667,16,25
1080,625,0,0,25,25,25,25,0,0,0,-25,0,0,-25,0,150.12933333333334,25,150.12933333333334,0,0
1081,625,625,0,50,25,0,25,625,0,25,0,25,0,-25,-25,462.21,25,462.21,25,0
1082,121,275,0,36,11,-14,11,625,0,25,14,25,0,-11,-25,164.26933333333332,11,164.26933333333332,25,0
1083,100,250,0,35,10,-15,10,625,0,25,15,25,0,-10,-25,146.21466666666666,10,146.21466666666666,25,0
1084,625,0,0,25,25,25,25,0,0,0,-25,0,0,-25,0,150.10666666666665,25,150.10666666666665,0,0
1085,625,0,0,25,25,25,25,0,0,0,-25,0,0,-25,0,149.904,25,149.904,0,0
1086,169,0,0,13,13,13,13,0,0,0,-13,0,0,-13,0,39.02133333333333,13,39.02133333333333,0,0
1087,1,25,0,26,1,-24,1,625,0,25,24,25,0,-1,-25,13.05,1,13.05,25,0
1088,1,0,0,1,1,1,1,0,0,0,-1,0,0,-1,0,0.0,1,0.0,0,0
1089,4,0,0,2,2,2,2,0,0,0,-2,0,0,-2,0,0.51,2,0.51,0,0
1090,1,0,25,1,26,1,-24,0,0,25,-1,-25,625,24,25,13.283333333333333,1,13.283333333333333,0,25
1091,169,0,0,13,13,13,13,0,0,0,-13,0,0,-13,0,39.024,13,39.024,0,0
1092,121,275,22,36,13,-14,9,625,50,27,14,23,4,-9,-23,227.58666666666667,11,177.58666666666667,25,2
1093,100,250,230,35,33,-15,-13,625,575,48,15,2,529,13,-2,837.4046666666667,10,262.4046666666667,25,23
1094,121,275,0,36,11,-14,11,625,0,25,14,25,0,-11,-25,165.132,11,165.132,25,0
1095,100,250,0,35,10,-15,10,625,0,25,15,25,0,-10,-25,146.67733333333334,10,146.67733333333334,25,0
1096,625,250,0,35,25,15,25,100,0,10,-15,10,0,-25,-10,275.44533333333334,25,275.44533333333334,10,0
1097,625,250,0,35,25,15,25,100,0,10,-15,10,0,-25,-10,275.97066666666666,25,275.97066666666666,10,0
1098,625,225,0,34,25,16,25,81,0,9,-16,9,0,-25,-9,262.33666666666664,25,262.33666666666664,9,0
1099,625,625,0,50,25,0,25,625,0,25,0,25,0,-25,-25,461.83,25,461.83,25,0
1100,625,250,0,35,25,15,25,100,0,10,-15,10,0,-25,-10,275.028,25,275.028,10,0
1101,625,0,0,25,25,25,25,0,0,0,-25,0,0,-25,0,150.132,25,150.132,0,0
1102,1,0,25,1,26,1,-24,0,0,25,-1,-25,625,24,25,12.55,1,12.55,0,25
1103,4,0,50,2,27,2,-23,0,0,25,-2,-25,625,23,25,25.472,2,25.472,0,25
1104,1,0,12,1,13,1,-11,0,0,12,-1,-12,144,11,12,5.784,1,5.784,0,12
1105,49,0,133,7,26,7,-12,0,0,19,-7,-19,361,12,19,76.99733333333333,7,76.99733333333333,0,19
1106,1,25,0,26,1,-24,1,625,0,25,24,25,0,-1,-25,12.933333333333334,1,12.933333333333334,25,0
1107,625,625,0,50,25,0,25,625,0,25,0,25,0,-25,-25,459.544,25,459.544,25,0
1108,625,0,0,25,25,25,25,0,0,0,-25,0,0,-25,0,150.07866666666666,25,150.07866666666666,0,0
1109,625,250,625,35,50,15,0,100,250,35,-15,-15,625,0,15,838.5613333333333,25,588.5613333333333,10,25
1110,1,25,25,26,26,-24,-24,625,625,50,24,0,625,24,0,650.0,1,25.0,25,25
1111,4,50,50,27,27,-23,-23,625,625,50,23,0,625,23,0,675.4966666666667,2,50.49666666666667,25,25
1112,625,250,0,35,25,15,25,100,0,10,-15,10,0,-25,-10,274.41333333333336,25,274.41333333333336,10,0
1113,1,0,12,1,13,1,-11,0,0,12,-1,-12,144,11,12,5.736,1,5.736,0,12
1114,49,0,175,7,32,7,-18,0,0,25,-7,-25,625,18,25,99.60133333333333,7,99.60133333333333,0,25
1115,625,625,625,50,50,0,0,625,625,50,0,0,625,0,0,1399.9186666666667,25,774.9186666666667,25,25
1116,625,250,625,35,50,15,0,100,250,35,-15,-15,625,0,15,838.3026666666667,25,588.3026666666667,10,25
1117,256,256,400,32,41,0,-9,256,400,41,0,-9,625,9,9,787.6306666666667,16,387.6306666666667,16,25
1118,625,0,0,25,25,25,25,0,0,0,-25,0,0,-25,0,150.12933333333334,25,150.12933333333334,0,0
1119,625,625,0,50,25,0,25,625,0,25,0,25,0,-25,-25,462.21,25,462.21,25,0
1120,121,275,0,36,11,-14,11,625,0,25,14,25,0,-11,-25,164.26933333333332,11,164.26933333333332,25,0
1121,100,250,0,35,10,-15,10,625,0,25,15,25,0,-10,-25,146.21466666666666,10,146.21466666666666,25,0
1122,625,0,0,25,25,25,25,0,0,0,-25,0,0,-25,0,150.10666666666665,25,150.10666666666665,0,0
1123,625,0,0,25,25,25,25,0,0,0,-25,0,0,-25,0,149.904,25,149.904,0,0
1124,169,0,0,13,13,13,13,0,0,0,-13,0,0,-13,0,39.02133333333333,13,39.02133333333333,0,0
1125,1,25,0,26,1,-24,1,625,0,25,24,25,0,-1,-25,13.05,1,13.05,25,0
1126,1,0,0,1,1,1,1,0,0,0,-1,0,0,-1,0,0.0,1,0.0,0,0
1127,4,0,0,2,2,2,2,0,0,0,-2,0,0,-2,0,0.51,2,0.51,0,0
1128,1,0,25,1,26,1,-24,0,0,25,-1,-25,625,24,25,13.283333333333333,1,13.283333333333333,0,25
1129,169,0,0,13,13,13,13,0,0,0,-13,0,0,-13,0,39.024,13,39.024,0,0
1130,121,275,22,36,13,-14,9,625,50,27,14,23,4,-9,-23,227.58666666666667,11,177.58666666666667,25,2
1131,100,250,230,35,33,-15,-13,625,575,48,15,2,529,13,-2,837.4046666666667,10,262.4046666666667,25,23
1132,121,275,0,36,11,-14,11,625,0,25,14,25,0,-11,-25,165.132,11,165.132,25,0
1133,100,250,0,35,10,-15,10,625,0,25,15,25,0,-10,-25,146.67733333333334,10,146.67733333333334,25,0
1134,625,250,0,35,25,15,25,100,0,10,-15,10,0,-25,-10,275.44533333333334,25,275.44533333333334,10,0
1135,625,250,0,35,25,15,25,100,0,10,-15,10,0,-25,-10,275.97066666666666,25,275.97066666666666,10,0
1136,625,225,0,34,25,16,25,81,0,9,-16,9,0,-25,-9,262.33666666666664,25,262.33666666666664,9,0
1137,625,625,0,50,25,0,25,625,0,25,0,25,0,-25,-25,461.83,25,461.83,25,0
1138,625,250,0,35,25,15,25,100,0,10,-15,10,0,-25,-10,275.028,25,275.028,10,0
1139,625,0,0,25,25,25,25,0,0,0,-25,0,0,-25,0,150.132,25,150.132,0,0
0,196,42,70,17,19,11,9,9,15,8,-11,-2,25,-9,2,116.568,14,101.568,3,5
1,16,68,8,21,6,-13,2,289,34,19,13,15,4,-2,-15,74.22,4,40.22,17,2
2,144,120,192,22,28,2,-4,100,160,26,-2,-6,256,4,6,348.86,12,188.86,10,16
3,9,6,42,5,17,1,-11,4,28,16,-1,-12,196,11,12,53.144,3,25.144,2,14
4,361,285,209,34,30,4,8,225,165,26,-4,4,121,-8,-4,497.904,19,332.904,15,11
5,1,14,2,15,3,-13,-1,196,28,16,13,12,4,1,-12,35.592,1,7.591999999999999,14,2
6,9,57,54,22,21,-16,-15,361,342,37,16,1,324,15,-1,399.06,3,57.06,19,18
7,9,33,30,14,13,-8,-7,121,110,21,8,1,100,7,-1,142.968,3,32.96799999999999,11,10
8,81,90,9,19,10,-1,8,100,10,11,1,9,1,-8,-9,77.024,9,67.024,10,1
9,9,6,42,5,17,1,-11,4,28,16,-1,-12,196,11,12,53.468,3,25.468000000000004,2,14
10,25,40,5,13,6,-3,4,64,8,9,3,7,1,-4,-7,35.6,5,27.6,8,1
11,400,400,180,40,29,0,11,400,180,29,0,11,81,-11,-11,564.128,20,384.12800000000004,20,9
12,256,256,64,32,20,0,12,256,64,20,0,12,16,-12,-12,285.096,16,221.096,16,4
13,100,90,30,19,13,1,7,81,27,12,-1,6,9,-7,-6,110.294,10,83.294,9,3
14,225,165,300,26,35,4,-5,121,220,31,-4,-9,400,5,9,503.292,15,283.292,11,20
15,225,60,15,19,16,11,14,16,4,5,-11,3,1,-14,-3,93.972,15,89.972,4,1
16,1,6,4,7,5,-5,-3,36,24,10,5,2,16,3,-2,29.04,1,5.039999999999999,6,4
17,9,57,18,22,9,-16,-3,361,114,25,16,13,36,3,-13,151.14,3,37.139999999999986,19,6
18,400,180,20,29,21,11,19,81,9,10,-11,8,1,-19,-8,202.946,20,193.946,9,1
19,400,160,260,28,33,12,7,64,104,21,-12,-5,169,-7,5,408.596,20,304.596,8,13
20,121,198,77,29,18,-7,4,324,126,25,7,11,49,-4,-11,291.462,11,165.462,18,7
21,64,48,56,14,15,2,1,36,42,13,-2,-1,49,-1,1,107.988,8,65.988,6,7
22,196,210,280,29,34,-1,-6,225,300,35,1,-5,400,6,5,589.772,14,289.77200000000005,15,20
23,81,18,18,11,11,7,7,4,4,4,-7,0,4,-7,0,39.856,9,35.856,2,2
24,9,3,39,4,16,2,-10,1,13,14,-2,-12,169,10,12,35.66,3,22.659999999999997,1,13
25,81,126,45,23,14,-5,4,196,70,19,5,9,25,-4,-9,172.986,9,102.98599999999999,14,5
26,49,140,98,27,21,-13,-7,400,280,34,13,6,196,7,-6,409.42,7,129.42000000000002,20,14
27,256,16,144,17,25,15,7,1,9,10,-15,-8,81,-7,8,149.418,16,140.418,1,9
28,100,10,110,11,21,9,-1,1,11,12,-9,-10,121,1,10,95.01,10,84.01,1,11
29,400,120,60,26,23,14,17,36,18,9,-14,3,9,-17,-3,203.568,20,185.568,6,3
30,196,14,28,15,16,13,12,1,2,3,-13,-1,4,-12,1,68.24,14,66.24,1,2
31,324,198,306,29,35,7,1,121,187,28,-7,-6,289,-1,6,516.414,18,329.414,11,17
32,289,340,221,37,30,-3,4,400,260,33,3,7,169,-4,-7,609.654,17,349.654,20,13
33,64,152,24,27,11,-11,5,361,57,22,11,16,9,-5,-16,158.042,8,101.042,19,3
34,121,77,209,18,30,4,-8,49,133,26,-4,-12,361,8,12,302.564,11,169.56400000000002,7,19
35,9,33,42,14,17,-8,-11,121,154,25,8,-3,196,11,3,192.906,3,38.906000000000006,11,14
36,324,90,162,23,27,13,9,25,45,14,-13,-4,81,-9,4,247.884,18,202.884,5,9
37,324,288,90,34,23,2,13,256,80,21,-2,11,25,-13,-11,345.22,18,265.22,16,5
38,64,128,32,24,12,-8,4,256,64,20,8,12,16,-4,-12,158.638,8,94.638,16,4
39,25,100,20,25,9,-15,1,400,80,24,15,16,16,-1,-16,143.924,5,63.92400000000001,20,4
40,36,48,96,14,22,-2,-10,64,128,24,2,-8,256,10,8,207.798,6,79.798,8,16
41,25,45,85,14,22,-4,-12,81,153,26,4,-8,289,12,8,223.184,5,70.184,9,17
42,144,60,192,17,28,7,-4,25,80,21,-7,-11,256,4,11,239.056,12,159.056,5,16
43,196,56,140,18,24,10,4,16,40,14,-10,-6,100,-4,6,182.736,14,142.736,4,10
44,361,38,171,21,28,17,10,4,18,11,-17,-7,81,-10,7,207.746,19,189.746,2,9
45,361,342,266,37,33,1,5,324,252,32,-1,4,196,-5,-4,642.012,19,390.01199999999994,18,14
46,16,52,24,17,10,-9,-2,169,78,19,9,7,36,2,-7,118.752,4,40.751999999999995,13,6
47,100,10,80,11,18,9,2,1,8,9,-9,-7,64,-2,7,76.12,10,68.12,1,8
