,(1+p),(1-p),(b*b),(b*c),(b+c),(b-c),(b-rounds),(c*c),(c-b),(c-rounds),(rounds*b),(rounds*c),(rounds*rounds),(rounds+b),(rounds+c),(rounds-b),(rounds-c),b,c,expected_post,p,post-init,rounds
0,1.24,0.76,144,132,23,1,0,121,-1,-1,144,132,144,24,23,0,1,12,11,16.108,0.24,4.1080000000000005,12
1,1.84,0.16,400,140,27,13,15,49,-13,2,100,35,25,25,12,-15,-2,20,7,6.218,0.84,1.218,5
2,1.3,0.7,16,68,21,-13,-10,289,13,3,56,238,196,18,31,10,-3,4,17,17.292,0.3,3.2920000000000016,14
3,1.4,0.6,36,6,7,5,-6,1,-5,-11,72,12,144,18,13,6,11,6,1,14.482,0.4,2.4819999999999993,12
4,1.77,0.23,169,52,17,9,8,16,-9,-1,65,20,25,18,9,-8,1,13,4,6.312,0.77,1.3120000000000003,5
5,1.1,0.9,144,240,32,-8,-6,400,8,2,216,360,324,30,38,6,-2,12,20,28.3,0.1,10.3,18
6,1.13,0.87,4,30,17,-13,-2,225,13,11,8,60,16,6,19,2,-11,2,15,11.288,0.13,7.288,4
7,1.37,0.63,121,121,22,0,9,121,0,9,22,22,4,13,13,-9,-9,11,11,4.666,0.37,2.6660000000000004,2
8,1.56,0.44,324,306,35,1,7,289,-1,6,198,187,121,29,28,-7,-6,18,17,12.766,0.56,1.766,11
9,1.72,0.28,1,14,15,-13,-19,196,13,-6,20,280,400,21,34,19,6,1,14,21.41,0.72,1.4100000000000001,20
10,1.4,0.6,64,72,17,-1,7,81,1,8,8,9,1,9,10,-7,-8,8,9,3.37,0.4,2.37,1
11,1.82,0.18,256,112,23,9,15,49,-9,6,16,7,1,17,8,-15,-6,16,7,2.21,0.82,1.21,1
12,1.48,0.52,81,144,25,-7,4,256,7,11,45,80,25,14,21,-4,-11,9,16,7.088,0.48,2.088,5
13,1.64,0.36,4,36,20,-16,-4,324,16,12,12,108,36,8,24,4,-12,2,18,7.504,0.64,1.5039999999999996,6
14,1.52,0.48,81,144,25,-7,-11,256,7,-4,180,320,400,29,36,11,4,9,16,21.914,0.52,1.9140000000000015,20
15,1.59,0.41,225,285,34,-4,4,361,4,8,165,209,121,26,30,-4,-8,15,19,12.684,0.59,1.6839999999999993,11
16,1.21,0.79,225,255,32,-2,12,289,2,14,45,51,9,18,20,-12,-14,15,17,7.866,0.21,4.866,3
17,1.64,0.36,9,24,11,-5,-3,64,5,2,18,48,36,9,14,3,-2,3,8,7.56,0.64,1.5599999999999996,6
18,1.32,0.68,49,126,25,-11,-6,324,11,5,91,234,169,20,31,6,-5,7,18,16.202,0.32,3.2020000000000017,13
19,1.21,0.79,1,16,17,-15,-7,256,15,8,8,128,64,9,24,7,-8,1,16,12.41,0.21,4.41,8
20,1.09,0.91,256,208,29,3,15,169,-3,12,16,13,1,17,14,-15,-12,16,13,12.274,0.09,11.274,1
21,1.67,0.33,4,30,17,-13,-13,225,13,0,30,225,225,17,30,13,0,2,15,16.518,0.67,1.5180000000000007,15
22,1.54,0.46,256,128,24,8,15,64,-8,7,16,8,1,17,9,-15,-7,16,8,2.808,0.54,1.8079999999999998,1
23,1.42,0.58,25,40,13,-3,4,64,3,7,5,8,1,6,9,-4,-7,5,8,3.376,0.42,2.376,1
24,1.8,0.2,225,285,34,-4,2,361,4,6,195,247,169,28,32,-2,-6,15,19,14.262,0.8,1.2620000000000005,13
25,1.55,0.45,400,320,36,4,12,256,-4,8,160,128,64,28,24,-12,-8,20,16,9.78,0.55,1.7799999999999994,8
26,1.82,0.18,81,135,24,-6,5,225,6,11,36,60,16,13,19,-5,-11,9,15,5.228,0.82,1.2279999999999998,4
27,1.24,0.76,361,304,35,3,16,256,-3,13,57,48,9,22,19,-16,-13,19,16,7.3,0.24,4.3,3
28,1.57,0.43,196,182,27,1,-3,169,-1,-4,238,221,289,31,30,3,4,14,13,18.91,0.57,1.9100000000000001,17
29,1.27,0.73,49,91,20,-6,-13,169,6,-7,140,260,400,27,33,13,7,7,13,23.966,0.27,3.966000000000001,20
30,1.49,0.51,49,70,17,-3,-1,100,3,2,56,80,64,15,18,1,-2,7,10,9.988,0.49,1.9879999999999995,8
31,1.43,0.57,4,4,4,0,-1,4,0,-1,6,6,9,5,5,1,1,2,2,5.334,0.43,2.3339999999999996,3
32,1.28,0.72,16,68,21,-13,2,289,13,15,8,34,4,6,19,-2,-15,4,17,5.79,0.28,3.79,2
33,1.3,0.7,196,70,19,9,8,25,-9,-1,84,30,36,20,11,-8,1,14,5,9.51,0.3,3.51,6
34,1.3,0.7,4,4,4,0,-3,4,0,-3,10,10,25,7,7,3,3,2,2,8.246,0.3,3.2460000000000004,5
35,1.52,0.48,400,240,32,8,15,144,-8,7,100,60,25,25,17,-15,-7,20,12,6.92,0.52,1.92,5
36,1.11,0.89,121,0,11,11,5,0,-11,-6,66,0,36,17,6,-5,6,11,0,15.136,0.11,9.136,6
37,1.74,0.26,4,20,12,-8,-1,100,8,7,6,30,9,5,13,1,-7,2,10,4.322,0.74,1.322,3
38,1.43,0.57,289,68,21,13,0,16,-13,-13,289,68,289,34,21,0,13,17,4,19.408,0.43,2.4080000000000013,17
39,1.9,0.1,289,68,21,13,14,16,-13,1,51,12,9,20,7,-14,-1,17,4,4.106,0.9,1.1059999999999999,3
40,1.46,0.54,64,24,11,5,-2,9,-5,-7,80,30,100,18,13,2,7,8,3,12.034,0.46,2.0340000000000007,10
41,1.66,0.34,4,40,22,-18,-9,400,18,9,22,220,121,13,31,9,-9,2,20,12.488,0.66,1.4879999999999995,11
42,1.5,0.5,16,64,20,-12,-14,256,12,-2,72,288,324,22,34,14,2,4,16,19.966,0.5,1.966000000000001,18
43,1.3,0.7,36,30,11,1,4,25,-1,3,12,10,4,8,7,-4,-3,6,5,5.308,0.3,3.308,2
44,1.64,0.36,1,17,18,-16,-10,289,16,6,11,187,121,12,28,10,-6,1,17,12.52,0.64,1.5199999999999996,11
45,1.14,0.86,121,187,28,-6,4,289,6,10,77,119,49,18,24,-4,-10,11,17,13.784,0.14,6.784000000000001,7
46,1.54,0.46,196,70,19,9,7,25,-9,-2,98,35,49,21,12,-7,2,14,5,8.85,0.54,1.8499999999999996,7
47,1.07,0.93,9,42,17,-11,2,196,11,13,3,14,1,4,15,-2,-13,3,14,15.78,0.07,14.78,1
48,1.64,0.36,225,240,31,-1,5,256,1,6,150,160,100,25,26,-5,-6,15,16,11.608,0.64,1.6080000000000005,10
49,1.31,0.69,361,342,37,1,3,324,-1,2,304,288,256,35,34,-3,-2,19,18,19.37,0.31,3.370000000000001,16
50,1.06,0.94,196,210,29,-1,0,225,1,1,196,210,196,28,29,0,-1,14,15,30.504,0.06,16.504,14
51,1.6,0.4,169,156,25,1,12,144,-1,11,13,12,1,14,13,-12,-11,13,12,2.628,0.6,1.6280000000000001,1
52,1.38,0.62,361,0,19,19,9,0,-19,-10,190,0,100,29,10,-9,10,19,0,12.702,0.38,2.702,10
53,1.09,0.91,4,26,15,-11,-7,169,11,4,18,117,81,11,22,7,-4,2,13,19.902,0.09,10.902000000000001,9
54,1.11,0.89,289,17,18,16,9,1,-16,-7,136,8,64,25,9,-9,7,17,1,17.086,0.11,9.085999999999999,8
55,1.21,0.79,400,280,34,6,12,196,-6,6,160,112,64,28,22,-12,-6,20,14,12.632,0.21,4.632,8
56,1.68,0.32,64,32,12,4,-5,16,-4,-9,104,52,169,21,17,5,9,8,4,14.434,0.68,1.4339999999999993,13
57,1.35,0.65,169,0,13,13,10,0,-13,-3,39,0,9,16,3,-10,3,13,0,5.912,0.35,2.912,3
58,1.63,0.37,9,60,23,-17,-4,400,17,13,21,140,49,10,27,4,-13,3,20,8.562,0.63,1.5619999999999994,7
59,1.49,0.51,144,156,25,-1,-2,169,1,-1,168,182,196,26,27,2,1,12,13,16.044,0.49,2.0440000000000005,14
60,1.49,0.51,196,140,24,4,13,100,-4,9,14,10,1,15,11,-13,-9,14,10,2.972,0.49,1.972,1
61,1.66,0.34,100,70,17,3,-5,49,-3,-8,150,105,225,25,22,5,8,10,7,16.488,0.66,1.4879999999999995,15
62,1.36,0.64,4,2,3,1,-14,1,-1,-15,32,16,256,18,17,14,15,2,1,18.704,0.36,2.7040000000000006,16
63,1.17,0.83,225,15,16,14,13,1,-14,-1,30,2,4,17,3,-13,1,15,1,7.798,0.17,5.798,2
64,1.5,0.5,16,44,15,-7,-11,121,7,-4,60,165,225,19,26,11,4,4,11,16.948,0.5,1.9480000000000004,15
65,1.8,0.2,324,306,35,1,3,289,-1,2,270,255,225,33,32,-3,-2,18,17,16.218,0.8,1.218,15
66,1.27,0.73,361,380,39,-1,18,400,1,19,19,20,1,20,21,-18,-19,19,20,4.782,0.27,3.782,1
67,1.2,0.8,196,28,16,12,14,4,-12,2,0,0,0,14,2,-14,-2,14,2,4.906,0.2,4.906,0
68,1.41,0.59,16,76,23,-15,0,361,15,15,16,76,16,8,23,0,-15,4,19,6.292,0.41,2.292,4
69,1.12,0.88,49,56,15,-1,2,64,1,3,35,40,25,12,13,-2,-3,7,8,12.808,0.12,7.808,5
70,1.31,0.69,100,60,16,4,-4,36,-4,-8,140,84,196,24,20,4,8,10,6,16.982,0.31,2.9819999999999993,14
71,1.44,0.56,16,68,21,-13,0,289,13,13,16,68,16,8,21,0,-13,4,17,6.126,0.44,2.1260000000000003,4
72,1.7,0.3,400,60,23,17,17,9,-17,0,60,9,9,23,6,-17,0,20,3,4.378,0.7,1.3780000000000001,3
73,1.63,0.37,36,84,20,-8,-5,196,8,3,66,154,121,17,25,5,-3,6,14,12.634,0.63,1.6340000000000003,11
74,1.53,0.47,25,80,21,-11,-4,256,11,7,45,144,81,14,25,4,-7,5,16,10.894,0.53,1.8940000000000001,9
75,1.57,0.43,121,154,25,-3,7,196,3,10,44,56,16,15,18,-7,-10,11,14,5.702,0.57,1.702,4
76,1.65,0.35,36,90,21,-9,-6,225,9,3,72,180,144,18,27,6,-3,6,15,13.466,0.65,1.4659999999999993,12
77,1.7,0.3,289,102,23,11,-1,36,-11,-12,306,108,324,35,24,1,12,17,6,19.448,0.7,1.4480000000000004,18
78,1.83,0.17,81,9,10,8,6,1,-8,-2,27,3,9,12,4,-6,2,9,1,4.166,0.83,1.1660000000000004,3
79,1.85,0.15,64,48,14,2,2,36,-2,0,48,36,36,14,12,-2,0,8,6,7.21,0.85,1.21,6
80,1.6,0.4,169,195,28,-2,10,225,2,12,39,45,9,16,18,-10,-12,13,15,4.612,0.6,1.612,3
81,1.05,0.95,169,0,13,13,6,0,-13,-7,91,0,49,20,7,-6,7,13,0,27.354,0.05,20.354,7
82,1.93,0.07,400,360,38,2,6,324,-2,4,280,252,196,34,32,-6,-4,20,18,15.08,0.93,1.08,14
83,1.33,0.67,144,108,21,3,-7,81,-3,-10,228,171,361,31,28,7,10,12,9,21.956,0.33,2.9559999999999995,19
84,1.41,0.59,196,224,30,-2,14,256,2,16,0,0,0,14,16,-14,-16,14,16,2.384,0.41,2.384,0
85,1.77,0.23,36,120,26,-14,-14,400,14,0,120,400,400,26,40,14,0,6,20,21.254,0.77,1.2540000000000013,20
86,1.19,0.81,49,0,7,7,7,0,-7,0,0,0,0,7,0,-7,0,7,0,5.522,0.19,5.522,0
87,1.65,0.35,49,28,11,3,-13,16,-3,-16,140,80,400,27,24,13,16,7,4,21.592,0.65,1.5919999999999987,20
88,1.28,0.72,16,12,7,1,-14,9,-1,-15,72,54,324,22,21,14,15,4,3,21.478,0.28,3.4780000000000015,18
89,1.42,0.58,64,136,25,-9,6,289,9,15,16,34,4,10,19,-6,-15,8,17,4.406,0.42,2.4059999999999997,2
90,1.55,0.45,400,100,25,15,15,25,-15,0,100,25,25,25,10,-15,0,20,5,6.838,0.55,1.838,5
91,1.9,0.1,361,304,35,3,10,256,-3,7,171,144,81,28,25,-10,-7,19,16,10.098,0.9,1.0980000000000008,9
92,1.3,0.7,225,195,28,2,-3,169,-2,-5,270,234,324,33,31,3,5,15,13,21.384,0.3,3.3840000000000003,18
93,1.43,0.57,324,342,37,-1,14,361,1,15,72,76,16,22,23,-14,-15,18,19,6.404,0.43,2.404,4
94,1.15,0.85,64,104,21,-5,2,169,5,7,48,78,36,14,19,-2,-7,8,13,13.194,0.15,7.194000000000001,6
95,1.55,0.45,144,228,31,-7,12,361,7,19,0,0,0,12,19,-12,-19,12,19,1.798,0.55,1.798,0
96,1.06,0.94,81,18,11,7,3,4,-7,-4,54,12,36,15,8,-3,4,9,2,22.874,0.06,16.874,6
97,1.08,0.92,400,240,32,8,1,144,-8,-7,380,228,361,39,31,-1,7,20,12,31.746,0.08,12.745999999999999,19
98,1.27,0.73,64,32,12,4,-1,16,-4,-5,72,36,81,17,13,1,5,8,4,12.634,0.27,3.6340000000000003,9
99,1.86,0.14,25,70,19,-9,1,196,9,10,20,56,16,9,18,-1,-10,5,14,5.138,0.86,1.138,4
100,1.56,0.44,256,304,35,-3,12,361,3,15,64,76,16,20,23,-12,-15,16,19,5.778,0.56,1.7779999999999996,4
101,1.55,0.45,400,80,24,16,0,16,-16,-16,400,80,400,40,24,0,16,20,4,21.808,0.55,1.8079999999999998,20
102,1.1,0.9,256,64,20,12,4,16,-12,-8,192,48,144,28,16,-4,8,16,4,21.29,0.1,9.29,12
103,1.67,0.33,81,108,21,-3,-6,144,3,-3,135,180,225,24,27,6,3,9,12,16.484,0.67,1.4840000000000018,15
104,1.14,0.86,225,285,34,-4,1,361,4,5,210,266,196,29,33,-1,-5,15,19,21.088,0.14,7.088000000000001,14
105,1.58,0.42,361,171,28,10,6,81,-10,-4,247,117,169,32,22,-6,4,19,9,14.748,0.58,1.7479999999999993,13
106,1.91,0.09,400,140,27,13,15,49,-13,2,100,35,25,25,12,-15,-2,20,7,6.092,0.91,1.0919999999999996,5
107,1.19,0.81,36,72,18,-6,2,144,6,8,24,48,16,10,16,-2,-8,6,12,9.632,0.19,5.632,4
108,1.27,0.73,100,100,20,0,-1,100,0,-1,110,110,121,21,21,1,1,10,10,14.4,0.27,3.4000000000000004,11
109,1.25,0.75,1,19,20,-18,0,361,18,18,1,19,1,2,20,0,-18,1,19,5.108,0.25,4.108,1
110,1.65,0.35,289,238,31,3,0,196,-3,-3,289,238,289,34,31,0,3,17,14,18.506,0.65,1.5060000000000002,17
111,1.38,0.62,121,33,14,8,-3,9,-8,-11,154,42,196,25,17,3,11,11,3,16.548,0.38,2.5479999999999983,14
112,1.34,0.66,49,42,13,1,-5,36,-1,-6,84,72,144,19,18,5,6,7,6,14.886,0.34,2.8859999999999992,12
113,1.44,0.56,16,24,10,-2,-16,36,2,-14,80,120,400,24,26,16,14,4,6,22.284,0.44,2.283999999999999,20
114,1.64,0.36,4,0,2,2,-9,0,-2,-11,22,0,121,13,11,9,11,2,0,12.594,0.64,1.5939999999999994,11
115,1.16,0.84,81,162,27,-9,9,324,9,18,0,0,0,9,18,-9,-18,9,18,5.82,0.16,5.82,0
116,1.17,0.83,361,171,28,10,0,81,-10,-10,361,171,361,38,28,0,10,19,9,24.992,0.17,5.992000000000001,19
117,1.37,0.63,16,68,21,-13,3,289,13,16,4,17,1,5,18,-3,-16,4,17,3.688,0.37,2.688,1
118,1.41,0.59,81,99,20,-2,7,121,2,9,18,22,4,11,13,-7,-9,9,11,4.388,0.41,2.388,2
119,1.65,0.35,9,12,7,-1,-2,16,1,-1,15,20,25,8,9,2,1,3,4,6.538,0.65,1.5380000000000003,5
120,1.26,0.74,169,234,31,-5,6,324,5,11,91,126,49,20,25,-6,-11,13,18,10.914,0.26,3.9139999999999997,7
121,1.21,0.79,196,280,34,-6,1,400,6,7,182,260,169,27,33,-1,-7,14,20,17.704,0.21,4.704000000000001,13
122,1.45,0.55,400,80,24,16,17,16,-16,1,60,12,9,23,7,-17,-1,20,4,5.208,0.45,2.208,3
123,1.21,0.79,4,8,6,-2,-7,16,2,-5,18,36,81,11,13,7,5,2,4,13.782,0.21,4.782,9
124,1.94,0.06,49,7,8,6,-13,1,-6,-19,140,20,400,27,21,13,19,7,1,21.058,0.94,1.0579999999999998,20
125,1.25,0.75,1,5,6,-4,-9,25,4,-5,10,50,100,11,15,9,5,1,5,13.936,0.25,3.936,10
126,1.35,0.65,121,44,15,7,-8,16,-7,-15,209,76,361,30,23,8,15,11,4,21.808,0.35,2.808,19
127,1.81,0.19,64,40,13,3,0,25,-3,-3,64,40,64,16,13,0,3,8,5,9.234,0.81,1.234,8
128,1.4,0.6,4,30,17,-13,-1,225,13,12,6,45,9,5,18,1,-12,2,15,5.444,0.4,2.444,3
129,1.47,0.53,64,96,20,-4,-9,144,4,-5,136,204,289,25,29,9,5,8,12,19.138,0.47,2.1380000000000017,17
130,1.65,0.35,225,75,20,10,8,25,-10,-2,105,35,49,22,12,-8,2,15,5,8.524,0.65,1.5239999999999991,7
131,1.82,0.18,196,98,21,7,-1,49,-7,-8,210,105,225,29,22,1,8,14,7,16.248,0.82,1.248000000000001,15
132,1.84,0.16,169,0,13,13,11,0,-13,-2,26,0,4,15,2,-11,2,13,0,3.234,0.84,1.234,2
133,1.39,0.61,256,144,25,7,-1,81,-7,-8,272,153,289,33,26,1,8,16,9,19.596,0.39,2.596,17
134,1.79,0.21,256,128,24,8,15,64,-8,7,16,8,1,17,9,-15,-7,16,8,2.248,0.79,1.2480000000000002,1
135,1.55,0.45,16,64,20,-12,-8,256,12,4,48,192,144,16,28,8,-4,4,16,13.876,0.55,1.8759999999999994,12
136,1.09,0.91,225,165,26,4,13,121,-4,9,30,22,4,17,13,-13,-9,15,11,12.918,0.09,10.918,2
137,1.17,0.83,49,98,21,-7,7,196,7,14,0,0,0,7,14,-7,-14,7,14,5.94,0.17,5.94,0
138,1.94,0.06,169,260,33,-7,1,400,7,8,156,240,144,25,32,-1,-8,13,20,13.066,0.94,1.0660000000000007,12
139,1.62,0.38,9,33,14,-8,-1,121,8,7,12,44,16,7,15,1,-7,3,11,5.564,0.62,1.564,4
140,1.25,0.75,361,76,23,15,15,16,-15,0,76,16,16,23,8,-15,0,19,4,8.052,0.25,4.052,4
141,1.07,0.93,100,40,14,6,2,16,-6,-4,80,32,64,18,12,-2,4,10,4,22.03,0.07,14.030000000000001,8
142,1.09,0.91,36,42,13,-1,0,49,1,1,36,42,36,12,13,0,-1,6,7,17.662,0.09,11.661999999999999,6
143,1.47,0.53,256,128,24,8,11,64,-8,3,80,40,25,21,13,-11,-3,16,8,7.032,0.47,2.032,5
144,1.68,0.32,81,135,24,-6,-1,225,6,5,90,150,100,19,25,1,-5,9,15,11.442,0.68,1.4420000000000002,10
145,1.6,0.4,196,210,29,-1,-1,225,1,0,210,225,225,29,30,1,0,14,15,16.69,0.6,1.6900000000000013,15
146,1.61,0.39,81,54,15,3,5,36,-3,2,36,24,16,13,10,-5,-2,9,6,5.6,0.61,1.5999999999999996,4
147,1.67,0.33,169,52,17,9,4,16,-9,-5,117,36,81,22,13,-4,5,13,4,10.5,0.67,1.5,9
148,1.67,0.33,324,90,23,13,11,25,-13,-2,126,35,49,25,12,-11,2,18,5,8.566,0.67,1.5660000000000007,7
149,1.39,0.61,1,12,13,-11,-7,144,11,4,8,96,64,9,20,7,-4,1,12,10.58,0.39,2.58,8
150,1.77,0.23,81,153,26,-8,4,289,8,12,45,85,25,14,22,-4,-12,9,17,6.318,0.77,1.3179999999999996,5
151,1.19,0.81,121,110,21,1,5,100,-1,4,66,60,36,17,16,-5,-4,11,10,11.108,0.19,5.1080000000000005,6
152,1.67,0.33,144,48,16,8,10,16,-8,2,24,8,4,14,6,-10,-2,12,4,3.45,0.67,1.4500000000000002,2
153,1.2,0.8,16,36,13,-5,-11,81,5,-6,60,135,225,19,24,11,6,4,9,19.996,0.2,4.995999999999999,15
154,1.57,0.43,9,0,3,3,-13,0,-3,-16,48,0,256,19,16,13,16,3,0,17.728,0.57,1.7280000000000015,16
155,1.48,0.52,49,7,8,6,6,1,-6,0,7,1,1,8,2,-6,0,7,1,3.094,0.48,2.094,1
156,1.61,0.39,36,60,16,-4,3,100,4,7,18,30,9,9,13,-3,-7,6,10,4.6,0.61,1.5999999999999996,3
157,1.08,0.92,4,2,3,1,-8,1,-1,-9,20,10,100,12,11,8,9,2,1,22.092,0.08,12.091999999999999,10
158,1.51,0.49,289,323,36,-2,7,361,2,9,170,190,100,27,29,-7,-9,17,19,12.098,0.51,2.0980000000000008,10
159,1.12,0.88,64,64,16,0,-2,64,0,-2,80,80,100,18,18,2,2,8,8,18.52,0.12,8.52,10
160,1.36,0.64,361,304,35,3,9,256,-3,6,190,160,100,29,26,-9,-6,19,16,12.784,0.36,2.7840000000000007,10
161,1.91,0.09,324,54,21,15,5,9,-15,-10,234,39,169,31,16,-5,10,18,3,14.09,0.91,1.0899999999999999,13
162,1.74,0.26,169,91,20,6,-3,49,-6,-9,208,112,256,29,23,3,9,13,7,17.354,0.74,1.3539999999999992,16
163,1.31,0.69,225,195,28,2,9,169,-2,7,90,78,36,21,19,-9,-7,15,13,9.404,0.31,3.404,6
164,1.32,0.68,361,19,20,18,6,1,-18,-12,247,13,169,32,14,-6,12,19,1,16.278,0.32,3.2779999999999987,13
165,1.4,0.6,289,221,30,4,17,169,-4,13,0,0,0,17,13,-17,-13,17,13,2.456,0.4,2.456,0
166,1.36,0.64,1,0,1,1,-7,0,-1,-8,8,0,64,9,8,7,8,1,0,10.668,0.36,2.6679999999999993,8
167,1.45,0.55,196,0,14,14,9,0,-14,-5,70,0,25,19,5,-9,5,14,0,7.218,0.45,2.218,5
168,1.29,0.71,25,90,23,-13,-3,324,13,10,40,144,64,13,26,3,-10,5,18,11.554,0.29,3.5540000000000003,8
169,1.28,0.72,64,120,23,-7,3,225,7,10,40,75,25,13,20,-3,-10,8,15,8.474,0.28,3.474,5
170,1.19,0.81,36,48,14,-2,-7,64,2,-5,78,104,169,19,21,7,5,6,8,18.6,0.19,5.600000000000001,13
171,1.4,0.6,400,320,36,4,20,256,-4,16,0,0,0,20,16,-20,-16,20,16,2.398,0.4,2.398,0
172,1.24,0.76,25,60,17,-7,0,144,7,7,25,60,25,10,17,0,-7,5,12,8.848,0.24,3.8480000000000008,5
173,1.16,0.84,361,152,27,11,9,64,-11,-2,190,80,100,29,18,-9,2,19,8,16.014,0.16,6.013999999999999,10
174,1.53,0.47,400,400,40,0,5,400,0,5,300,300,225,35,35,-5,-5,20,20,16.914,0.53,1.9140000000000015,15
175,1.55,0.45,361,0,19,19,0,0,-19,-19,361,0,361,38,19,0,19,19,0,20.882,0.55,1.8820000000000014,19
176,1.87,0.13,16,52,17,-9,-3,169,9,6,28,91,49,11,20,3,-6,4,13,8.144,0.87,1.1440000000000001,7
177,1.84,0.16,225,255,32,-2,-1,289,2,1,240,272,256,31,33,1,-1,15,17,17.184,0.84,1.184000000000001,16
178,1.31,0.69,9,57,22,-16,-7,361,16,9,30,190,100,13,29,7,-9,3,19,13.212,0.31,3.2119999999999997,10
179,1.76,0.24,100,190,29,-9,8,361,9,17,20,38,4,12,21,-8,-17,10,19,3.318,0.76,1.318,2
180,1.92,0.08,289,119,24,10,9,49,-10,-1,136,56,64,25,15,-9,1,17,7,9.078,0.92,1.0779999999999994,8
181,1.42,0.58,324,252,32,4,3,196,-4,-1,270,210,225,33,29,-3,1,18,14,17.414,0.42,2.4140000000000015,15
182,1.24,0.76,169,247,32,-6,-6,361,6,0,247,361,361,32,38,6,0,13,19,23.022,0.24,4.0219999999999985,19
183,1.21,0.79,9,51,20,-14,-17,289,14,-3,60,340,400,23,37,17,3,3,17,25.01,0.21,5.010000000000002,20
184,1.74,0.26,144,168,26,-2,4,196,2,6,96,112,64,20,22,-4,-6,12,14,9.4,0.74,1.4000000000000004,8
185,1.65,0.35,289,17,18,16,13,1,-16,-3,68,4,16,21,5,-13,3,17,1,5.572,0.65,1.572,4
186,1.06,0.94,324,198,29,7,4,121,-7,-3,252,154,196,32,25,-4,3,18,11,30.646,0.06,16.646,14
187,1.67,0.33,36,84,20,-8,0,196,8,8,36,84,36,12,20,0,-8,6,14,7.532,0.67,1.532,6
188,1.15,0.85,225,120,23,7,15,64,-7,8,0,0,0,15,8,-15,-8,15,8,6.304,0.15,6.304,0
189,1.25,0.75,49,98,21,-7,2,196,7,9,35,70,25,12,19,-2,-9,7,14,8.766,0.25,3.766,5
190,1.23,0.77,121,88,19,3,5,64,-3,2,66,48,36,17,14,-5,-2,11,8,10.31,0.23,4.3100000000000005,6
191,1.14,0.86,1,2,3,-1,-11,4,1,-10,12,24,144,13,14,11,10,1,2,18.81,0.14,6.809999999999999,12
192,1.48,0.52,9,57,22,-16,3,361,16,19,0,0,0,3,19,-3,-19,3,19,2.114,0.48,2.114,0
193,1.93,0.07,9,24,11,-5,-13,64,5,-8,48,128,256,19,24,13,8,3,8,17.096,0.93,1.096,16
194,1.75,0.25,1,14,15,-13,-4,196,13,9,5,70,25,6,19,4,-9,1,14,6.35,0.75,1.3499999999999996,5
195,1.84,0.16,9,3,4,2,-13,1,-2,-15,48,16,256,19,17,13,15,3,1,17.182,0.84,1.1819999999999986,16
196,1.54,0.46,169,208,29,-3,-5,256,3,-2,234,288,324,31,34,5,2,13,16,19.828,0.54,1.8279999999999994,18
197,1.94,0.06,400,380,39,1,14,361,-1,13,120,114,36,26,25,-14,-13,20,19,7.062,0.94,1.0620000000000003,6
198,1.77,0.23,324,18,19,17,9,1,-17,-8,162,9,81,27,10,-9,8,18,1,10.274,0.77,1.2739999999999991,9
199,1.53,0.47,324,180,28,8,5,100,-8,-3,234,130,169,31,23,-5,3,18,10,14.862,0.53,1.862,13
200,1.51,0.49,1,6,7,-5,-14,36,5,-9,15,90,225,16,21,14,9,1,6,16.854,0.51,1.8539999999999992,15
201,1.12,0.88,289,136,25,9,12,64,-9,3,85,40,25,22,13,-12,-3,17,8,12.976,0.12,7.976000000000001,5
202,1.91,0.09,1,12,13,-11,-2,144,11,9,3,36,9,4,15,2,-9,1,12,4.122,0.91,1.1219999999999999,3
203,1.85,0.15,121,220,31,-9,-9,400,9,0,220,400,400,31,40,9,0,11,20,21.214,0.85,1.2139999999999986,20
204,1.31,0.69,196,182,27,1,0,169,-1,-1,196,182,196,28,27,0,1,14,13,17.314,0.31,3.314,14
205,1.28,0.72,4,30,17,-13,1,225,13,14,2,15,1,3,16,-1,-14,2,15,4.522,0.28,3.5220000000000002,1
206,1.2,0.8,324,18,19,17,17,1,-17,0,18,1,1,19,2,-17,0,18,1,6.134,0.2,5.134,1
207,1.74,0.26,25,50,15,-5,2,100,5,7,15,30,9,8,13,-2,-7,5,10,4.384,0.74,1.3840000000000003,3
208,1.75,0.25,81,90,19,-1,-2,100,1,-1,99,110,121,20,21,2,1,9,10,12.37,0.75,1.3699999999999992,11
209,1.3,0.7,324,360,38,-2,17,400,2,19,18,20,1,19,21,-17,-19,18,20,4.4,0.3,3.4000000000000004,1
210,1.31,0.69,100,130,23,-3,-1,169,3,2,110,143,121,21,24,1,-2,10,13,14.338,0.31,3.337999999999999,11
211,1.31,0.69,16,56,18,-10,-2,196,10,8,24,84,36,10,20,2,-8,4,14,9.254,0.31,3.2539999999999996,6
212,1.63,0.37,4,12,8,-4,-15,36,4,-11,34,102,289,19,23,15,11,2,6,18.666,0.63,1.6660000000000004,17
213,1.85,0.15,81,108,21,-3,2,144,3,5,63,84,49,16,19,-2,-5,9,12,8.178,0.85,1.1780000000000008,7
214,1.58,0.42,1,2,3,-1,-5,4,1,-4,6,12,36,7,8,5,4,1,2,7.786,0.58,1.7859999999999996,6
215,1.19,0.81,121,143,24,-2,-1,169,2,1,132,156,144,23,25,1,-1,11,13,17.564,0.19,5.564,12
216,1.95,0.05,169,52,17,9,12,16,-9,3,13,4,1,14,5,-12,-3,13,4,2.056,0.95,1.056,1
217,1.42,0.58,196,154,25,3,-6,121,-3,-9,280,220,400,34,31,6,9,14,11,22.442,0.42,2.442,20
218,1.6,0.4,361,38,21,17,2,4,-17,-15,323,34,289,36,19,-2,15,19,2,18.558,0.6,1.5579999999999998,17
219,1.67,0.33,81,117,22,-4,4,169,4,8,45,65,25,14,18,-4,-8,9,13,6.496,0.67,1.4960000000000004,5
220,1.06,0.94,196,238,31,-3,-1,289,3,2,210,255,225,29,32,1,-2,14,17,31.548,0.06,16.548,15
221,1.15,0.85,169,208,29,-3,8,256,3,11,65,80,25,18,21,-8,-11,13,16,11.744,0.15,6.744,5
222,1.87,0.13,169,208,29,-3,2,256,3,5,143,176,121,24,27,-2,-5,13,16,12.178,0.87,1.1780000000000008,11
223,1.31,0.69,400,60,23,17,18,9,-17,1,40,6,4,22,5,-18,-1,20,3,5.038,0.31,3.0380000000000003,2
224,1.7,0.3,1,0,1,1,-19,0,-1,-20,20,0,400,21,20,19,20,1,0,21.436,0.7,1.436,20
225,1.64,0.36,289,68,21,13,2,16,-13,-11,255,60,225,32,19,-2,11,17,4,16.55,0.64,1.5500000000000007,15
226,1.95,0.05,16,40,14,-6,1,100,6,7,12,30,9,7,13,-1,-7,4,10,4.05,0.95,1.0499999999999998,3
227,1.43,0.57,16,76,23,-15,-6,361,15,9,40,190,100,14,29,6,-9,4,19,12.268,0.43,2.2680000000000007,10
228,1.15,0.85,225,195,28,2,10,169,-2,8,75,65,25,20,18,-10,-8,15,13,11.748,0.15,6.747999999999999,5
229,1.87,0.13,225,105,22,8,15,49,-8,7,0,0,0,15,7,-15,-7,15,7,1.142,0.87,1.142,0
230,1.5,0.5,4,36,20,-16,-9,324,16,7,22,198,121,13,29,9,-7,2,18,12.954,0.5,1.9540000000000006,11
231,1.41,0.59,121,0,11,11,2,0,-11,-9,99,0,81,20,9,-2,9,11,0,11.348,0.41,2.3480000000000008,9
232,1.73,0.27,225,195,28,2,2,169,-2,0,195,169,169,28,26,-2,0,15,13,14.364,0.73,1.3640000000000008,13
233,1.27,0.73,25,95,24,-14,3,361,14,17,10,38,4,7,21,-3,-17,5,19,6.058,0.27,4.058,2
234,1.9,0.1,144,204,29,-5,-1,289,5,4,156,221,169,25,30,1,-4,12,17,14.088,0.9,1.0879999999999992,13
235,1.27,0.73,16,32,12,-4,-9,64,4,-5,52,104,169,17,21,9,5,4,8,16.838,0.27,3.838000000000001,13
236,1.5,0.5,81,162,27,-9,-1,324,9,8,90,180,100,19,28,1,-8,9,18,11.938,0.5,1.9380000000000006,10
237,1.87,0.13,256,16,17,15,3,1,-15,-12,208,13,169,29,14,-3,12,16,1,14.156,0.87,1.1560000000000006,13
238,1.17,0.83,256,304,35,-3,10,361,3,13,96,114,36,22,25,-10,-13,16,19,11.94,0.17,5.9399999999999995,6
239,1.15,0.85,9,30,13,-7,-8,100,7,-1,33,110,121,14,21,8,1,3,10,17.678,0.15,6.678000000000001,11
240,1.47,0.53,169,65,18,8,9,25,-8,1,52,20,16,17,9,-9,-1,13,5,6.066,0.47,2.066,4
241,1.64,0.36,225,210,29,1,6,196,-1,5,135,126,81,24,23,-6,-5,15,14,10.57,0.64,1.5700000000000003,9
242,1.77,0.23,169,208,29,-3,9,256,3,12,52,64,16,17,20,-9,-12,13,16,5.318,0.77,1.3179999999999996,4
243,1.13,0.87,196,0,14,14,4,0,-14,-10,140,0,100,24,10,-4,10,14,0,17.228,0.13,7.2280000000000015,10
244,1.57,0.43,225,30,17,13,5,4,-13,-8,150,20,100,25,12,-5,8,15,2,11.814,0.57,1.814,10
245,1.41,0.59,100,140,24,-4,-6,196,4,-2,160,224,256,26,30,6,2,10,14,18.502,0.41,2.501999999999999,16
246,1.33,0.67,49,56,15,-1,2,64,1,3,35,40,25,12,13,-2,-3,7,8,8.27,0.33,3.2699999999999996,5
247,1.59,0.41,4,38,21,-17,-18,361,17,-1,40,380,400,22,39,18,1,2,19,21.626,0.59,1.6260000000000012,20
248,1.74,0.26,9,57,22,-16,2,361,16,18,3,19,1,4,20,-2,-18,3,19,2.452,0.74,1.452,1
249,1.48,0.52,324,90,23,13,18,25,-13,5,0,0,0,18,5,-18,-5,18,5,2.14,0.48,2.14,0
250,1.67,0.33,81,9,10,8,-8,1,-8,-16,153,17,289,26,18,8,16,9,1,18.498,0.67,1.498000000000001,17
251,1.12,0.88,4,6,5,-1,-11,9,1,-10,26,39,169,15,16,11,10,2,3,21.644,0.12,8.643999999999998,13
252,1.18,0.82,4,34,19,-15,-12,289,15,3,28,238,196,16,31,12,-3,2,17,19.33,0.18,5.329999999999998,14
253,1.43,0.57,225,270,33,-3,8,324,3,11,105,126,49,22,25,-8,-11,15,18,9.298,0.43,2.298,7
254,1.13,0.87,64,64,16,0,-12,64,0,-12,160,160,400,28,28,12,12,8,8,27.752,0.13,7.751999999999999,20
255,1.54,0.46,196,98,21,7,7,49,-7,0,98,49,49,21,14,-7,0,14,7,8.844,0.54,1.8439999999999994,7
256,1.32,0.68,1,19,20,-18,-19,361,18,-1,20,380,400,21,39,19,1,1,19,23.096,0.32,3.096,20
257,1.79,0.21,361,57,22,16,3,9,-16,-13,304,48,256,35,19,-3,13,19,3,17.258,0.79,1.2579999999999991,16
258,1.73,0.27,36,12,8,4,6,4,-4,2,0,0,0,6,2,-6,-2,6,2,1.418,0.73,1.418,0
259,1.94,0.06,324,126,25,11,3,49,-11,-8,270,105,225,33,22,-3,8,18,7,16.042,0.94,1.0420000000000016,15
260,1.53,0.47,1,12,13,-11,-3,144,11,8,4,48,16,5,16,3,-8,1,12,5.948,0.53,1.9480000000000004,4
261,1.75,0.25,4,14,9,-5,2,49,5,7,0,0,0,2,7,-2,-7,2,7,1.404,0.75,1.404,0
262,1.54,0.46,36,30,11,1,1,25,-1,0,30,25,25,11,10,-1,0,6,5,6.922,0.54,1.9219999999999997,5
263,1.71,0.29,1,10,11,-9,-9,100,9,0,10,100,100,11,20,9,0,1,10,11.452,0.71,1.452,10
264,1.75,0.25,1,0,1,1,-16,0,-1,-17,17,0,289,18,17,16,17,1,0,18.33,0.75,1.3299999999999983,17
265,1.42,0.58,1,13,14,-12,-4,169,12,8,5,65,25,6,18,4,-8,1,13,7.526,0.42,2.526,5
266,1.53,0.47,9,27,12,-6,-8,81,6,-2,33,99,121,14,20,8,2,3,9,12.946,0.53,1.9459999999999997,11
267,1.92,0.08,121,110,21,1,6,100,-1,5,55,50,25,16,15,-6,-5,11,10,6.086,0.92,1.0860000000000003,5
268,1.83,0.17,169,234,31,-5,9,324,5,14,52,72,16,17,22,-9,-14,13,18,5.188,0.83,1.1879999999999997,4
269,1.52,0.48,225,15,16,14,10,1,-14,-4,75,5,25,20,6,-10,4,15,1,6.922,0.52,1.9219999999999997,5
270,1.39,0.61,64,120,23,-7,2,225,7,9,48,90,36,14,21,-2,-9,8,15,8.592,0.39,2.5920000000000005,6
271,1.64,0.36,64,104,21,-5,-12,169,5,-7,160,260,400,28,33,12,7,8,13,21.546,0.64,1.5459999999999994,20
272,1.93,0.07,9,45,18,-12,-12,225,12,0,45,225,225,18,30,12,0,3,15,16.064,0.93,1.064,15
273,1.42,0.58,400,0,20,20,5,0,-20,-15,300,0,225,35,15,-5,15,20,0,17.38,0.42,2.379999999999999,15
274,1.65,0.35,36,78,19,-7,0,169,7,7,36,78,36,12,19,0,-7,6,13,7.516,0.65,1.516,6
275,1.68,0.32,64,144,26,-10,-11,324,10,-1,152,342,361,27,37,11,1,8,18,20.428,0.68,1.4280000000000008,19
276,1.51,0.49,289,85,22,12,5,25,-12,-7,204,60,144,29,17,-5,7,17,5,14.006,0.51,2.0060000000000002,12
277,1.67,0.33,4,2,3,1,-1,1,-1,-2,6,3,9,5,4,1,2,2,1,4.452,0.67,1.452,3
278,1.36,0.64,64,64,16,0,-3,64,0,-3,88,88,121,19,19,3,3,8,8,13.698,0.36,2.6980000000000004,11
279,1.16,0.84,81,27,12,6,8,9,-6,2,9,3,1,10,4,-8,-2,9,3,7.136,0.16,6.136,1
280,1.26,0.74,49,84,19,-5,6,144,5,11,7,12,1,8,13,-6,-11,7,12,5.078,0.26,4.078,1
281,1.69,0.31,225,285,34,-4,-1,361,4,3,240,304,256,31,35,1,-3,15,19,17.48,0.69,1.4800000000000004,16
282,1.21,0.79,324,90,23,13,3,25,-13,-10,270,75,225,33,20,-3,10,18,5,20.01,0.21,5.010000000000002,15
283,1.95,0.05,4,16,10,-6,-16,64,6,-10,36,144,324,20,26,16,10,2,8,19.068,0.95,1.0680000000000014,18
284,1.95,0.05,4,40,22,-18,-14,400,18,4,32,320,256,18,36,14,-4,2,20,17.046,0.95,1.0459999999999994,16
285,1.18,0.82,100,120,22,-2,10,144,2,12,0,0,0,10,12,-10,-12,10,12,5.238,0.18,5.238,0
286,1.28,0.72,9,18,9,-3,3,36,3,6,0,0,0,3,6,-3,-6,3,6,3.59,0.28,3.59,0
287,1.55,0.45,289,0,17,17,11,0,-17,-6,102,0,36,23,6,-11,6,17,0,7.794,0.55,1.7939999999999996,6
288,1.25,0.75,144,180,27,-3,-2,225,3,1,168,210,196,26,29,2,-1,12,15,17.898,0.25,3.8979999999999997,14
289,1.15,0.85,169,65,18,8,13,25,-8,5,0,0,0,13,5,-13,-5,13,5,7.072,0.15,7.072,0
290,1.31,0.69,36,96,22,-10,-1,256,10,9,42,112,49,13,23,1,-9,6,16,10.344,0.31,3.3439999999999994,7
291,1.25,0.75,36,102,23,-11,-7,289,11,4,78,221,169,19,30,7,-4,6,17,16.704,0.25,3.7040000000000006,13
292,1.33,0.67,121,165,26,-4,5,225,4,9,66,90,36,17,21,-5,-9,11,15,8.916,0.33,2.9160000000000004,6
293,1.34,0.66,169,13,14,12,-6,1,-12,-18,247,19,361,32,20,6,18,13,1,22.1,0.34,3.1000000000000014,19
294,1.36,0.64,196,84,20,8,9,36,-8,1,70,30,25,19,11,-9,-1,14,6,7.678,0.36,2.678,5
295,1.78,0.22,9,36,15,-9,-14,144,9,-5,51,204,289,20,29,14,5,3,12,18.264,0.78,1.2639999999999993,17
296,1.52,0.48,324,0,18,18,5,0,-18,-13,234,0,169,31,13,-5,13,18,0,14.946,0.52,1.9459999999999997,13
297,1.6,0.4,121,198,29,-7,7,324,7,14,44,72,16,15,22,-7,-14,11,18,5.728,0.6,1.7279999999999998,4
298,1.31,0.69,16,68,21,-13,4,289,13,17,0,0,0,4,17,-4,-17,4,17,3.082,0.31,3.082,0
299,1.63,0.37,36,72,18,-6,3,144,6,9,18,36,9,9,15,-3,-9,6,12,4.562,0.63,1.5620000000000003,3
300,1.34,0.66,400,240,32,8,13,144,-8,5,140,84,49,27,19,-13,-5,20,12,10.002,0.34,3.0020000000000007,7
301,1.2,0.8,289,17,18,16,-3,1,-16,-19,340,20,400,37,21,3,19,17,1,25.298,0.2,5.297999999999998,20
302,1.38,0.62,100,200,30,-10,5,400,10,15,50,100,25,15,25,-5,-15,10,20,7.766,0.38,2.766,5
303,1.54,0.46,361,266,33,5,4,196,-5,-1,285,210,225,34,29,-4,1,19,14,16.918,0.54,1.9179999999999993,15
304,1.35,0.65,36,78,19,-7,2,169,7,9,24,52,16,10,17,-2,-9,6,13,6.814,0.35,2.814,4
305,1.29,0.71,121,11,12,10,5,1,-10,-5,66,6,36,17,7,-5,5,11,1,9.592,0.29,3.5920000000000005,6
306,1.95,0.05,400,0,20,20,1,0,-20,-19,380,0,361,39,19,-1,19,20,0,20.054,0.95,1.0539999999999985,19
307,1.81,0.19,289,238,31,3,14,196,-3,11,51,42,9,20,17,-14,-11,17,14,4.232,0.81,1.2320000000000002,3
308,1.12,0.88,225,195,28,2,5,169,-2,3,150,130,100,25,23,-5,-3,15,13,17.748,0.12,7.748000000000001,10
309,1.08,0.92,100,110,21,-1,9,121,1,10,10,11,1,11,12,-9,-10,10,11,12.748,0.08,11.748,1
310,1.77,0.23,256,176,27,5,9,121,-5,4,112,77,49,23,18,-9,-4,16,11,8.284,0.77,1.2840000000000007,7
311,1.26,0.74,4,4,4,0,-3,4,0,-3,10,10,25,7,7,3,3,2,2,8.646,0.26,3.646000000000001,5
312,1.82,0.18,361,95,24,14,12,25,-14,-2,133,35,49,26,12,-12,2,19,5,8.252,0.82,1.2520000000000007,7
313,1.26,0.74,81,63,16,2,-11,49,-2,-13,180,140,400,29,27,11,13,9,7,24.008,0.26,4.007999999999999,20
314,1.69,0.31,16,60,19,-11,-3,225,11,8,28,105,49,11,22,3,-8,4,15,8.406,0.69,1.4060000000000006,7
315,1.58,0.42,36,18,9,3,0,9,-3,-3,36,18,36,12,9,0,3,6,3,7.66,0.58,1.6600000000000001,6
316,1.55,0.45,144,60,17,7,6,25,-7,-1,72,30,36,18,11,-6,1,12,5,7.89,0.55,1.8899999999999997,6
317,1.54,0.46,64,48,14,2,-5,36,-2,-7,104,78,169,21,19,5,7,8,6,14.816,0.54,1.8160000000000007,13
318,1.65,0.35,1,15,16,-14,-10,225,14,4,11,165,121,12,26,10,-4,1,15,12.49,0.65,1.4900000000000002,11
319,1.22,0.78,4,32,18,-14,-3,256,14,11,10,80,25,7,21,3,-11,2,16,9.28,0.22,4.279999999999999,5
320,1.35,0.65,256,240,31,1,15,225,-1,14,16,15,1,17,16,-15,-14,16,15,3.944,0.35,2.944,1
321,1.83,0.17,361,0,19,19,19,0,-19,0,0,0,0,19,0,-19,0,19,0,1.208,0.83,1.208,0
322,1.59,0.41,25,55,16,-6,-2,121,6,4,35,77,49,12,18,2,-4,5,11,8.674,0.59,1.6739999999999995,7
323,1.36,0.64,81,36,13,5,7,16,-5,2,18,8,4,11,6,-7,-2,9,4,4.602,0.36,2.6020000000000003,2
324,1.93,0.07,225,45,18,12,-5,9,-12,-17,300,60,400,35,23,5,17,15,3,21.05,0.93,1.0500000000000007,20
325,1.6,0.4,100,50,15,5,6,25,-5,1,40,20,16,14,9,-6,-1,10,5,5.72,0.6,1.7199999999999998,4
326,1.74,0.26,324,90,23,13,10,25,-13,-3,144,40,64,26,13,-10,3,18,5,9.324,0.74,1.3239999999999998,8
327,1.48,0.52,225,195,28,2,15,169,-2,13,0,0,0,15,13,-15,-13,15,13,2.116,0.48,2.116,0
328,1.42,0.58,196,112,22,6,13,64,-6,7,14,8,1,15,9,-13,-7,14,8,3.326,0.42,2.326,1
329,1.91,0.09,225,285,34,-4,5,361,4,9,150,190,100,25,29,-5,-9,15,19,11.078,0.91,1.0779999999999994,10
330,1.13,0.87,400,0,20,20,12,0,-20,-8,160,0,64,28,8,-12,8,20,0,16.13,0.13,8.129999999999999,8
331,1.75,0.25,1,16,17,-15,-9,256,15,6,10,160,100,11,26,9,-6,1,16,11.366,0.75,1.3659999999999997,10
332,1.13,0.87,196,0,14,14,4,0,-14,-10,140,0,100,24,10,-4,10,14,0,17.95,0.13,7.949999999999999,10
333,1.59,0.41,16,68,21,-13,-13,289,13,0,68,289,289,21,34,13,0,4,17,18.684,0.59,1.684000000000001,17
334,1.31,0.69,1,7,8,-6,-3,49,6,3,4,28,16,5,11,3,-3,1,7,7.22,0.31,3.2199999999999998,4
335,1.26,0.74,400,320,36,4,18,256,-4,14,40,32,4,22,18,-18,-14,20,16,5.89,0.26,3.8899999999999997,2
336,1.91,0.09,36,66,17,-5,-6,121,5,-1,72,132,144,18,23,6,1,6,11,13.106,0.91,1.1059999999999999,12
337,1.68,0.32,144,72,18,6,-5,36,-6,-11,204,102,289,29,23,5,11,12,6,18.464,0.68,1.4639999999999986,17
338,1.13,0.87,1,12,13,-11,-3,144,11,8,4,48,16,5,16,3,-8,1,12,11.856,0.13,7.856,4
339,1.2,0.8,100,40,14,6,-10,16,-6,-16,200,80,400,30,24,10,16,10,4,24.764,0.2,4.763999999999999,20
340,1.68,0.32,289,187,28,6,3,121,-6,-3,238,154,196,31,25,-3,3,17,11,15.462,0.68,1.4619999999999997,14
341,1.81,0.19,289,340,37,-3,13,400,3,16,68,80,16,21,24,-13,-16,17,20,5.222,0.81,1.2220000000000004,4
342,1.16,0.84,196,266,33,-5,-3,361,5,2,238,323,289,31,36,3,-2,14,19,23.216,0.16,6.216000000000001,17
343,1.9,0.1,81,162,27,-9,-4,324,9,5,117,234,169,22,31,4,-5,9,18,14.108,0.9,1.1080000000000005,13
344,1.53,0.47,25,75,20,-10,-11,225,10,-1,80,240,256,21,31,11,1,5,15,17.974,0.53,1.9740000000000002,16
345,1.26,0.74,225,180,27,3,10,144,-3,7,75,60,25,20,17,-10,-7,15,12,8.848,0.26,3.8480000000000008,5
346,1.38,0.62,324,72,22,14,5,16,-14,-9,234,52,169,31,17,-5,9,18,4,15.558,0.38,2.558,13
347,1.48,0.52,256,256,32,0,10,256,0,10,96,96,36,22,22,-10,-10,16,16,8.12,0.48,2.119999999999999,6
348,1.56,0.44,16,36,13,-5,0,81,5,5,16,36,16,8,13,0,-5,4,9,5.818,0.56,1.8179999999999996,4
349,1.77,0.23,36,114,25,-13,-14,361,13,-1,120,380,400,26,39,14,1,6,19,21.322,0.77,1.3219999999999992,20
350,1.72,0.28,4,4,4,0,-15,4,0,-15,34,34,289,19,19,15,15,2,2,18.346,0.72,1.346,17
351,1.56,0.44,289,153,26,8,-3,81,-8,-11,340,180,400,37,29,3,11,17,9,21.716,0.56,1.716000000000001,20
352,1.82,0.18,1,17,18,-16,-2,289,16,14,3,51,9,4,20,2,-14,1,17,4.218,0.82,1.218,3
353,1.06,0.94,400,400,40,0,1,400,0,1,380,380,361,39,39,-1,-1,20,20,35.848,0.06,16.848,19
354,1.32,0.68,361,38,21,17,10,4,-17,-7,171,18,81,28,11,-10,7,19,2,11.916,0.32,2.9160000000000004,9
355,1.78,0.22,25,5,6,4,-14,1,-4,-18,95,19,361,24,20,14,18,5,1,20.29,0.78,1.2899999999999991,19
356,1.59,0.41,49,119,24,-10,2,289,10,12,35,85,25,12,22,-2,-12,7,17,6.696,0.59,1.6959999999999997,5
357,1.92,0.08,1,18,19,-17,-4,324,17,13,5,90,25,6,23,4,-13,1,18,6.084,0.92,1.0839999999999996,5
358,1.38,0.62,256,320,36,-4,8,400,4,12,128,160,64,24,28,-8,-12,16,20,10.564,0.38,2.564,8
359,1.74,0.26,225,90,21,9,-5,36,-9,-14,300,120,400,35,26,5,14,15,6,21.362,0.74,1.3619999999999983,20
360,1.65,0.35,16,68,21,-13,-16,289,13,-3,80,340,400,24,37,16,3,4,17,21.54,0.65,1.5399999999999991,20
361,1.41,0.59,16,12,7,1,0,9,-1,-1,16,12,16,8,7,0,1,4,3,6.48,0.41,2.4800000000000004,4
362,1.36,0.64,256,64,20,12,14,16,-12,2,32,8,4,18,6,-14,-2,16,4,4.84,0.36,2.84,2
363,1.45,0.55,256,160,26,6,13,100,-6,7,48,30,9,19,13,-13,-7,16,10,5.164,0.45,2.1639999999999997,3
364,1.84,0.16,9,54,21,-15,-5,324,15,10,24,144,64,11,26,5,-10,3,18,9.21,0.84,1.2100000000000009,8
365,1.75,0.25,196,210,29,-1,-5,225,1,-4,266,285,361,33,34,5,4,14,15,20.388,0.75,1.3880000000000017,19
366,1.39,0.61,16,60,19,-11,4,225,11,15,0,0,0,4,15,-4,-15,4,15,2.616,0.39,2.616,0
367,1.47,0.53,256,32,18,14,8,4,-14,-6,128,16,64,24,10,-8,6,16,2,10.154,0.47,2.154,8
368,1.75,0.25,400,80,24,16,4,16,-16,-12,320,64,256,36,20,-4,12,20,4,17.294,0.75,1.2940000000000005,16
369,1.65,0.35,36,54,15,-3,1,81,3,4,30,45,25,11,14,-1,-4,6,9,6.576,0.65,1.5759999999999996,5
370,1.94,0.06,1,9,10,-8,-7,81,8,1,8,72,64,9,17,7,-1,1,9,9.07,0.94,1.0700000000000003,8
371,1.6,0.4,64,136,25,-9,-6,289,9,3,112,238,196,22,31,6,-3,8,17,15.568,0.6,1.5679999999999996,14
372,1.48,0.52,64,120,23,-7,-1,225,7,6,72,135,81,17,24,1,-6,8,15,10.966,0.48,1.9659999999999993,9
373,1.17,0.83,81,9,10,8,-8,1,-8,-16,153,17,289,26,18,8,16,9,1,22.578,0.17,5.577999999999999,17
374,1.07,0.93,256,48,19,13,8,9,-13,-5,128,24,64,24,11,-8,5,16,3,21.144,0.07,13.143999999999998,8
375,1.6,0.4,49,21,10,4,-5,9,-4,-9,84,36,144,19,15,5,9,7,3,13.748,0.6,1.7479999999999993,12
376,1.15,0.85,361,0,19,19,2,0,-19,-17,323,0,289,36,17,-2,17,19,0,23.656,0.15,6.655999999999999,17
377,1.59,0.41,169,169,26,0,9,169,0,9,52,52,16,17,17,-9,-9,13,13,5.772,0.59,1.7720000000000002,4
378,1.94,0.06,49,49,14,0,-10,49,0,-10,119,119,289,24,24,10,10,7,7,18.048,0.94,1.0479999999999983,17
379,1.17,0.83,100,120,22,-2,6,144,2,8,40,48,16,14,16,-6,-8,10,12,9.894,0.17,5.894,4
380,1.18,0.82,64,16,10,6,-4,4,-6,-10,96,24,144,20,14,4,10,8,2,17.444,0.18,5.443999999999999,12
381,1.73,0.27,256,112,23,9,5,49,-9,-4,176,77,121,27,18,-5,4,16,7,12.304,0.73,1.3040000000000003,11
382,1.22,0.78,169,208,29,-3,-5,256,3,-2,234,288,324,31,34,5,2,13,16,22.79,0.22,4.789999999999999,18
383,1.42,0.58,196,154,25,3,6,121,-3,3,112,88,64,22,19,-6,-3,14,11,10.53,0.42,2.5299999999999994,8
384,1.36,0.64,400,80,24,16,0,16,-16,-16,400,80,400,40,24,0,16,20,4,22.748,0.36,2.748000000000001,20
385,1.62,0.38,4,22,13,-9,-10,121,9,-1,24,132,144,14,23,10,1,2,11,13.662,0.62,1.6620000000000008,12
386,1.6,0.4,169,91,20,6,-4,49,-6,-10,221,119,289,30,24,4,10,13,7,18.754,0.6,1.7540000000000013,17
387,1.07,0.93,16,60,19,-11,4,225,11,15,0,0,0,4,15,-4,-15,4,15,14.596,0.07,14.596,0
388,1.77,0.23,81,135,24,-6,-7,225,6,-1,144,240,256,25,31,7,1,9,15,17.296,0.77,1.2959999999999994,16
389,1.32,0.68,36,60,16,-4,-2,100,4,2,48,80,64,14,18,2,-2,6,10,11.026,0.32,3.026,8
390,1.07,0.93,81,63,16,2,4,49,-2,2,45,35,25,14,12,-4,-2,9,7,19.26,0.07,14.260000000000002,5
391,1.24,0.76,4,2,3,1,-2,1,-1,-3,8,4,16,6,5,2,3,2,1,8.334,0.24,4.334,4
392,1.42,0.58,9,57,22,-16,-6,361,16,10,27,171,81,12,28,6,-10,3,19,11.318,0.42,2.3179999999999996,9
393,1.28,0.72,121,66,17,5,2,36,-5,-3,99,54,81,20,15,-2,3,11,6,12.526,0.28,3.526,9
394,1.56,0.44,361,114,25,13,15,36,-13,2,76,24,16,23,10,-15,-2,19,6,5.832,0.56,1.8319999999999999,4
395,1.08,0.92,169,91,20,6,5,49,-6,-1,104,56,64,21,15,-5,1,13,7,20.744,0.08,12.744,8
396,1.38,0.62,16,44,15,-7,-11,121,7,-4,60,165,225,19,26,11,4,4,11,17.588,0.38,2.588000000000001,15
397,1.88,0.12,64,64,16,0,4,64,0,4,32,32,16,12,12,-4,-4,8,8,5.13,0.88,1.13,4
398,1.45,0.55,9,51,20,-14,-5,289,14,9,24,136,64,11,25,5,-9,3,17,10.158,0.45,2.1579999999999995,8
399,1.56,0.44,256,128,24,8,15,64,-8,7,16,8,1,17,9,-15,-7,16,8,2.744,0.56,1.7440000000000002,1
400,1.91,0.09,36,78,19,-7,-12,169,7,-5,108,234,324,24,31,12,5,6,13,19.098,0.91,1.097999999999999,18
401,1.16,0.84,1,9,10,-8,-13,81,8,-5,14,126,196,15,23,13,5,1,9,20.134,0.16,6.134,14
402,1.48,0.52,1,12,13,-11,-13,144,11,-2,14,168,196,15,26,13,2,1,12,16.118,0.48,2.1179999999999986,14
403,1.85,0.15,100,200,30,-10,10,400,10,20,0,0,0,10,20,-10,-20,10,20,1.168,0.85,1.168,0
404,1.31,0.69,25,45,14,-4,-10,81,4,-6,75,135,225,20,24,10,6,5,9,18.148,0.31,3.1479999999999997,15
405,1.39,0.61,196,266,33,-5,13,361,5,18,14,19,1,15,20,-13,-18,14,19,3.55,0.39,2.55,1
406,1.35,0.65,361,171,28,10,7,81,-10,-3,228,108,144,31,21,-7,3,19,9,14.842,0.35,2.8420000000000005,12
407,1.09,0.91,16,44,15,-7,-5,121,7,2,36,99,81,13,20,5,-2,4,11,20.062,0.09,11.062000000000001,9
408,1.5,0.5,49,7,8,6,4,1,-6,-2,21,3,9,10,4,-4,2,7,1,5.068,0.5,2.0679999999999996,3
409,1.78,0.22,196,196,28,0,8,196,0,8,84,84,36,20,20,-8,-8,14,14,7.314,0.78,1.314,6
410,1.61,0.39,169,208,29,-3,6,256,3,9,91,112,49,20,23,-6,-9,13,16,8.602,0.61,1.6020000000000003,7
411,1.78,0.22,400,400,40,0,10,400,0,10,200,200,100,30,30,-10,-10,20,20,11.324,0.78,1.3239999999999998,10
412,1.86,0.14,361,0,19,19,5,0,-19,-14,266,0,196,33,14,-5,14,19,0,15.15,0.86,1.1500000000000004,14
413,1.14,0.86,289,136,25,9,11,64,-9,2,102,48,36,23,14,-11,-2,17,8,13.406,0.14,7.406000000000001,6
414,1.13,0.87,289,153,26,8,11,81,-8,3,102,54,36,23,15,-11,-3,17,9,13.69,0.13,7.6899999999999995,6
415,1.67,0.33,196,70,19,9,4,25,-9,-5,140,50,100,24,15,-4,5,14,5,11.47,0.67,1.4700000000000006,10
416,1.48,0.52,81,171,28,-10,-8,361,10,2,153,323,289,26,36,8,-2,9,19,19.09,0.48,2.09,17
417,1.26,0.74,9,54,21,-15,3,324,15,18,0,0,0,3,18,-3,-18,3,18,3.818,0.26,3.818,0
418,1.24,0.76,1,7,8,-6,-16,49,6,-10,17,119,289,18,24,16,10,1,7,21.588,0.24,4.588000000000001,17
419,1.43,0.57,36,6,7,5,1,1,-5,-4,30,5,25,11,6,-1,4,6,1,7.338,0.43,2.338,5
420,1.91,0.09,324,180,28,8,5,100,-8,-3,234,130,169,31,23,-5,3,18,10,14.076,0.91,1.0760000000000005,13
421,1.51,0.49,289,187,28,6,1,121,-6,-5,272,176,256,33,27,-1,5,17,11,17.914,0.51,1.9140000000000015,16
422,1.3,0.7,4,2,3,1,-8,1,-1,-9,20,10,100,12,11,8,9,2,1,13.312,0.3,3.3119999999999994,10
423,1.47,0.53,49,105,22,-8,-13,225,8,-5,140,300,400,27,35,13,5,7,15,22.126,0.47,2.1260000000000012,20
424,1.73,0.27,25,55,16,-6,0,121,6,6,25,55,25,10,16,0,-6,5,11,6.322,0.73,1.322,5
425,1.58,0.42,289,34,19,15,7,4,-15,-8,170,20,100,27,12,-7,8,17,2,11.748,0.58,1.7479999999999993,10
426,1.55,0.45,4,22,13,-9,1,121,9,10,2,11,1,3,12,-1,-10,2,11,2.726,0.55,1.726,1
427,1.32,0.68,49,133,26,-12,-3,361,12,9,70,190,100,17,29,3,-9,7,19,13.146,0.32,3.146000000000001,10
428,1.22,0.78,144,36,15,9,-5,9,-9,-14,204,51,289,29,20,5,14,12,3,21.658,0.22,4.658000000000001,17
429,1.59,0.41,16,4,5,3,-16,1,-3,-19,80,20,400,24,21,16,19,4,1,21.694,0.59,1.693999999999999,20
430,1.28,0.72,16,0,4,4,0,0,-4,-4,16,0,16,8,4,0,4,4,0,7.848,0.28,3.848,4
431,1.38,0.62,9,3,4,2,-3,1,-2,-5,18,6,36,9,7,3,5,3,1,8.738,0.38,2.7379999999999995,6
432,1.13,0.87,361,0,19,19,1,0,-19,-18,342,0,324,37,18,-1,18,19,0,25.364,0.13,7.364000000000001,18
433,1.47,0.53,121,11,12,10,-9,1,-10,-19,220,20,400,31,21,9,19,11,1,22.106,0.47,2.1060000000000016,20
434,1.05,0.95,9,18,9,-3,-17,36,3,-14,60,120,400,23,26,17,14,3,6,39.766,0.05,19.766,20
435,1.28,0.72,4,4,4,0,-6,4,0,-6,16,16,64,10,10,6,6,2,2,11.378,0.28,3.378,8
436,1.84,0.16,16,44,15,-7,3,121,7,10,4,11,1,5,12,-3,-10,4,11,2.204,0.84,1.2040000000000002,1
437,1.95,0.05,16,24,10,-2,-4,36,2,-2,32,48,64,12,14,4,2,4,6,9.04,0.95,1.0399999999999991,8
438,1.06,0.94,169,221,30,-4,-5,289,4,-1,234,306,324,31,35,5,1,13,17,35.054,0.06,17.054000000000002,18
439,1.84,0.16,225,60,19,11,5,16,-11,-6,150,40,100,25,14,-5,6,15,4,11.2,0.84,1.1999999999999993,10
440,1.85,0.15,4,8,6,-2,-9,16,2,-7,22,44,121,13,15,9,7,2,4,12.172,0.85,1.1720000000000006,11
441,1.14,0.86,4,8,6,-2,-11,16,2,-9,26,52,169,15,17,11,9,2,4,20.246,0.14,7.245999999999999,13
442,1.64,0.36,1,1,2,0,-18,1,0,-18,19,19,361,20,20,18,18,1,1,20.482,0.64,1.4819999999999993,19
443,1.34,0.66,25,20,9,1,-1,16,-1,-2,30,24,36,11,10,1,2,5,4,8.806,0.34,2.805999999999999,6
444,1.26,0.74,100,150,25,-5,-10,225,5,-5,200,300,400,30,35,10,5,10,15,23.636,0.26,3.6359999999999992,20
445,1.06,0.94,4,32,18,-14,-1,256,14,13,6,48,9,5,19,1,-13,2,16,19.366,0.06,16.366,3
446,1.91,0.09,400,340,37,3,10,289,-3,7,200,170,100,30,27,-10,-7,20,17,11.098,0.91,1.0980000000000008,10
447,1.5,0.5,256,304,35,-3,9,361,3,12,112,133,49,23,26,-9,-12,16,19,8.978,0.5,1.9779999999999998,7
448,1.05,0.95,225,255,32,-2,15,289,2,17,0,0,0,15,17,-15,-17,15,17,19.352,0.05,19.352,0
449,1.4,0.6,400,300,35,5,2,225,-5,-3,360,270,324,38,33,-2,3,20,15,20.476,0.4,2.475999999999999,18
450,1.05,0.95,225,15,16,14,6,1,-14,-8,135,9,81,24,10,-6,8,15,1,29.67,0.05,20.67,9
451,1.1,0.9,49,14,9,5,7,4,-5,2,0,0,0,7,2,-7,-2,7,2,10.56,0.1,10.56,0
452,1.78,0.22,16,44,15,-7,-13,121,7,-6,68,187,289,21,28,13,6,4,11,18.314,0.78,1.314,17
453,1.31,0.69,121,66,17,5,-5,36,-5,-10,176,96,256,27,22,5,10,11,6,19.198,0.31,3.1980000000000004,16
454,1.37,0.63,121,154,25,-3,-6,196,3,-3,187,238,289,28,31,6,3,11,14,19.742,0.37,2.742000000000001,17
455,1.81,0.19,100,90,19,1,6,81,-1,5,40,36,16,14,13,-6,-5,10,9,5.23,0.81,1.2300000000000004,4
456,1.28,0.72,1,4,5,-3,-17,16,3,-14,18,72,324,19,22,17,14,1,4,21.886,0.28,3.8859999999999992,18
457,1.89,0.11,256,272,33,-1,9,289,1,10,112,119,49,23,24,-9,-10,16,17,8.132,0.89,1.1319999999999997,7
458,1.93,0.07,100,0,10,10,1,0,-10,-9,90,0,81,19,9,-1,9,10,0,10.076,0.93,1.0760000000000005,9
459,1.18,0.82,1,11,12,-10,-7,121,10,3,8,88,64,9,19,7,-3,1,11,13.35,0.18,5.35,8
460,1.57,0.43,121,132,23,-1,-5,144,1,-4,176,192,256,27,28,5,4,11,12,17.784,0.57,1.783999999999999,16
461,1.95,0.05,225,0,15,15,-4,0,-15,-19,285,0,361,34,19,4,19,15,0,20.052,0.95,1.0519999999999996,19
462,1.51,0.49,64,160,28,-12,4,400,12,16,32,80,16,12,24,-4,-16,8,20,5.97,0.51,1.9699999999999998,4
463,1.71,0.29,361,323,36,2,18,289,-2,16,19,17,1,20,18,-18,-16,19,17,2.432,0.71,1.432,1
464,1.74,0.26,169,52,17,9,12,16,-9,3,13,4,1,14,5,-12,-3,13,4,2.312,0.74,1.3119999999999998,1
465,1.4,0.6,361,323,36,2,-1,289,-2,-3,380,340,400,39,37,1,3,19,17,22.488,0.4,2.4879999999999995,20
466,1.44,0.56,9,42,17,-11,-11,196,11,0,42,196,196,17,28,11,0,3,14,16.286,0.44,2.2860000000000014,14
467,1.65,0.35,169,0,13,13,4,0,-13,-9,117,0,81,22,9,-4,9,13,0,10.55,0.65,1.5500000000000007,9
468,1.17,0.83,9,48,19,-13,-9,256,13,4,36,192,144,15,28,9,-4,3,16,17.746,0.17,5.745999999999999,12
469,1.29,0.71,100,170,27,-7,0,289,7,7,100,170,100,20,27,0,-7,10,17,13.594,0.29,3.5939999999999994,10
470,1.1,0.9,25,20,9,1,-12,16,-1,-13,85,68,289,22,21,12,13,5,4,26.572,0.1,9.572,17
471,1.37,0.63,256,112,23,9,9,49,-9,0,112,49,49,23,14,-9,0,16,7,9.576,0.37,2.5760000000000005,7
472,1.12,0.88,324,144,26,10,5,64,-10,-5,234,104,169,31,21,-5,5,18,8,21.65,0.12,8.649999999999999,13
473,1.94,0.06,25,65,18,-8,0,169,8,8,25,65,25,10,18,0,-8,5,13,6.058,0.94,1.0579999999999998,5
474,1.73,0.27,64,32,12,4,1,16,-4,-3,56,28,49,15,11,-1,3,8,4,8.372,0.73,1.3719999999999999,7
475,1.2,0.8,400,360,38,2,18,324,-2,16,40,36,4,22,20,-18,-16,20,18,7.026,0.2,5.026,2
476,1.14,0.86,64,24,11,5,-5,9,-5,-10,104,39,169,21,16,5,10,8,3,19.956,0.14,6.9559999999999995,13
477,1.19,0.81,400,400,40,0,0,400,0,0,400,400,400,40,40,0,0,20,20,25.212,0.19,5.212,20
478,1.74,0.26,121,165,26,-4,0,225,4,4,121,165,121,22,26,0,-4,11,15,12.378,0.74,1.3780000000000001,11
479,1.24,0.76,64,72,17,-1,6,81,1,7,16,18,4,10,11,-6,-7,8,9,6.222,0.24,4.222,2
480,1.83,0.17,196,238,31,-3,1,289,3,4,182,221,169,27,30,-1,-4,14,17,14.18,0.83,1.1799999999999997,13
481,1.75,0.25,49,112,23,-9,-4,256,9,5,77,176,121,18,27,4,-5,7,16,12.37,0.75,1.3699999999999992,11
