,(1+p),(1-p),(n*n),(n*x),(n*y),(n+x),(n+y),(n-x),(n-y),(x*x),(x*y),(x+y),(x-n),(x-y),(y*y),(y-n),(y-x),expected_post,n,p,post-init,x,y
0,1.28,0.72,361,57,209,22,30,16,8,9,33,14,-16,-8,121,-8,8,61.63,19,0.28,58.63,3,11
1,1.25,0.75,196,28,280,16,34,12,-6,4,40,22,-12,-18,400,6,18,71.44,14,0.25,69.44,2,20
2,1.5,0.5,1,18,11,19,12,-17,-10,324,198,29,17,7,121,10,-7,23.46,1,0.5,5.460000000000001,18,11
3,1.76,0.24,1,13,11,14,12,-12,-10,169,143,24,12,2,121,10,-2,21.45,1,0.76,8.45,13,11
4,1.68,0.32,289,272,323,33,36,1,-2,256,304,35,-1,-3,361,2,3,236.89,17,0.68,220.89,16,19
5,1.32,0.68,36,42,120,13,26,-1,-14,49,140,27,1,-13,400,14,13,44.36,6,0.32,37.36,7,20
6,1.24,0.76,144,48,144,16,24,8,0,16,48,16,-8,-8,144,0,8,38.92,12,0.24,34.92,4,12
7,1.15,0.85,64,160,128,28,24,-12,-8,400,320,36,12,4,256,8,-4,39.01,8,0.15,19.009999999999998,20,16
8,1.08,0.92,121,132,22,23,13,-1,9,144,24,14,1,10,4,-9,-10,13.86,11,0.08,1.8599999999999994,12,2
9,1.77,0.23,225,120,90,23,21,7,9,64,48,14,-7,2,36,-9,-2,76.09,15,0.77,68.09,8,6
10,1.46,0.54,64,0,8,8,9,8,7,0,0,1,-8,-1,1,-7,1,3.68,8,0.46,3.68,0,1
11,1.87,0.13,16,4,64,5,20,3,-12,1,16,17,-3,-15,256,12,15,56.26,4,0.87,55.26,1,16
12,1.51,0.49,324,18,270,19,33,17,3,1,15,16,-17,-14,225,-3,14,137.74,18,0.51,136.74,1,15
13,1.86,0.14,25,15,55,8,16,2,-6,9,33,14,-2,-8,121,6,8,49.71,5,0.86,46.71,3,11
14,1.24,0.76,100,30,70,13,17,7,3,9,21,10,-7,-4,49,-3,4,19.93,10,0.24,16.93,3,7
15,1.85,0.15,361,342,0,37,19,1,19,324,0,18,-1,18,0,-19,-18,18.0,19,0.85,0.0,18,0
16,1.63,0.37,144,108,60,21,17,3,7,81,45,14,-3,4,25,-7,-4,46.04,12,0.63,37.04,9,5
17,1.52,0.48,81,180,0,29,9,-11,9,400,0,20,11,20,0,-9,-20,20.0,9,0.52,0.0,20,0
18,1.61,0.39,64,80,16,18,10,-2,6,100,20,12,2,8,4,-6,-8,19.72,8,0.61,9.719999999999999,10,2
19,1.13,0.87,324,342,18,37,19,-1,17,361,19,20,1,18,1,-17,-18,21.32,18,0.13,2.3200000000000003,19,1
20,1.3,0.7,361,171,247,28,32,10,6,81,117,22,-10,-4,169,-6,4,81.77,19,0.3,72.77,9,13
21,1.67,0.33,121,55,143,16,24,6,-2,25,65,18,-6,-8,169,2,8,100.06,11,0.67,95.06,5,13
22,1.8,0.2,4,38,40,21,22,-17,-18,361,380,39,17,-1,400,18,1,50.72,2,0.8,31.72,19,20
23,1.75,0.25,169,78,78,19,19,7,7,36,36,12,-7,0,36,-7,0,64.33,13,0.75,58.33,6,6
24,1.68,0.32,49,63,21,16,10,-2,4,81,27,12,2,6,9,-4,-6,23.14,7,0.68,14.14,9,3
25,1.54,0.46,1,7,13,8,14,-6,-12,49,91,20,6,-6,169,12,6,14.02,1,0.54,7.02,7,13
26,1.62,0.38,256,208,272,29,33,3,-1,169,221,30,-3,-4,289,1,4,180.76,16,0.62,167.76,13,17
27,1.43,0.57,361,0,247,19,32,19,6,0,0,13,-19,-13,169,-6,13,107.25,19,0.43,107.25,0,13
28,1.72,0.28,1,9,3,10,4,-8,-2,81,27,12,8,6,9,2,-6,11.06,1,0.72,2.0600000000000005,9,3
29,1.8,0.2,36,36,12,12,8,0,4,36,12,8,0,4,4,-4,-4,15.72,6,0.8,9.72,6,2
30,1.34,0.66,100,20,140,12,24,8,-4,4,28,16,-8,-12,196,4,12,49.96,10,0.34,47.96,2,14
31,1.7,0.3,9,15,9,8,6,-2,0,25,15,8,2,2,9,0,-2,11.52,3,0.7,6.52,5,3
32,1.45,0.55,81,144,99,25,20,-7,-2,256,176,27,7,5,121,2,-5,60.97,9,0.45,44.97,16,11
33,1.87,0.13,400,120,220,26,31,14,9,36,66,17,-14,-5,121,-9,5,197.86,20,0.87,191.86,6,11
34,1.54,0.46,100,110,180,21,28,-1,-8,121,198,29,1,-7,324,8,7,109.28,10,0.54,98.28,11,18
35,1.14,0.86,144,192,72,28,18,-4,6,256,96,22,4,10,36,-6,-10,25.77,12,0.14,9.77,16,6
36,1.12,0.88,256,128,304,24,35,8,-3,64,152,27,-8,-11,361,3,11,43.99,16,0.12,35.99,8,19
37,1.24,0.76,324,36,360,20,38,16,-2,4,40,22,-16,-18,400,2,18,86.16,18,0.24,84.16,2,20
38,1.6,0.4,169,39,143,16,24,10,2,9,33,14,-10,-8,121,-2,8,87.74,13,0.6,84.74,3,11
39,1.68,0.32,196,210,140,29,24,-1,4,225,150,25,1,5,100,-4,-5,110.46,14,0.68,95.46,15,10
40,1.48,0.52,1,17,9,18,10,-16,-8,289,153,26,16,8,81,8,-8,21.43,1,0.48,4.43,17,9
41,1.77,0.23,9,12,9,7,6,-1,0,16,12,7,1,1,9,0,-1,10.91,3,0.77,6.91,4,3
42,1.36,0.64,4,18,40,11,22,-7,-18,81,180,29,7,-11,400,18,11,23.32,2,0.36,14.32,9,20
43,1.73,0.27,49,49,105,14,22,0,-8,49,105,22,0,-8,225,8,8,82.36,7,0.73,75.36,7,15
44,1.06,0.94,100,130,80,23,18,-3,2,169,104,21,3,5,64,-2,-5,17.67,10,0.06,4.670000000000002,13,8
45,1.12,0.88,324,270,126,33,25,3,11,225,105,22,-3,8,49,-11,-8,30.53,18,0.12,15.530000000000001,15,7
46,1.57,0.43,1,8,11,9,12,-7,-10,64,88,19,7,-3,121,10,3,14.25,1,0.57,6.25,8,11
47,1.45,0.55,400,180,220,29,31,11,9,81,99,20,-11,-2,121,-9,2,109.98,20,0.45,100.98,9,11
48,1.08,0.92,361,95,76,24,23,14,15,25,20,9,-14,1,16,-15,-1,11.49,19,0.08,6.49,5,4
49,1.2,0.8,256,224,16,30,17,2,15,196,14,15,-2,13,1,-15,-13,17.18,16,0.2,3.1799999999999997,14,1
50,1.46,0.54,225,210,135,29,24,1,6,196,126,23,-1,5,81,-6,-5,76.01,15,0.46,62.010000000000005,14,9
51,1.41,0.59,169,169,52,26,17,0,9,169,52,17,0,9,16,-9,-9,33.79,13,0.41,20.79,13,4
52,1.84,0.16,36,24,84,10,20,2,-8,16,56,18,-2,-10,196,8,10,74.17,6,0.84,70.17,4,14
53,1.76,0.24,169,195,195,28,28,-2,-2,225,225,30,2,0,225,2,0,163.44,13,0.76,148.44,15,15
54,1.75,0.25,361,19,0,20,19,18,19,1,0,1,-18,1,0,-19,-1,1.0,19,0.75,0.0,1,0
55,1.9,0.1,36,84,60,20,16,-8,-4,196,140,24,8,4,100,4,-4,68.22,6,0.9,54.22,14,10
56,1.25,0.75,256,288,192,34,28,-2,4,324,216,30,2,6,144,-4,-6,66.74,16,0.25,48.739999999999995,18,12
57,1.47,0.53,121,121,11,22,12,0,10,121,11,12,0,10,1,-10,-10,16.02,11,0.47,5.02,11,1
58,1.16,0.84,256,112,64,23,20,9,12,49,28,11,-9,3,16,-12,-3,17.05,16,0.16,10.05,7,4
59,1.06,0.94,225,165,210,26,29,4,1,121,154,25,-4,-3,196,-1,3,23.66,15,0.06,12.66,11,14
60,1.56,0.44,121,0,220,11,31,11,-9,0,0,20,-11,-20,400,9,20,123.24,11,0.56,123.24,0,20
61,1.66,0.34,121,44,132,15,23,7,-1,16,48,16,-7,-8,144,1,8,91.72,11,0.66,87.72,4,12
62,1.9,0.1,196,14,98,15,21,13,7,1,7,8,-13,-6,49,-7,6,89.31,14,0.9,88.31,1,7
63,1.94,0.06,256,96,208,22,29,10,3,36,78,19,-10,-7,169,-3,7,201.62,16,0.94,195.62,6,13
64,1.06,0.94,121,55,209,16,30,6,-8,25,95,24,-6,-14,361,8,14,18.15,11,0.06,13.149999999999999,5,19
65,1.18,0.82,25,100,90,25,23,-15,-13,400,360,38,15,2,324,13,-2,35.12,5,0.18,15.119999999999997,20,18
66,1.71,0.29,25,10,0,7,5,3,5,4,0,2,-3,2,0,-5,-2,2.0,5,0.71,0.0,2,0
67,1.44,0.56,36,120,12,26,8,-14,4,400,40,22,14,18,4,-4,-18,25.22,6,0.44,5.219999999999999,20,2
68,1.29,0.71,361,323,95,36,24,2,14,289,85,22,-2,12,25,-14,-12,44.05,19,0.29,27.049999999999997,17,5
69,1.05,0.95,49,7,126,8,25,6,-11,1,18,19,-6,-17,324,11,17,6.94,7,0.05,5.94,1,18
70,1.9,0.1,361,228,285,31,34,7,4,144,180,27,-7,-3,225,-4,3,268.86,19,0.9,256.86,12,15
71,1.89,0.11,225,90,225,21,30,9,0,36,90,21,-9,-9,225,0,9,207.69,15,0.89,201.69,6,15
72,1.19,0.81,16,72,20,22,9,-14,-1,324,90,23,14,13,25,1,-13,22.03,4,0.19,4.030000000000001,18,5
73,1.71,0.29,121,209,88,30,19,-8,3,361,152,27,8,11,64,-3,-11,81.82,11,0.71,62.81999999999999,19,8
74,1.08,0.92,36,90,48,21,14,-9,-2,225,120,23,9,7,64,2,-7,19.03,6,0.08,4.030000000000001,15,8
75,1.5,0.5,121,66,154,17,25,5,-3,36,84,20,-5,-8,196,3,8,80.84,11,0.5,74.84,6,14
76,1.46,0.54,324,126,18,25,19,11,17,49,7,8,-11,6,1,-17,-6,15.3,18,0.46,8.3,7,1
77,1.67,0.33,1,7,3,8,4,-6,-2,49,21,10,6,4,9,2,-4,8.94,1,0.67,1.9399999999999995,7,3
78,1.47,0.53,324,288,36,34,20,2,16,256,32,18,-2,14,4,-16,-14,32.72,18,0.47,16.72,16,2
79,1.76,0.24,49,140,56,27,15,-13,-1,400,160,28,13,12,64,1,-12,62.54,7,0.76,42.54,20,8
80,1.85,0.15,361,114,76,25,23,13,15,36,24,10,-13,2,16,-15,-2,70.81,19,0.85,64.81,6,4
81,1.47,0.53,49,49,98,14,21,0,-7,49,98,21,0,-7,196,7,7,53.56,7,0.47,46.56,7,14
82,1.79,0.21,196,252,28,32,16,-4,12,324,36,20,4,16,4,-12,-16,40.2,14,0.79,22.200000000000003,18,2
83,1.62,0.38,225,45,210,18,29,12,1,9,42,17,-12,-11,196,-1,11,131.86,15,0.62,128.86,3,14
84,1.1,0.9,9,45,36,18,15,-12,-9,225,180,27,12,3,144,9,-3,18.89,3,0.1,3.8900000000000006,15,12
85,1.57,0.43,25,100,75,25,20,-15,-10,400,300,35,15,5,225,10,-5,63.17,5,0.57,43.17,20,15
86,1.06,0.94,64,48,16,14,10,2,6,36,12,8,-2,4,4,-6,-4,7.06,8,0.06,1.0599999999999996,6,2
87,1.47,0.53,25,25,15,10,8,0,2,25,15,8,0,2,9,-2,-2,11.98,5,0.47,6.98,5,3
88,1.07,0.93,9,21,27,10,12,-4,-6,49,63,16,4,-2,81,6,2,9.09,3,0.07,2.09,7,9
89,1.34,0.66,121,55,198,16,29,6,-7,25,90,23,-6,-13,324,7,13,71.02,11,0.34,66.02,5,18
90,1.34,0.66,289,272,136,33,25,1,9,256,128,24,-1,8,64,-9,-8,62.7,17,0.34,46.7,16,8
91,1.36,0.64,9,54,48,21,19,-15,-13,324,288,34,15,2,256,13,-2,36.24,3,0.36,18.240000000000002,18,16
92,1.68,0.32,64,32,160,12,28,4,-12,16,80,24,-4,-16,400,12,16,113.76,8,0.68,109.76,4,20
93,1.09,0.91,16,60,48,19,16,-11,-8,225,180,27,11,3,144,8,-3,19.15,4,0.09,4.149999999999999,15,12
94,1.31,0.69,64,112,144,22,26,-6,-10,196,252,32,6,-4,324,10,4,58.24,8,0.31,44.24,14,18
95,1.88,0.12,100,70,180,17,28,3,-8,49,126,25,-3,-11,324,8,11,164.68,10,0.88,157.68,7,18
96,1.23,0.77,400,120,400,26,40,14,0,36,120,26,-14,-14,400,0,14,97.8,20,0.23,91.8,6,20
97,1.91,0.09,324,162,54,27,21,9,15,81,27,12,-9,6,9,-15,-6,58.12,18,0.91,49.12,9,3
98,1.34,0.66,100,0,120,10,22,10,-2,0,0,12,-10,-12,144,2,12,40.82,10,0.34,40.82,0,12
99,1.42,0.58,49,77,140,18,27,-4,-13,121,220,31,4,-9,400,13,9,69.6,7,0.42,58.599999999999994,11,20
100,1.31,0.69,400,80,320,24,36,16,4,16,64,20,-16,-12,256,-4,12,101.79,20,0.31,97.79,4,16
101,1.77,0.23,100,110,60,21,16,-1,4,121,66,17,1,5,36,-4,-5,57.09,10,0.77,46.09,11,6
102,1.79,0.21,49,126,63,25,16,-11,-2,324,162,27,11,9,81,2,-9,67.48,7,0.79,49.480000000000004,18,9
103,1.41,0.59,49,91,49,20,14,-6,0,169,91,20,6,6,49,0,-6,33.16,7,0.41,20.159999999999997,13,7
104,1.08,0.92,25,15,60,8,17,2,-7,9,36,15,-2,-9,144,7,9,7.63,5,0.08,4.63,3,12
105,1.52,0.48,196,196,224,28,30,0,-2,196,224,30,0,-2,256,2,2,130.77,14,0.52,116.77000000000001,14,16
106,1.51,0.49,25,50,15,15,8,-5,2,100,30,13,5,7,9,-2,-7,17.6,5,0.51,7.600000000000001,10,3
107,1.86,0.14,144,96,84,20,19,4,5,64,56,15,-4,1,49,-5,-1,79.71,12,0.86,71.71,8,7
108,1.32,0.68,225,135,15,24,16,6,14,81,9,10,-6,8,1,-14,-8,13.83,15,0.32,4.83,9,1
109,1.89,0.11,49,119,105,24,22,-10,-8,289,255,32,10,2,225,8,-2,111.44,7,0.89,94.44,17,15
110,1.26,0.74,64,24,160,11,28,5,-12,9,60,23,-5,-17,400,12,17,45.0,8,0.26,42.0,3,20
111,1.76,0.24,324,90,270,23,33,13,3,25,75,20,-13,-10,225,-3,10,210.38,18,0.76,205.38,5,15
112,1.08,0.92,361,361,247,38,32,0,6,361,247,32,0,6,169,-6,-6,39.02,19,0.08,20.020000000000003,19,13
113,1.06,0.94,225,180,285,27,34,3,-4,144,228,31,-3,-7,361,4,7,28.87,15,0.06,16.87,12,19
114,1.48,0.52,289,323,204,36,29,-2,5,361,228,31,2,7,144,-5,-7,117.16,17,0.48,98.16,19,12
115,1.24,0.76,289,34,221,19,30,15,4,4,26,15,-15,-11,169,-4,11,54.42,17,0.24,52.42,2,13
116,1.81,0.19,169,65,117,18,22,8,4,25,45,14,-8,-4,81,-4,4,99.34,13,0.81,94.34,5,9
117,1.55,0.45,400,300,20,35,21,5,19,225,15,16,-5,14,1,-19,-14,26.0,20,0.55,11.0,15,1
118,1.92,0.08,324,288,18,34,19,2,17,256,16,17,-2,15,1,-17,-15,32.52,18,0.92,16.520000000000003,16,1
119,1.61,0.39,9,15,51,8,20,-2,-14,25,85,22,2,-12,289,14,12,36.01,3,0.61,31.009999999999998,5,17
120,1.75,0.25,225,75,60,20,19,10,11,25,20,9,-10,1,16,-11,-1,50.13,15,0.75,45.13,5,4
121,1.45,0.55,196,98,28,21,16,7,12,49,14,9,-7,5,4,-12,-5,19.78,14,0.45,12.780000000000001,7,2
122,1.31,0.69,361,95,95,24,24,14,14,25,25,10,-14,0,25,-14,0,34.92,19,0.31,29.92,5,5
123,1.46,0.54,25,80,80,21,21,-11,-11,256,256,32,11,0,256,11,0,53.34,5,0.46,37.34,16,16
124,1.36,0.64,169,39,117,16,22,10,4,9,27,12,-10,-6,81,-4,6,45.73,13,0.36,42.73,3,9
125,1.55,0.45,25,85,60,22,17,-12,-7,289,204,29,12,5,144,7,-5,50.38,5,0.55,33.38,17,12
126,1.76,0.24,64,16,8,10,9,6,7,4,2,3,-6,1,1,-7,-1,8.11,8,0.76,6.109999999999999,2,1
127,1.14,0.86,324,306,198,35,29,1,7,289,187,28,-1,6,121,-7,-6,44.74,18,0.14,27.740000000000002,17,11
128,1.32,0.68,49,140,35,27,12,-13,2,400,100,25,13,15,25,-2,-15,30.97,7,0.32,10.969999999999999,20,5
129,1.55,0.45,16,40,48,14,16,-6,-8,100,120,22,6,-2,144,8,2,35.8,4,0.55,25.799999999999997,10,12
130,1.62,0.38,361,19,57,20,22,18,16,1,3,4,-18,-2,9,-16,2,35.99,19,0.62,34.99,1,3
131,1.1,0.9,49,0,119,7,24,7,-10,0,0,17,-7,-17,289,10,17,10.37,7,0.1,10.37,0,17
132,1.77,0.23,1,15,6,16,7,-14,-5,225,90,21,14,9,36,5,-9,19.66,1,0.77,4.66,15,6
133,1.23,0.77,4,24,6,14,5,-10,-1,144,36,15,10,9,9,1,-9,13.34,2,0.23,1.3399999999999999,12,3
134,1.2,0.8,121,0,143,11,24,11,-2,0,0,13,-11,-13,169,2,13,29.61,11,0.2,29.61,0,13
135,1.09,0.91,1,0,2,1,3,1,-1,0,0,2,-1,-2,4,1,2,0.18,1,0.09,0.18,0,2
136,1.5,0.5,400,100,260,25,33,15,7,25,65,18,-15,-8,169,-7,8,135.18,20,0.5,130.18,5,13
137,1.17,0.83,100,70,180,17,28,3,-8,49,126,25,-3,-11,324,8,11,37.82,10,0.17,30.82,7,18
138,1.59,0.41,100,70,200,17,30,3,-10,49,140,27,-3,-13,400,10,13,125.6,10,0.59,118.6,7,20
139,1.29,0.71,196,280,252,34,32,-6,-4,400,360,38,6,2,324,4,-2,92.18,14,0.29,72.18,20,18
140,1.2,0.8,16,76,68,23,21,-15,-13,361,323,36,15,2,289,13,-2,32.87,4,0.2,13.869999999999997,19,17
141,1.54,0.46,400,200,180,30,29,10,11,100,90,19,-10,1,81,-11,-1,106.01,20,0.54,96.01,10,9
142,1.57,0.43,36,36,102,12,23,0,-11,36,102,23,0,-11,289,11,11,65.81,6,0.57,59.81,6,17
143,1.57,0.43,225,255,60,32,19,-2,11,289,68,21,2,13,16,-11,-13,50.82,15,0.57,33.82,17,4
144,1.87,0.13,196,112,252,22,32,6,-4,64,144,26,-6,-10,324,4,10,227.17,14,0.87,219.17,8,18
145,1.57,0.43,81,108,81,21,18,-3,0,144,108,21,3,3,81,0,-3,57.4,9,0.57,45.4,12,9
146,1.64,0.36,64,0,120,8,23,8,-7,0,0,15,-8,-15,225,7,15,76.68,8,0.64,76.68,0,15
147,1.35,0.65,36,54,30,15,11,-3,1,81,45,14,3,4,25,-1,-4,19.59,6,0.35,10.59,9,5
148,1.6,0.4,256,256,96,32,22,0,10,256,96,22,0,10,36,-10,-10,73.96,16,0.6,57.959999999999994,16,6
149,1.12,0.88,16,4,4,5,5,3,3,1,1,2,-3,0,1,-3,0,1.48,4,0.12,0.48,1,1
150,1.06,0.94,4,10,0,7,2,-3,2,25,0,5,3,5,0,-2,-5,5.0,2,0.06,0.0,5,0
151,1.4,0.6,144,180,96,27,20,-3,4,225,120,23,3,7,64,-4,-7,54.09,12,0.4,39.09,15,8
152,1.94,0.06,289,68,323,21,36,13,-2,16,76,23,-13,-15,361,2,15,309.52,17,0.94,305.52,4,19
153,1.5,0.5,100,30,200,13,30,7,-10,9,60,23,-7,-17,400,10,17,101.32,10,0.5,98.32,3,20
154,1.69,0.31,289,289,119,34,24,0,10,289,119,24,0,10,49,-10,-10,99.08,17,0.69,82.08,17,7
155,1.89,0.11,1,12,20,13,21,-11,-19,144,240,32,11,-8,400,19,8,29.96,1,0.89,17.96,12,20
156,1.87,0.13,4,36,24,20,14,-16,-10,324,216,30,16,6,144,10,-6,38.93,2,0.87,20.93,18,12
157,1.48,0.52,256,128,128,24,24,8,8,64,64,16,-8,0,64,-8,0,68.8,16,0.48,60.8,8,8
158,1.86,0.14,25,65,40,18,13,-8,-3,169,104,21,8,5,64,3,-5,47.62,5,0.86,34.62,13,8
159,1.38,0.62,25,15,80,8,21,2,-11,9,48,19,-2,-13,256,11,13,32.92,5,0.38,29.92,3,16
160,1.36,0.64,361,152,342,27,37,11,1,64,144,26,-11,-10,324,-1,10,130.08,19,0.36,122.08000000000001,8,18
161,1.36,0.64,64,144,144,26,26,-10,-10,324,324,36,10,0,324,10,0,69.44,8,0.36,51.44,18,18
162,1.58,0.42,144,48,24,16,14,8,10,16,8,6,-8,2,4,-10,-2,18.04,12,0.58,14.04,4,2
163,1.27,0.73,16,52,68,17,21,-9,-13,169,221,30,9,-4,289,13,4,30.65,4,0.27,17.65,13,17
164,1.2,0.8,225,300,30,35,17,-5,13,400,40,22,5,18,4,-13,-18,25.92,15,0.2,5.920000000000002,20,2
165,1.22,0.78,256,224,320,30,36,2,-4,196,280,34,-2,-6,400,4,6,83.8,16,0.22,69.8,14,20
166,1.48,0.52,100,0,140,10,24,10,-4,0,0,14,-10,-14,196,4,14,66.56,10,0.48,66.56,0,14
167,1.95,0.05,289,119,340,24,37,10,-3,49,140,27,-10,-13,400,3,13,328.36,17,0.95,321.36,7,20
168,1.86,0.14,25,55,75,16,20,-6,-10,121,165,26,6,-4,225,10,4,75.29,5,0.86,64.29,11,15
169,1.39,0.61,25,45,100,14,25,-4,-15,81,180,29,4,-11,400,15,11,47.4,5,0.39,38.4,9,20
170,1.15,0.85,4,12,22,8,13,-4,-9,36,66,17,4,-5,121,9,5,9.15,2,0.15,3.1500000000000004,6,11
171,1.84,0.16,289,102,85,23,22,11,12,36,30,11,-11,1,25,-12,-1,77.46,17,0.84,71.46,6,5
172,1.29,0.71,9,30,6,13,5,-7,1,100,20,12,7,8,4,-1,-8,11.73,3,0.29,1.7300000000000004,10,2
173,1.36,0.64,324,252,108,32,24,4,12,196,84,20,-4,8,36,-12,-8,52.87,18,0.36,38.87,14,6
174,1.56,0.44,100,20,80,12,18,8,2,4,16,10,-8,-6,64,-2,6,46.86,10,0.56,44.86,2,8
175,1.37,0.63,361,95,247,24,32,14,6,25,65,18,-14,-8,169,-6,8,94.36,19,0.37,89.36,5,13
176,1.57,0.43,144,84,120,19,22,5,2,49,70,17,-5,-3,100,-2,3,76.1,12,0.57,69.1,7,10
177,1.79,0.21,400,260,400,33,40,7,0,169,260,33,-7,-7,400,0,7,331.04,20,0.79,318.04,13,20
178,1.48,0.52,196,126,154,23,25,5,3,81,99,20,-5,-2,121,-3,2,84.22,14,0.48,75.22,9,11
179,1.37,0.63,49,42,133,13,26,1,-12,36,114,25,-1,-13,361,12,13,54.91,7,0.37,48.91,6,19
180,1.46,0.54,289,340,323,37,36,-3,-2,400,380,39,3,1,361,2,-1,168.35,17,0.46,148.35,20,19
181,1.69,0.31,49,91,133,20,26,-6,-12,169,247,32,6,-6,361,12,6,105.8,7,0.69,92.8,13,19
182,1.91,0.09,9,12,15,7,8,-1,-2,16,20,9,1,-1,25,2,1,17.45,3,0.91,13.45,4,5
183,1.56,0.44,169,117,169,22,26,4,0,81,117,22,-4,-4,169,0,4,105.1,13,0.56,96.1,9,13
184,1.52,0.48,100,110,40,21,14,-1,6,121,44,15,1,7,16,-6,-7,31.35,10,0.52,20.35,11,4
185,1.9,0.1,256,288,64,34,20,-2,12,324,72,22,2,14,16,-12,-14,75.42,16,0.9,57.42,18,4
186,1.38,0.62,225,135,225,24,30,6,0,81,135,24,-6,-6,225,0,6,94.98,15,0.38,85.98,9,15
187,1.09,0.91,1,1,19,2,20,0,-18,1,19,20,0,-18,361,18,18,2.86,1,0.09,1.8599999999999999,1,19
188,1.32,0.68,81,180,45,29,14,-11,4,400,100,25,11,15,25,-4,-15,34.37,9,0.32,14.369999999999997,20,5
189,1.62,0.38,256,80,176,21,27,11,5,25,55,16,-11,-6,121,-5,6,115.09,16,0.62,110.09,5,11
190,1.79,0.21,144,84,228,19,31,5,-7,49,133,26,-5,-12,361,7,12,188.41,12,0.79,181.41,7,19
191,1.38,0.62,49,91,84,20,19,-6,-5,169,156,25,6,1,144,5,-1,43.55,7,0.38,30.549999999999997,13,12
192,1.38,0.62,1,19,4,20,5,-18,-3,361,76,23,18,15,16,3,-15,20.34,1,0.38,1.3399999999999999,19,4
193,1.77,0.23,289,272,221,33,30,1,4,256,208,29,-1,3,169,-4,-3,185.1,17,0.77,169.1,16,13
194,1.43,0.57,324,126,252,25,32,11,4,49,98,21,-11,-7,196,-4,7,113.26,18,0.43,106.26,7,14
195,1.52,0.48,81,117,45,22,14,-4,4,169,65,18,4,8,25,-4,-8,36.17,9,0.52,23.17,13,5
196,1.28,0.72,361,209,285,30,34,8,4,121,165,26,-8,-4,225,-4,4,92.99,19,0.28,81.99,11,15
197,1.31,0.69,289,255,51,32,20,2,14,225,45,18,-2,12,9,-14,-12,30.86,17,0.31,15.86,15,3
198,1.66,0.34,36,120,108,26,24,-14,-12,400,360,38,14,2,324,12,-2,91.71,6,0.66,71.71,20,18
199,1.49,0.51,36,54,36,15,12,-3,0,81,54,15,3,3,36,0,-3,26.86,6,0.49,17.86,9,6
200,1.18,0.82,225,90,0,21,15,9,15,36,0,6,-9,6,0,-15,-6,6.0,15,0.18,0.0,6,0
201,1.91,0.09,64,72,80,17,18,-1,-2,81,90,19,1,-1,100,2,1,81.78,8,0.91,72.78,9,10
202,1.9,0.1,1,10,0,11,1,-9,1,100,0,10,9,10,0,-1,-10,10.0,1,0.9,0.0,10,0
203,1.26,0.74,400,280,120,34,26,6,14,196,84,20,-6,8,36,-14,-8,44.97,20,0.26,30.97,14,6
204,1.66,0.34,361,380,38,39,21,-1,17,400,40,22,1,18,4,-17,-18,45.12,19,0.66,25.119999999999997,20,2
205,1.4,0.6,121,165,66,26,17,-4,5,225,90,21,4,9,36,-5,-9,40.58,11,0.4,25.58,15,6
206,1.07,0.93,400,240,0,32,20,8,20,144,0,12,-8,12,0,-20,-12,12.0,20,0.07,0.0,12,0
207,1.2,0.8,36,0,78,6,19,6,-7,0,0,13,-6,-13,169,7,13,15.73,6,0.2,15.73,0,13
208,1.21,0.79,100,150,40,25,14,-5,6,225,60,19,5,11,16,-6,-11,23.6,10,0.21,8.600000000000001,15,4
209,1.51,0.49,49,63,0,16,7,-2,7,81,0,9,2,9,0,-7,-9,9.0,7,0.51,0.0,9,0
210,1.93,0.07,121,110,55,21,16,1,6,100,50,15,-1,5,25,-6,-5,61.29,11,0.93,51.29,10,5
211,1.54,0.46,9,60,18,23,9,-17,-3,400,120,26,17,14,36,3,-14,29.42,3,0.54,9.420000000000002,20,6
212,1.83,0.17,144,180,120,27,22,-3,2,225,150,25,3,5,100,-2,-5,113.76,12,0.83,98.76,15,10
213,1.57,0.43,289,272,0,33,17,1,17,256,0,16,-1,16,0,-17,-16,16.0,17,0.57,0.0,16,0
214,1.37,0.63,361,342,19,37,20,1,18,324,18,19,-1,17,1,-18,-17,25.06,19,0.37,7.059999999999999,18,1
215,1.74,0.26,81,90,117,19,22,-1,-4,100,130,23,1,-3,169,4,3,96.68,9,0.74,86.68,10,13
216,1.9,0.1,169,247,39,32,16,-6,10,361,57,22,6,16,9,-10,-16,54.26,13,0.9,35.26,19,3
217,1.64,0.36,225,210,165,29,26,1,4,196,154,25,-1,3,121,-4,-3,119.93,15,0.64,105.93,14,11
218,1.77,0.23,400,320,280,36,34,4,6,256,224,30,-4,2,196,-6,-2,232.8,20,0.77,216.8,16,14
219,1.48,0.52,196,56,14,18,15,10,13,16,4,5,-10,3,1,-13,-3,10.74,14,0.48,6.74,4,1
220,1.09,0.91,9,42,51,17,20,-11,-14,196,238,31,11,-3,289,14,3,18.93,3,0.09,4.93,14,17
221,1.77,0.23,169,156,208,25,29,1,-3,144,192,28,-1,-4,256,3,4,170.56,13,0.77,158.56,12,16
222,1.52,0.48,49,7,126,8,25,6,-11,1,18,19,-6,-17,324,11,17,65.44,7,0.52,64.44,1,18
223,1.68,0.32,256,288,160,34,26,-2,6,324,180,28,2,8,100,-6,-8,127.42,16,0.68,109.42,18,10
224,1.65,0.35,144,12,168,13,26,11,-2,1,14,15,-11,-13,196,2,13,111.88,12,0.65,110.88,1,14
225,1.77,0.23,169,234,26,31,15,-5,11,324,36,20,5,16,4,-11,-16,38.08,13,0.77,20.08,18,2
226,1.59,0.41,400,300,220,35,31,5,9,225,165,26,-5,4,121,-9,-4,142.84,20,0.59,127.84,15,11
227,1.14,0.86,16,0,32,4,12,4,-4,0,0,8,-4,-8,64,4,8,4.61,4,0.14,4.61,0,8
228,1.06,0.94,16,28,12,11,7,-3,1,49,21,10,3,4,9,-1,-4,7.76,4,0.06,0.7599999999999998,7,3
229,1.46,0.54,16,72,60,22,19,-14,-11,324,270,33,14,3,225,11,-3,45.33,4,0.46,27.33,18,15
230,1.08,0.92,25,25,15,10,8,0,2,25,15,8,0,2,9,-2,-2,6.09,5,0.08,1.0899999999999999,5,3
231,1.05,0.95,361,95,19,24,20,14,18,25,5,6,-14,4,1,-18,-4,5.98,19,0.05,0.9800000000000004,5,1
232,1.35,0.65,400,300,80,35,24,5,16,225,60,19,-5,11,16,-16,-11,42.72,20,0.35,27.72,15,4
233,1.23,0.77,196,14,14,15,15,13,13,1,1,2,-13,0,1,-13,0,4.35,14,0.23,3.3499999999999996,1,1
234,1.53,0.47,400,120,80,26,24,14,16,36,24,10,-14,2,16,-16,-2,48.58,20,0.53,42.58,6,4
235,1.6,0.4,225,180,30,27,17,3,13,144,24,14,-3,10,4,-13,-10,30.18,15,0.6,18.18,12,2
236,1.22,0.78,289,187,68,28,21,6,13,121,44,15,-6,7,16,-13,-7,25.82,17,0.22,14.82,11,4
237,1.24,0.76,16,8,24,6,10,2,-2,4,12,8,-2,-4,36,2,4,7.92,4,0.24,5.92,2,6
238,1.11,0.89,225,135,90,24,21,6,9,81,54,15,-6,3,36,-9,-3,19.06,15,0.11,10.059999999999999,9,6
239,1.49,0.51,49,35,21,12,10,2,4,25,15,8,-2,2,9,-4,-2,15.25,7,0.49,10.25,5,3
240,1.75,0.25,25,50,70,15,19,-5,-9,100,140,24,5,-4,196,9,4,62.58,5,0.75,52.58,10,14
241,1.35,0.65,9,12,6,7,5,-1,1,16,8,6,1,2,4,-1,-2,6.05,3,0.35,2.05,4,2
242,1.82,0.18,324,126,90,25,23,11,13,49,35,12,-11,2,25,-13,-2,81.07,18,0.82,74.07,7,5
243,1.79,0.21,324,288,252,34,32,2,4,256,224,30,-2,2,196,-4,-2,215.28,18,0.79,199.28,16,14
244,1.26,0.74,196,14,42,15,17,13,11,1,3,4,-13,-2,9,-11,2,12.11,14,0.26,11.11,1,3
245,1.49,0.51,4,14,36,9,20,-5,-16,49,126,25,5,-11,324,16,11,24.93,2,0.49,17.93,7,18
246,1.56,0.44,289,170,170,27,27,7,7,100,100,20,-7,0,100,-7,0,105.06,17,0.56,95.06,10,10
247,1.37,0.63,64,56,96,15,20,1,-4,49,84,19,-1,-5,144,4,5,41.78,8,0.37,34.78,7,12
248,1.56,0.44,361,209,361,30,38,8,0,121,209,30,-8,-8,361,0,8,210.08,19,0.56,199.08,11,19
249,1.34,0.66,9,39,12,16,7,-10,-1,169,52,17,10,9,16,1,-9,17.29,3,0.34,4.289999999999999,13,4
250,1.05,0.95,4,0,0,2,2,2,2,0,0,0,-2,0,0,-2,0,0.0,2,0.05,0.0,0,0
251,1.61,0.39,36,102,102,23,23,-11,-11,289,289,34,11,0,289,11,0,79.59,6,0.61,62.59,17,17
252,1.78,0.22,169,78,104,19,21,7,5,36,48,14,-7,-2,64,-5,2,86.96,13,0.78,80.96,6,8
253,1.65,0.35,121,110,11,21,12,1,10,100,10,11,-1,9,1,-10,-9,17.16,11,0.65,7.16,10,1
254,1.85,0.15,100,200,10,30,11,-10,9,400,20,21,10,19,1,-9,-19,28.54,10,0.85,8.54,20,1
255,1.41,0.59,4,8,34,6,19,-2,-15,16,68,21,2,-13,289,15,13,17.06,2,0.41,13.059999999999999,4,17
256,1.58,0.42,256,288,176,34,27,-2,5,324,198,29,2,7,121,-5,-7,119.82,16,0.58,101.82,18,11
257,1.49,0.51,25,85,30,22,11,-12,-1,289,102,23,12,11,36,1,-11,31.8,5,0.49,14.8,17,6
258,1.81,0.19,49,91,105,20,22,-6,-8,169,195,28,6,-2,225,8,2,99.04,7,0.81,86.04,13,15
259,1.37,0.63,9,0,18,3,9,3,-3,0,0,6,-3,-6,36,3,6,7.04,3,0.37,7.04,0,6
260,1.25,0.75,25,80,100,21,25,-11,-15,256,320,36,11,-4,400,15,4,42.6,5,0.25,26.6,16,20
261,1.85,0.15,64,120,24,23,11,-7,5,225,45,18,7,12,9,-5,-12,35.63,8,0.85,20.630000000000003,15,3
262,1.1,0.9,9,57,24,22,11,-16,-5,361,152,27,16,11,64,5,-11,21.53,3,0.1,2.530000000000001,19,8
263,1.6,0.4,400,20,20,21,21,19,19,1,1,2,-19,0,1,-19,0,12.99,20,0.6,11.99,1,1
264,1.14,0.86,361,361,171,38,28,0,10,361,171,28,0,10,81,-10,-10,41.73,19,0.14,22.729999999999997,19,9
265,1.63,0.37,225,165,210,26,29,4,1,121,154,25,-4,-3,196,-1,3,142.01,15,0.63,131.01,11,14
266,1.79,0.21,16,24,32,10,12,-2,-4,36,48,14,2,-2,64,4,2,31.49,4,0.79,25.49,6,8
267,1.83,0.17,121,99,143,20,24,2,-2,81,117,22,-2,-4,169,2,4,128.99,11,0.83,119.99000000000001,9,13
268,1.24,0.76,144,36,24,15,14,9,10,9,6,5,-9,1,4,-10,-1,8.82,12,0.24,5.82,3,2
269,1.57,0.43,324,252,108,32,24,4,12,196,84,20,-4,8,36,-12,-8,75.19,18,0.57,61.19,14,6
270,1.23,0.77,324,0,180,18,28,18,8,0,0,10,-18,-10,100,-8,10,42.82,18,0.23,42.82,0,10
271,1.88,0.12,81,153,0,26,9,-8,9,289,0,17,8,17,0,-9,-17,17.0,9,0.88,0.0,17,0
272,1.52,0.48,16,16,0,8,4,0,4,16,0,4,0,4,0,-4,-4,4.0,4,0.52,0.0,4,0
273,1.56,0.44,9,24,48,11,19,-5,-13,64,128,24,5,-8,256,13,8,35.3,3,0.56,27.299999999999997,8,16
274,1.69,0.31,144,0,120,12,22,12,2,0,0,10,-12,-10,100,-2,10,82.32,12,0.69,82.32,0,10
275,1.83,0.17,169,65,195,18,28,8,-2,25,75,20,-8,-10,225,2,10,167.36,13,0.83,162.36,5,15
276,1.38,0.62,100,0,100,10,20,10,0,0,0,10,-10,-10,100,0,10,38.84,10,0.38,38.84,0,10
277,1.64,0.36,256,160,320,26,36,6,-4,100,200,30,-6,-10,400,4,10,216.48,16,0.64,206.48,10,20
278,1.33,0.67,4,14,18,9,11,-5,-7,49,63,16,5,-2,81,7,2,12.87,2,0.33,5.869999999999999,7,9
279,1.32,0.68,144,120,216,22,30,2,-6,100,180,28,-2,-8,324,6,8,80.02,12,0.32,70.02,10,18
280,1.23,0.77,4,6,34,5,19,-1,-15,9,51,20,1,-14,289,15,14,10.51,2,0.23,7.51,3,17
281,1.88,0.12,196,182,196,27,28,1,0,169,182,27,-1,-1,196,0,1,186.94,14,0.88,173.94,13,14
282,1.12,0.88,16,48,76,16,23,-8,-15,144,228,31,8,-7,361,15,7,20.47,4,0.12,8.469999999999999,12,19
283,1.72,0.28,1,3,4,4,5,-2,-3,9,12,7,2,-1,16,3,1,5.9,1,0.72,2.9000000000000004,3,4
284,1.51,0.49,400,140,260,27,33,13,7,49,91,20,-13,-6,169,-7,6,139.73,20,0.51,132.73,7,13
285,1.17,0.83,25,70,90,19,23,-9,-13,196,252,32,9,-4,324,13,4,29.44,5,0.17,15.440000000000001,14,18
286,1.05,0.95,400,200,280,30,34,10,6,100,140,24,-10,-4,196,-6,4,23.36,20,0.05,13.36,10,14
287,1.57,0.43,100,200,60,30,16,-10,4,400,120,26,10,14,36,-4,-14,53.73,10,0.57,33.73,20,6
288,1.77,0.23,400,20,240,21,32,19,8,1,12,13,-19,-11,144,-8,11,185.13,20,0.77,184.13,1,12
289,1.49,0.51,64,120,144,23,26,-7,-10,225,270,33,7,-3,324,10,3,86.06,8,0.49,71.06,15,18
290,1.45,0.55,256,192,256,28,32,4,0,144,192,28,-4,-4,256,0,4,127.97,16,0.45,115.97,12,16
291,1.53,0.47,361,342,380,37,39,1,-1,324,360,38,-1,-2,400,1,2,221.08,19,0.53,203.08,18,20
292,1.35,0.65,100,100,150,20,25,0,-5,100,150,25,0,-5,225,5,5,63.61,10,0.35,53.61,10,15
293,1.33,0.67,121,220,176,31,27,-9,-5,400,320,36,9,4,256,5,-4,79.58,11,0.33,59.58,20,16
294,1.18,0.82,144,36,96,15,20,9,4,9,24,11,-9,-5,64,-4,5,20.36,12,0.18,17.36,3,8
295,1.37,0.63,121,176,198,27,29,-5,-7,256,288,34,5,-2,324,7,2,89.62,11,0.37,73.62,16,18
296,1.68,0.32,16,52,4,17,5,-9,3,169,13,14,9,12,1,-3,-12,15.73,4,0.68,2.7300000000000004,13,1
297,1.47,0.53,256,48,288,19,34,13,-2,9,54,21,-13,-15,324,2,15,137.57,16,0.47,134.57,3,18
298,1.14,0.86,25,80,65,21,18,-11,-8,256,208,29,11,3,169,8,-3,25.78,5,0.14,9.780000000000001,16,13
299,1.33,0.67,144,228,216,31,30,-7,-6,361,342,37,7,1,324,6,-1,91.4,12,0.33,72.4,19,18
300,1.83,0.17,225,300,285,35,34,-5,-4,400,380,39,5,1,361,4,-1,257.27,15,0.83,237.26999999999998,20,19
301,1.41,0.59,25,55,55,16,16,-6,-6,121,121,22,6,0,121,6,0,34.23,5,0.41,23.229999999999997,11,11
302,1.78,0.22,225,240,255,31,32,-1,-2,256,272,33,1,-1,289,2,1,214.12,15,0.78,198.12,16,17
303,1.05,0.95,25,15,35,8,12,2,-2,9,21,10,-2,-4,49,2,4,4.67,5,0.05,1.67,3,7
304,1.32,0.68,144,120,168,22,26,2,-2,100,140,24,-2,-4,196,2,4,64.1,12,0.32,54.099999999999994,10,14
305,1.88,0.12,16,4,0,5,4,3,4,1,0,1,-3,1,0,-4,-1,1.0,4,0.88,0.0,1,0
306,1.64,0.36,169,156,234,25,31,1,-5,144,216,30,-1,-6,324,5,6,161.9,13,0.64,149.9,12,18
307,1.72,0.28,121,88,44,19,15,3,7,64,32,12,-3,4,16,-7,-4,39.72,11,0.72,31.72,8,4
308,1.19,0.81,361,171,0,28,19,10,19,81,0,9,-10,9,0,-19,-9,9.0,19,0.19,0.0,9,0
309,1.5,0.5,49,56,28,15,11,-1,3,64,32,12,1,4,16,-3,-4,22.05,7,0.5,14.05,8,4
310,1.74,0.26,16,68,20,21,9,-13,-1,289,85,22,13,12,25,1,-12,31.69,4,0.74,14.690000000000001,17,5
311,1.41,0.59,324,342,72,37,22,-1,14,361,76,23,1,15,16,-14,-15,49.02,18,0.41,30.020000000000003,19,4
312,1.34,0.66,81,45,45,14,14,4,4,25,25,10,-4,0,25,-4,0,19.97,9,0.34,14.969999999999999,5,5
313,1.13,0.87,9,15,36,8,15,-2,-9,25,60,17,2,-7,144,9,7,9.66,3,0.13,4.66,5,12
314,1.74,0.26,324,288,234,34,31,2,5,256,208,29,-2,3,169,-5,-3,188.61,18,0.74,172.61,16,13
315,1.24,0.76,64,32,160,12,28,4,-12,16,80,24,-4,-16,400,12,16,41.64,8,0.24,37.64,4,20
316,1.9,0.1,4,4,34,4,19,0,-15,4,34,19,0,-15,289,15,15,32.97,2,0.9,30.97,2,17
317,1.09,0.91,81,108,27,21,12,-3,6,144,36,15,3,9,9,-6,-9,14.53,9,0.09,2.5299999999999994,12,3
318,1.19,0.81,121,55,198,16,29,6,-7,25,90,23,-6,-13,324,7,13,42.15,11,0.19,37.15,5,18
319,1.78,0.22,361,266,190,33,29,5,9,196,140,24,-5,4,100,-9,-4,162.36,19,0.78,148.36,14,10
320,1.48,0.52,225,30,270,17,33,13,-3,4,36,20,-13,-16,324,3,16,130.92,15,0.48,128.92,2,18
321,1.08,0.92,256,256,96,32,22,0,10,256,96,22,0,10,36,-10,-10,23.04,16,0.08,7.039999999999999,16,6
322,1.11,0.89,361,380,285,39,34,-1,4,400,300,35,1,5,225,-4,-5,52.28,19,0.11,32.28,20,15
323,1.9,0.1,324,144,18,26,19,10,17,64,8,9,-10,7,1,-17,-7,24.11,18,0.9,16.11,8,1
324,1.25,0.75,361,323,38,36,21,2,17,289,34,19,-2,15,4,-17,-15,26.43,19,0.25,9.43,17,2
325,1.3,0.7,9,54,48,21,19,-15,-13,324,288,34,15,2,256,13,-2,32.69,3,0.3,14.689999999999998,18,16
326,1.84,0.16,100,170,130,27,23,-7,-3,289,221,30,7,4,169,3,-4,127.03,10,0.84,110.03,17,13
327,1.68,0.32,36,114,6,25,7,-13,5,361,19,20,13,18,1,-5,-18,22.94,6,0.68,3.9400000000000013,19,1
328,1.81,0.19,324,180,360,28,38,8,-2,100,200,30,-8,-10,400,2,10,300.84,18,0.81,290.84,10,20
329,1.79,0.21,121,33,55,14,16,8,6,9,15,8,-8,-2,25,-6,2,46.28,11,0.79,43.28,3,5
330,1.83,0.17,169,91,130,20,23,6,3,49,70,17,-6,-3,100,-3,3,114.64,13,0.83,107.64,7,10
331,1.56,0.44,9,0,48,3,19,3,-13,0,0,16,-3,-16,256,13,16,25.79,3,0.56,25.79,0,16
332,1.44,0.56,16,56,44,18,15,-10,-7,196,154,25,10,3,121,7,-3,32.74,4,0.44,18.740000000000002,14,11
333,1.65,0.35,25,95,70,24,19,-14,-9,361,266,33,14,5,196,9,-5,63.94,5,0.65,44.94,19,14
334,1.29,0.71,121,22,110,13,21,9,1,4,20,12,-9,-8,100,-1,8,32.98,11,0.29,30.979999999999997,2,10
335,1.52,0.48,196,126,56,23,18,5,10,81,36,13,-5,5,16,-10,-5,38.05,14,0.52,29.049999999999997,9,4
336,1.15,0.85,9,21,27,10,12,-4,-6,49,63,16,4,-2,81,6,2,11.14,3,0.15,4.140000000000001,7,9
337,1.86,0.14,121,33,66,14,17,8,5,9,18,9,-8,-3,36,-5,3,60.13,11,0.86,57.13,3,6
338,1.05,0.95,4,18,14,11,9,-7,-5,81,63,16,7,2,49,5,-2,9.7,2,0.05,0.6999999999999993,9,7
339,1.87,0.13,25,80,75,21,20,-11,-10,256,240,31,11,1,225,10,-1,81.7,5,0.87,65.7,16,15
340,1.68,0.32,256,176,256,27,32,5,0,121,176,27,-5,-5,256,0,5,183.42,16,0.68,172.42,11,16
341,1.4,0.6,36,48,60,14,16,-2,-4,64,80,18,2,-2,100,4,2,30.98,6,0.4,22.98,8,10
342,1.41,0.59,225,45,210,18,29,12,1,9,42,17,-12,-11,196,-1,11,87.5,15,0.41,84.5,3,14
343,1.44,0.56,16,32,48,12,16,-4,-8,64,96,20,4,-4,144,8,4,29.77,4,0.44,21.77,8,12
344,1.61,0.39,225,75,225,20,30,10,0,25,75,20,-10,-10,225,0,10,142.25,15,0.61,137.25,5,15
345,1.22,0.78,9,33,18,14,9,-8,-3,121,66,17,8,5,36,3,-5,15.37,3,0.22,4.369999999999999,11,6
346,1.07,0.93,289,0,170,17,27,17,7,0,0,10,-17,-10,100,-7,10,11.62,17,0.07,11.62,0,10
347,1.69,0.31,25,15,65,8,18,2,-8,9,39,16,-2,-10,169,8,10,47.64,5,0.69,44.64,3,13
348,1.4,0.6,324,252,288,32,34,4,2,196,224,30,-4,-2,256,-2,2,130.96,18,0.4,116.96000000000001,14,16
349,1.37,0.63,25,25,45,10,14,0,-4,25,45,14,0,-4,81,4,4,21.43,5,0.37,16.43,5,9
350,1.74,0.26,169,208,182,29,27,-3,-1,256,224,30,3,2,196,1,-2,149.98,13,0.74,133.98,16,14
351,1.21,0.79,169,117,143,22,24,4,2,81,99,20,-4,-2,121,-2,2,38.92,13,0.21,29.92,9,11
352,1.26,0.74,169,260,91,33,20,-7,6,400,140,27,7,13,49,-6,-13,43.91,13,0.26,23.909999999999997,20,7
353,1.23,0.77,289,221,289,30,34,4,0,169,221,30,-4,-4,289,0,4,80.69,17,0.23,67.69,13,17
354,1.72,0.28,324,162,270,27,33,9,3,81,135,24,-9,-6,225,-3,6,202.44,18,0.72,193.44,9,15
355,1.05,0.95,169,52,78,17,19,9,7,16,24,10,-9,-2,36,-7,2,7.88,13,0.05,3.88,4,6
356,1.65,0.35,121,220,154,31,25,-9,-3,400,280,34,9,6,196,3,-6,119.82,11,0.65,99.82,20,14
357,1.79,0.21,256,208,176,29,27,3,5,169,143,24,-3,2,121,-5,-2,153.69,16,0.79,140.69,13,11
358,1.29,0.71,4,6,20,5,12,-1,-8,9,30,13,1,-7,100,8,7,9.12,2,0.29,6.119999999999999,3,10
359,1.54,0.46,100,170,20,27,12,-7,8,289,34,19,7,15,4,-8,-15,27.82,10,0.54,10.82,17,2
360,1.83,0.17,16,52,16,17,8,-9,0,169,52,17,9,9,16,0,-9,26.13,4,0.83,13.129999999999999,13,4
361,1.29,0.71,225,210,165,29,26,1,4,196,154,25,-1,3,121,-4,-3,61.17,15,0.29,47.17,14,11
362,1.2,0.8,100,90,90,19,19,1,1,81,81,18,-1,0,81,-1,0,27.34,10,0.2,18.34,9,9
363,1.85,0.15,361,0,38,19,21,19,17,0,0,2,-19,-2,4,-17,2,32.34,19,0.85,32.34,0,2
364,1.26,0.74,16,24,4,10,5,-2,3,36,6,7,2,5,1,-3,-5,7.07,4,0.26,1.0700000000000003,6,1
365,1.89,0.11,49,56,126,15,25,-1,-11,64,144,26,1,-10,324,11,10,120.25,7,0.89,112.25,8,18
366,1.72,0.28,289,221,204,30,29,4,5,169,156,25,-4,1,144,-5,-1,160.72,17,0.72,147.72,13,12
367,1.52,0.48,64,32,96,12,20,4,-4,16,48,16,-4,-8,144,4,8,53.66,8,0.52,49.66,4,12
368,1.48,0.52,289,204,204,29,29,5,5,144,144,24,-5,0,144,-5,0,109.34,17,0.48,97.34,12,12
369,1.19,0.81,49,112,112,23,23,-9,-9,256,256,32,9,0,256,9,0,37.66,7,0.19,21.659999999999997,16,16
370,1.21,0.79,324,288,216,34,30,2,6,256,192,28,-2,4,144,-6,-4,63.14,18,0.21,47.14,16,12
371,1.27,0.73,36,24,66,10,17,2,-5,16,44,15,-2,-7,121,5,7,22.5,6,0.27,18.5,4,11
372,1.63,0.37,49,49,105,14,22,0,-8,49,105,22,0,-8,225,8,8,74.98,7,0.63,67.98,7,15
373,1.34,0.66,16,60,8,19,6,-11,2,225,30,17,11,13,4,-2,-13,17.74,4,0.34,2.7399999999999984,15,2
374,1.17,0.83,64,120,48,23,14,-7,2,225,90,21,7,9,36,-2,-9,23.1,8,0.17,8.100000000000001,15,6
375,1.09,0.91,100,70,20,17,12,3,8,49,14,9,-3,5,4,-8,-5,8.84,10,0.09,1.8399999999999999,7,2
376,1.9,0.1,49,84,112,19,23,-5,-9,144,192,28,5,-4,256,9,4,112.0,7,0.9,100.0,12,16
377,1.21,0.79,1,12,13,13,14,-11,-12,144,156,25,11,-1,169,12,1,14.83,1,0.21,2.83,12,13
378,1.09,0.91,400,260,0,33,20,7,20,169,0,13,-7,13,0,-20,-13,13.0,20,0.09,0.0,13,0
379,1.11,0.89,196,252,0,32,14,-4,14,324,0,18,4,18,0,-14,-18,18.0,14,0.11,0.0,18,0
380,1.68,0.32,289,85,204,22,29,12,5,25,60,17,-12,-7,144,-5,7,141.51,17,0.68,136.51,5,12
381,1.75,0.25,1,6,10,7,11,-5,-9,36,60,16,5,-4,100,9,4,13.38,1,0.75,7.380000000000001,6,10
382,1.87,0.13,16,40,72,14,22,-6,-14,100,180,28,6,-8,324,14,8,71.96,4,0.87,61.959999999999994,10,18
383,1.7,0.3,4,16,20,10,12,-6,-8,64,80,18,6,-2,100,8,2,21.98,2,0.7,13.98,8,10
384,1.27,0.73,64,152,144,27,26,-11,-10,361,342,37,11,1,324,10,-1,58.49,8,0.27,39.49,19,18
385,1.26,0.74,4,0,22,2,13,2,-9,0,0,11,-2,-11,121,9,11,5.7,2,0.26,5.7,0,11
386,1.41,0.59,169,91,247,20,32,6,-6,49,133,26,-6,-12,361,6,12,110.63,13,0.41,103.63,7,19
387,1.06,0.94,4,40,14,22,9,-18,-5,400,140,27,18,13,49,5,-13,20.7,2,0.06,0.6999999999999993,20,7
388,1.56,0.44,324,108,360,24,38,12,-2,36,120,26,-12,-14,400,2,14,209.76,18,0.56,203.76,6,20
389,1.38,0.62,196,112,56,22,18,6,10,64,32,12,-6,4,16,-10,-4,29.57,14,0.38,21.57,8,4
390,1.59,0.41,9,3,57,4,22,2,-16,1,19,20,-2,-18,361,16,18,34.9,3,0.59,33.9,1,19
391,1.18,0.82,36,60,108,16,24,-4,-12,100,180,28,4,-8,324,12,8,29.08,6,0.18,19.08,10,18
392,1.86,0.14,361,361,152,38,27,0,11,361,152,27,0,11,64,-11,-11,150.73,19,0.86,131.73,19,8
393,1.34,0.66,400,180,400,29,40,11,0,81,180,29,-11,-11,400,0,11,144.36,20,0.34,135.36,9,20
394,1.46,0.54,144,84,216,19,30,5,-6,49,126,25,-5,-11,324,6,11,107.08,12,0.46,100.08,7,18
395,1.54,0.46,196,98,266,21,33,7,-5,49,133,26,-7,-12,361,5,12,150.15,14,0.54,143.15,7,19
396,1.57,0.43,64,40,152,13,27,3,-11,25,95,24,-3,-14,361,11,14,91.07,8,0.57,86.07,5,19
397,1.42,0.58,16,60,52,19,17,-11,-9,225,195,28,11,2,169,9,-2,36.61,4,0.42,21.61,15,13
398,1.56,0.44,100,40,200,14,30,6,-10,16,80,24,-6,-16,400,10,16,115.12,10,0.56,111.12,4,20
399,1.23,0.77,16,60,0,19,4,-11,4,225,0,15,11,15,0,-4,-15,15.0,4,0.23,0.0,15,0
400,1.34,0.66,196,182,252,27,32,1,-4,169,234,31,-1,-5,324,4,5,100.05,14,0.34,87.05,13,18
401,1.45,0.55,16,36,76,13,23,-5,-15,81,171,28,5,-10,361,15,10,43.96,4,0.45,34.96,9,19
402,1.34,0.66,289,204,238,29,31,5,3,144,168,26,-5,-2,196,-3,2,92.84,17,0.34,80.84,12,14
403,1.72,0.28,400,180,20,29,21,11,19,81,9,10,-11,8,1,-19,-8,23.51,20,0.72,14.510000000000002,9,1
404,1.28,0.72,81,27,72,12,17,6,1,9,24,11,-6,-5,64,-1,5,23.61,9,0.28,20.61,3,8
405,1.34,0.66,1,12,7,13,8,-11,-6,144,84,19,11,5,49,6,-5,14.28,1,0.34,2.2799999999999994,12,7
406,1.52,0.48,49,91,112,20,23,-6,-9,169,208,29,6,-3,256,9,3,72.17,7,0.52,59.17,13,16
407,1.2,0.8,121,209,143,30,24,-8,-2,361,247,32,8,6,169,2,-6,47.55,11,0.2,28.549999999999997,19,13
408,1.27,0.73,169,65,195,18,28,8,-2,25,75,20,-8,-10,225,2,10,56.78,13,0.27,51.78,5,15
409,1.81,0.19,16,4,64,5,20,3,-12,1,16,17,-3,-15,256,12,15,53.0,4,0.81,52.0,1,16
410,1.57,0.43,225,180,225,27,30,3,0,144,180,27,-3,-3,225,0,3,141.42,15,0.57,129.42,12,15
411,1.16,0.84,81,171,18,28,11,-10,7,361,38,21,10,17,4,-7,-17,21.64,9,0.16,2.6400000000000006,19,2
412,1.5,0.5,144,156,204,25,29,-1,-5,169,221,30,1,-4,289,5,4,116.22,12,0.5,103.22,13,17
413,1.15,0.85,144,228,24,31,14,-7,10,361,38,21,7,17,4,-10,-17,22.55,12,0.15,3.5500000000000007,19,2
414,1.89,0.11,324,252,144,32,26,4,10,196,112,22,-4,6,64,-10,-6,142.0,18,0.89,128.0,14,8
415,1.73,0.27,289,255,34,32,19,2,15,225,30,17,-2,13,4,-15,-13,39.94,17,0.73,24.939999999999998,15,2
416,1.15,0.85,1,5,7,6,8,-4,-6,25,35,12,4,-2,49,6,2,5.88,1,0.15,0.8799999999999999,5,7
417,1.75,0.25,361,247,114,32,25,6,13,169,78,19,-6,7,36,-13,-7,98.19,19,0.75,85.19,13,6
418,1.14,0.86,144,84,192,19,28,5,-4,49,112,23,-5,-9,256,4,9,32.18,12,0.14,25.18,7,16
419,1.56,0.44,256,240,272,31,33,1,-1,225,255,32,-1,-2,289,1,2,166.54,16,0.56,151.54,15,17
420,1.92,0.08,400,40,80,22,24,18,16,4,8,6,-18,-2,16,-16,2,75.63,20,0.92,73.63,2,4
421,1.82,0.18,1,7,9,8,10,-6,-8,49,63,16,6,-2,81,8,2,14.54,1,0.82,7.539999999999999,7,9
422,1.28,0.72,81,180,72,29,17,-11,1,400,160,28,11,12,64,-1,-12,41.01,9,0.28,21.009999999999998,20,8
423,1.88,0.12,121,176,165,27,26,-5,-4,256,240,31,5,1,225,4,-1,161.17,11,0.88,145.17,16,15
424,1.81,0.19,289,272,221,33,30,1,4,256,208,29,-1,3,169,-4,-3,196.13,17,0.81,180.13,16,13
425,1.66,0.34,324,198,90,29,23,7,13,121,55,16,-7,6,25,-13,-6,70.44,18,0.66,59.44,11,5
426,1.26,0.74,361,19,228,20,31,18,7,1,12,13,-18,-11,144,-7,11,60.02,19,0.26,59.02,1,12
427,1.11,0.89,64,16,136,10,25,6,-9,4,34,19,-6,-15,289,9,15,15.46,8,0.11,13.46,2,17
428,1.94,0.06,361,19,190,20,29,18,9,1,10,11,-18,-9,100,-9,9,178.6,19,0.94,177.6,1,10
429,1.38,0.62,9,6,57,5,22,1,-16,4,38,21,-1,-17,361,16,17,23.7,3,0.38,21.7,2,19
430,1.81,0.19,289,187,187,28,28,6,6,121,121,22,-6,0,121,-6,0,161.68,17,0.81,150.68,11,11
431,1.87,0.13,256,304,208,35,29,-3,3,361,247,32,3,6,169,-3,-6,199.86,16,0.87,180.86,19,13
432,1.72,0.28,49,0,63,7,16,7,-2,0,0,9,-7,-9,81,2,9,46.37,7,0.72,46.37,0,9
433,1.08,0.92,36,72,54,18,15,-6,-3,144,108,21,6,3,81,3,-3,16.43,6,0.08,4.43,12,9
434,1.9,0.1,4,12,12,8,8,-4,-4,36,36,12,4,0,36,4,0,16.69,2,0.9,10.690000000000001,6,6
435,1.72,0.28,49,56,63,15,16,-1,-2,64,72,17,1,-1,81,2,1,53.63,7,0.72,45.63,8,9
436,1.35,0.65,4,4,6,4,5,0,-1,4,6,5,0,-1,9,1,1,4.04,2,0.35,2.04,2,3
437,1.94,0.06,121,0,44,11,15,11,7,0,0,4,-11,-4,16,-7,4,41.37,11,0.94,41.37,0,4
438,1.4,0.6,64,48,16,14,10,2,6,36,12,8,-2,4,4,-6,-4,12.36,8,0.4,6.359999999999999,6,2
439,1.62,0.38,25,85,70,22,19,-12,-9,289,238,31,12,3,196,9,-3,58.58,5,0.62,41.58,17,14
440,1.53,0.47,225,210,60,29,19,1,11,196,56,18,-1,10,16,-11,-10,46.1,15,0.53,32.1,14,4
441,1.44,0.56,225,210,255,29,32,1,-2,196,238,31,-1,-3,289,2,3,126.68,15,0.44,112.68,14,17
442,1.79,0.21,1,11,0,12,1,-10,1,121,0,11,10,11,0,-1,-11,11.0,1,0.79,0.0,11,0
443,1.55,0.45,81,0,180,9,29,9,-11,0,0,20,-9,-20,400,11,20,99.68,9,0.55,99.68,0,20
444,1.63,0.37,144,12,204,13,29,11,-5,1,17,18,-11,-16,289,5,16,129.04,12,0.63,128.04,1,17
445,1.2,0.8,169,39,260,16,33,10,-7,9,60,23,-10,-17,400,7,17,55.76,13,0.2,52.76,3,20
446,1.82,0.18,1,14,12,15,13,-13,-11,196,168,26,13,2,144,11,-2,23.72,1,0.82,9.719999999999999,14,12
447,1.47,0.53,16,76,8,23,6,-15,2,361,38,21,15,17,4,-2,-17,22.74,4,0.47,3.7399999999999984,19,2
448,1.11,0.89,225,0,165,15,26,15,4,0,0,11,-15,-11,121,-4,11,18.41,15,0.11,18.41,0,11
449,1.87,0.13,289,170,306,27,35,7,-1,100,180,28,-7,-8,324,1,8,274.49,17,0.87,264.49,10,18
450,1.15,0.85,9,33,57,14,22,-8,-16,121,209,30,8,-8,361,16,8,19.89,3,0.15,8.89,11,19
451,1.84,0.16,1,10,14,11,15,-9,-13,100,140,24,9,-4,196,13,4,22.07,1,0.84,12.07,10,14
452,1.3,0.7,256,256,0,32,16,0,16,256,0,16,0,16,0,-16,-16,16.0,16,0.3,0.0,16,0
453,1.56,0.44,361,247,76,32,23,6,15,169,52,17,-6,9,16,-15,-9,56.41,19,0.56,43.41,13,4
454,1.4,0.6,169,260,65,33,18,-7,8,400,100,25,7,15,25,-8,-15,46.3,13,0.4,26.299999999999997,20,5
455,1.07,0.93,361,247,228,32,31,6,7,169,156,25,-6,1,144,-7,-1,29.3,19,0.07,16.3,13,12
456,1.75,0.25,196,112,98,22,21,6,7,64,56,15,-6,1,49,-7,-1,81.4,14,0.75,73.4,8,7
457,1.09,0.91,1,19,15,20,16,-18,-14,361,285,34,18,4,225,14,-4,20.14,1,0.09,1.1400000000000006,19,15
458,1.52,0.48,49,42,0,13,7,1,7,36,0,6,-1,6,0,-7,-6,6.0,7,0.52,0.0,6,0
459,1.13,0.87,324,18,252,19,32,17,4,1,14,15,-17,-13,196,-4,13,32.39,18,0.13,31.39,1,14
460,1.51,0.49,16,76,60,23,19,-15,-11,361,285,34,15,4,225,11,-4,49.51,4,0.51,30.509999999999998,19,15
461,1.93,0.07,400,120,80,26,24,14,16,36,24,10,-14,2,16,-16,-2,80.7,20,0.93,74.7,6,4
462,1.15,0.85,1,10,6,11,7,-9,-5,100,60,16,9,4,36,5,-4,10.84,1,0.15,0.8399999999999999,10,6
463,1.89,0.11,1,2,16,3,17,-1,-15,4,32,18,1,-14,256,15,14,16.21,1,0.89,14.21,2,16
464,1.25,0.75,9,48,3,19,4,-13,2,256,16,17,13,15,1,-2,-15,16.76,3,0.25,0.7600000000000016,16,1
465,1.24,0.76,49,77,126,18,25,-4,-11,121,198,29,4,-7,324,11,7,40.7,7,0.24,29.700000000000003,11,18
466,1.37,0.63,36,54,96,15,22,-3,-10,81,144,25,3,-7,256,10,7,44.81,6,0.37,35.81,9,16
