,(n*n),(n*x),(n*y),(n+x),(n+y),(n-x),(n-y),(x*x),(x*y),(x+y),(x-n),(x-y),(y*y),(y-n),(y-x),expected_post,n,post-init,x,y
0,64,144,88,26,19,-10,-3,324,198,29,10,7,121,3,-7,328.632,8,130.632,18,11
1,289,136,153,25,26,9,8,64,72,17,-9,-1,81,-8,1,284.43,17,212.43,8,9
2,25,40,40,13,13,-3,-3,64,64,16,3,0,64,3,0,108.992,5,44.992000000000004,8,8
3,196,0,140,14,24,14,4,0,0,10,-14,-10,100,-4,10,116.034,14,116.034,0,10
4,289,34,34,19,19,15,15,4,4,4,-15,0,4,-15,0,105.776,17,101.776,2,2
5,81,117,36,22,13,-4,5,169,52,17,4,9,16,-5,-9,146.412,9,94.412,13,4
6,400,200,200,30,30,10,10,100,100,20,-10,0,100,-10,0,395.6,20,295.6,10,10
7,361,361,152,38,27,0,11,361,152,27,0,11,64,-11,-11,493.916,19,341.916,19,8
8,256,64,176,20,27,12,5,16,44,15,-12,-7,121,-5,7,222.96,16,178.96,4,11
9,169,143,91,24,20,2,6,121,77,18,-2,4,49,-6,-4,232.396,13,155.396,11,7
10,81,45,63,14,16,4,2,25,35,12,-4,-2,49,-2,2,107.228,9,72.228,5,7
11,324,90,198,23,29,13,7,25,55,16,-13,-6,121,-7,6,275.272,18,220.272,5,11
12,64,40,96,13,20,3,-4,25,60,17,-3,-7,144,4,7,141.664,8,81.66399999999999,5,12
13,361,95,266,24,33,14,5,25,70,19,-14,-9,196,-5,9,336.14,19,266.14,5,14
14,169,156,260,25,33,1,-7,144,240,32,-1,-8,400,7,8,486.124,13,246.12400000000002,12,20
15,169,130,117,23,22,3,4,100,90,19,-3,1,81,-4,-1,252.824,13,162.824,10,9
16,25,90,80,23,21,-13,-11,324,288,34,13,2,256,11,-2,378.14,5,90.13999999999999,18,16
17,49,98,91,21,20,-7,-6,196,182,27,7,1,169,6,-1,286.872,7,104.87200000000001,14,13
18,36,60,84,16,20,-4,-8,100,140,24,4,-4,196,8,4,219.384,6,79.38399999999999,10,14
19,36,30,108,11,24,1,-12,25,90,23,-1,-13,324,12,13,165.816,6,75.816,5,18
20,169,156,13,25,14,1,12,144,12,13,-1,11,1,-12,-11,135.358,13,123.358,12,1
21,4,0,36,2,20,2,-16,0,0,18,-2,-18,324,16,18,18.0,2,18.0,0,18
22,324,18,198,19,29,17,7,1,11,12,-17,-10,121,-7,10,195.256,18,184.256,1,11
23,25,35,65,12,18,-2,-8,49,91,20,2,-6,169,8,6,145.816,5,54.816,7,13
24,16,60,0,19,4,-11,4,225,0,15,11,15,0,-4,-15,33.42,4,33.42,15,0
25,4,22,6,13,5,-9,-1,121,33,14,9,8,9,1,-8,47.75,2,14.75,11,3
26,256,240,160,31,26,1,6,225,150,25,-1,5,100,-6,-5,409.3,16,259.3,15,10
27,49,105,49,22,14,-8,0,225,105,22,8,8,49,0,-8,191.608,7,86.608,15,7
28,16,4,16,5,8,3,0,1,4,5,-3,-3,16,0,3,17.048,4,13.047999999999998,1,4
29,1,18,12,19,13,-17,-11,324,216,30,17,6,144,11,-6,230.94,1,14.939999999999998,18,12
30,289,102,272,23,33,11,1,36,96,22,-11,-10,256,-1,10,349.704,17,253.704,6,16
31,196,210,56,29,18,-1,10,225,60,19,1,11,16,-10,-11,238.716,14,178.716,15,4
32,169,52,104,17,21,9,5,16,32,12,-9,-4,64,-5,4,149.312,13,117.31200000000001,4,8
33,100,100,50,20,15,0,5,100,50,15,0,5,25,-5,-5,147.456,10,97.45599999999999,10,5
34,25,45,100,14,25,-4,-15,81,180,29,4,-11,400,15,11,257.71,5,77.70999999999998,9,20
35,81,54,108,15,21,3,-3,36,72,18,-3,-6,144,3,6,170.988,9,98.988,6,12
36,4,8,14,6,9,-2,-5,16,28,11,2,-3,49,5,3,39.552,2,11.552,4,7
37,1,4,14,5,15,-3,-13,16,56,18,3,-10,196,13,10,64.92,1,8.920000000000002,4,14
38,225,120,15,23,16,7,14,64,8,9,-7,7,1,-14,-7,126.204,15,118.204,8,1
39,196,84,224,20,30,8,-2,36,96,22,-8,-10,256,2,10,295.508,14,199.50799999999998,6,16
40,49,28,77,11,18,3,-4,16,44,15,-3,-7,121,4,7,106.93,7,62.93000000000001,4,11
41,256,128,272,24,33,8,-1,64,136,25,-8,-9,289,1,9,395.904,16,259.904,8,17
42,324,18,216,19,30,17,6,1,12,13,-17,-11,144,-6,11,205.264,18,193.264,1,12
43,100,50,200,15,30,5,-10,25,100,25,-5,-15,400,10,15,247.584,10,147.584,5,20
44,100,80,150,18,25,2,-5,64,120,23,-2,-7,225,5,7,256.512,10,136.512,8,15
45,361,266,114,33,25,5,13,196,84,20,-5,8,36,-13,-8,359.776,19,275.776,14,6
46,25,75,15,20,8,-10,2,225,45,18,10,12,9,-2,-12,94.692,5,49.69199999999999,15,3
47,256,32,16,18,17,14,15,4,2,3,-14,1,1,-15,-1,86.048,16,84.048,2,1
48,9,15,15,8,8,-2,-2,25,25,10,2,0,25,2,0,41.544,3,16.543999999999997,5,5
49,100,0,20,10,12,10,8,0,0,2,-10,-2,4,-8,2,32.638,10,32.638,0,2
50,4,0,4,2,4,2,0,0,0,2,-2,-2,4,0,2,2.46,2,2.46,0,2
51,289,68,119,21,24,13,10,16,28,11,-13,-3,49,-10,3,189.344,17,161.344,4,7
52,196,196,28,28,16,0,12,196,28,16,0,12,4,-12,-12,184.932,14,156.932,14,2
53,81,108,126,21,23,-3,-5,144,168,26,3,-2,196,5,2,303.216,9,135.216,12,14
54,16,56,64,18,20,-10,-12,196,224,30,10,-2,256,12,2,287.002,4,63.00200000000001,14,16
55,36,36,12,12,8,0,4,36,12,8,0,4,4,-4,-4,43.984,6,31.984,6,2
56,324,108,270,24,33,12,3,36,90,21,-12,-9,225,-3,9,355.548,18,265.548,6,15
57,36,42,66,13,17,-1,-5,49,77,18,1,-4,121,5,4,138.48,6,61.47999999999999,7,11
58,36,108,30,24,11,-12,1,324,90,23,12,13,25,-1,-13,167.288,6,77.28800000000001,18,5
59,4,6,24,5,14,-1,-10,9,36,15,1,-9,144,10,9,51.152,2,15.152000000000001,3,12
60,100,180,80,28,18,-8,2,324,144,26,8,10,64,-2,-10,297.15,10,153.14999999999998,18,8
61,169,195,208,28,29,-2,-3,225,240,31,2,-1,256,3,1,480.138,13,240.13799999999998,15,16
62,289,306,153,35,26,-1,8,324,162,27,1,9,81,-8,-9,459.44,17,297.44,18,9
63,1,8,4,9,5,-7,-3,64,32,12,7,4,16,3,-4,38.032,1,6.0319999999999965,8,4
64,361,342,133,37,26,1,12,324,126,25,-1,11,49,-12,-11,449.916,19,323.916,18,7
65,256,96,208,22,29,10,3,36,78,19,-10,-7,169,-3,7,289.624,16,211.62400000000002,6,13
66,100,30,20,13,12,7,8,9,6,5,-7,1,4,-8,-1,53.268,10,47.268,3,2
67,100,140,150,24,25,-4,-5,196,210,29,4,-1,225,5,1,377.66,10,167.66000000000003,14,15
68,81,180,54,29,15,-11,3,400,120,26,11,14,36,-3,-14,255.072,9,135.072,20,6
69,169,195,234,28,31,-2,-5,225,270,33,2,-3,324,5,3,523.508,13,253.50800000000004,15,18
70,9,18,30,9,13,-3,-7,36,60,16,3,-4,100,7,4,85.556,3,25.555999999999997,6,10
71,289,204,102,29,23,5,11,144,72,18,-5,6,36,-11,-6,293.18,17,221.18,12,6
72,100,10,110,11,21,9,-1,1,11,12,-9,-10,121,1,10,93.432,10,82.432,1,11
73,121,220,176,31,27,-9,-5,400,320,36,9,4,256,5,-4,545.348,11,225.34799999999996,20,16
74,324,252,36,32,20,4,16,196,28,16,-4,12,4,-16,-12,249.132,18,221.132,14,2
75,16,68,36,21,13,-13,-5,289,153,26,13,8,81,5,-8,208.036,4,55.036,17,9
76,4,22,24,13,14,-9,-10,121,132,23,9,-1,144,10,1,155.532,2,23.53200000000001,11,12
77,225,105,15,22,16,8,14,49,7,8,-8,6,1,-14,-6,119.992,15,112.992,7,1
78,289,85,221,22,30,12,4,25,65,18,-12,-8,169,-4,8,284.352,17,219.35199999999998,5,13
79,1,5,14,6,15,-4,-13,25,70,19,4,-9,196,13,9,79.428,1,9.427999999999997,5,14
80,361,133,171,26,28,12,10,49,63,16,-12,-2,81,-10,2,300.532,19,237.53199999999998,7,9
81,256,224,176,30,27,2,5,196,154,25,-2,3,121,-5,-3,413.904,16,259.904,14,11
82,1,4,2,5,3,-3,-1,16,8,6,3,2,4,1,-2,11.096,1,3.096,4,2
83,361,57,323,22,36,16,2,9,51,20,-16,-14,289,-2,14,327.504,19,276.504,3,17
84,64,160,88,28,19,-12,-3,400,220,31,12,9,121,3,-9,358.012,8,138.012,20,11
85,289,323,289,36,34,-2,0,361,323,36,2,2,289,0,-2,697.032,17,374.03200000000004,19,17
86,64,160,88,28,19,-12,-3,400,220,31,12,9,121,3,-9,358.768,8,138.76799999999997,20,11
87,49,49,0,14,7,0,7,49,0,7,0,7,0,-7,-7,35.588,7,35.588,7,0
88,400,60,20,23,21,17,19,9,3,4,-17,2,1,-19,-2,137.512,20,134.512,3,1
89,196,126,252,23,32,5,-4,81,162,27,-5,-9,324,4,9,397.388,14,235.38799999999998,9,18
90,361,266,323,33,36,5,2,196,238,31,-5,-3,289,-2,3,617.938,19,379.938,14,17
91,324,162,306,27,35,9,1,81,153,26,-9,-8,289,-1,8,462.434,18,309.434,9,17
92,100,200,20,30,12,-10,8,400,40,22,10,18,4,-8,-18,174.59,10,134.59,20,2
93,400,140,320,27,36,13,4,49,112,23,-13,-9,256,-4,9,436.248,20,324.248,7,16
94,16,4,48,5,16,3,-8,1,12,13,-3,-11,144,8,11,40.616,4,28.616,1,12
95,169,91,13,20,14,6,12,49,7,8,-6,6,1,-12,-6,98.364,13,91.364,7,1
96,256,32,256,18,32,14,0,4,32,18,-14,-14,256,0,14,234.472,16,202.472,2,16
97,169,156,130,25,23,1,3,144,120,22,-1,2,100,-3,-2,301.824,13,181.824,12,10
98,144,24,228,14,31,10,-7,4,38,21,-10,-17,361,7,17,197.392,12,159.392,2,19
99,324,216,198,30,29,6,7,144,132,23,-6,1,121,-7,-1,415.74,18,283.74,12,11
100,100,40,190,14,29,6,-9,16,76,23,-6,-15,361,9,15,214.204,10,138.204,4,19
101,1,2,4,3,5,-1,-3,4,8,6,1,-2,16,3,2,11.064,1,3.064,2,4
102,100,100,30,20,13,0,7,100,30,13,0,7,9,-7,-7,117.988,10,87.988,10,3
103,256,0,32,16,18,16,14,0,0,2,-16,-2,4,-14,2,75.928,16,75.928,0,2
104,196,126,266,23,33,5,-5,81,171,28,-5,-10,361,5,10,413.402,14,242.402,9,19
105,1,20,8,21,9,-19,-7,400,160,28,19,12,64,7,-12,174.12,1,14.120000000000005,20,8
106,324,0,126,18,25,18,11,0,0,7,-18,-7,49,-11,7,139.472,18,139.472,0,7
107,400,0,300,20,35,20,5,0,0,15,-20,-15,225,-5,15,241.476,20,241.476,0,15
108,4,22,34,13,19,-9,-15,121,187,28,9,-6,289,15,6,215.704,2,28.704000000000008,11,17
109,36,54,72,15,18,-3,-6,81,108,21,3,-3,144,6,3,178.456,6,70.45599999999999,9,12
110,49,35,119,12,24,2,-10,25,85,22,-2,-12,289,10,12,172.116,7,87.11600000000001,5,17
111,196,238,238,31,31,-3,-3,289,289,34,3,0,289,3,0,572.48,14,283.48,17,17
112,225,255,255,32,32,-2,-2,289,289,34,2,0,289,2,0,596.784,15,307.784,17,17
113,49,28,49,11,14,3,0,16,28,11,-3,-3,49,0,3,76.706,7,48.706,4,7
114,144,24,240,14,32,10,-8,4,40,22,-10,-18,400,8,18,203.216,12,163.216,2,20
115,100,100,10,20,11,0,9,100,10,11,0,9,1,-9,-9,87.9,10,77.9,10,1
116,36,54,48,15,14,-3,-2,81,72,17,3,1,64,2,-1,130.284,6,58.28399999999999,9,8
117,81,144,153,25,26,-7,-8,256,272,33,7,-1,289,8,1,438.318,9,166.31799999999998,16,17
118,4,18,24,11,14,-7,-10,81,108,21,7,-3,144,10,3,129.432,2,21.431999999999988,9,12
119,1,4,8,5,9,-3,-7,16,32,12,3,-4,64,7,4,38.032,1,6.0319999999999965,4,8
120,361,361,0,38,19,0,19,361,0,19,0,19,0,-19,-19,268.684,19,268.684,19,0
121,64,160,144,28,26,-12,-10,400,360,38,12,2,324,10,-2,525.964,8,165.96400000000006,20,18
122,36,78,72,19,18,-7,-6,169,156,25,7,1,144,6,-1,238.552,6,82.55199999999999,13,12
123,121,209,11,30,12,-8,10,361,19,20,8,18,1,-10,-18,156.604,11,137.604,19,1
124,4,30,14,17,9,-13,-5,225,105,22,13,8,49,5,-8,127.396,2,22.396,15,7
125,144,180,12,27,13,-3,11,225,15,16,3,14,1,-11,-14,143.912,12,128.912,15,1
126,64,64,88,16,19,0,-3,64,88,19,0,-3,121,3,3,178.012,8,90.012,8,11
127,121,187,88,28,19,-6,3,289,136,25,6,9,64,-3,-9,301.718,11,165.71800000000002,17,8
128,64,120,80,23,18,-7,-2,225,150,25,7,5,100,2,-5,263.824,8,113.82400000000001,15,10
129,121,0,99,11,20,11,2,0,0,9,-11,-9,81,-2,9,77.394,11,77.394,0,9
130,64,0,64,8,16,8,0,0,0,8,-8,-8,64,0,8,46.044,8,46.044,0,8
131,169,52,39,17,16,9,10,16,12,7,-9,1,9,-10,-1,96.366,13,84.366,4,3
132,81,99,63,20,16,-2,2,121,77,18,2,4,49,-2,-4,176.276,9,99.27600000000001,11,7
133,16,0,36,4,13,4,-5,0,0,9,-4,-9,81,5,9,21.748,4,21.748,0,9
134,49,49,91,14,20,0,-6,49,91,20,0,-6,169,6,6,171.832,7,80.832,7,13
135,169,39,260,16,33,10,-7,9,60,23,-10,-17,400,7,17,247.368,13,187.368,3,20
136,121,0,209,11,30,11,-8,0,0,19,-11,-19,361,8,19,132.798,11,132.798,0,19
137,121,187,77,28,18,-6,4,289,119,24,6,10,49,-4,-10,279.088,11,160.08800000000002,17,7
138,4,8,30,6,17,-2,-13,16,60,19,2,-11,225,13,11,79.716,2,19.715999999999994,4,15
139,289,85,306,22,35,12,-1,25,90,23,-12,-13,324,1,13,353.83,17,263.83,5,18
140,81,36,54,13,15,5,3,16,24,10,-5,-2,36,-3,2,86.992,9,62.992000000000004,4,6
141,1,2,16,3,17,-1,-15,4,32,18,1,-14,256,15,14,40.916,1,8.915999999999997,2,16
142,121,154,22,25,13,-3,9,196,28,16,3,12,4,-9,-12,142.708,11,114.708,14,2
143,100,90,140,19,24,1,-4,81,126,23,-1,-5,196,4,5,263.448,10,137.44799999999998,9,14
144,49,0,70,7,17,7,-3,0,0,10,-7,-10,100,3,10,45.436,7,45.436,0,10
145,256,272,304,33,35,-1,-3,289,323,36,1,-2,361,3,2,670.436,16,347.43600000000004,17,19
146,100,30,100,13,20,7,0,9,30,13,-7,-7,100,0,7,117.748,10,87.748,3,10
147,400,200,340,30,37,10,3,100,170,27,-10,-7,289,-3,7,535.364,20,365.36400000000003,10,17
148,4,30,36,17,20,-13,-16,225,270,33,13,-3,324,16,3,303.52,2,33.51999999999998,15,18
149,64,32,152,12,27,4,-11,16,76,23,-4,-15,361,11,15,181.696,8,105.696,4,19
150,9,48,33,19,14,-13,-8,256,176,27,13,5,121,8,-5,217.934,3,41.934,16,11
151,36,72,12,18,8,-6,4,144,24,14,6,10,4,-4,-10,73.476,6,49.476,12,2
152,400,80,280,24,34,16,6,16,56,18,-16,-10,196,-6,10,331.172,20,275.172,4,14
153,169,13,234,14,31,12,-5,1,18,19,-12,-17,324,5,17,180.672,13,162.672,1,18
154,100,80,70,18,17,2,3,64,56,15,-2,1,49,-3,-1,153.336,10,97.33600000000001,8,7
155,100,10,190,11,29,9,-9,1,19,20,-9,-18,361,9,18,140.728,10,121.72800000000001,1,19
156,256,32,64,18,20,14,12,4,8,6,-14,-2,16,-12,2,115.842,16,107.842,2,4
157,100,200,130,30,23,-10,-3,400,260,33,10,7,169,3,-7,447.888,10,187.88799999999998,20,13
158,324,180,126,28,25,8,11,100,70,17,-8,3,49,-11,-3,299.504,18,229.50400000000002,10,7
159,196,154,182,25,27,3,1,121,143,24,-3,-2,169,-1,2,356.518,14,213.51799999999997,11,13
160,289,340,34,37,19,-3,15,400,40,22,3,18,4,-15,-18,296.348,17,256.348,20,2
161,169,234,169,31,26,-5,0,324,234,31,5,5,169,0,-5,474.4,13,240.39999999999998,18,13
162,64,112,40,22,13,-6,3,196,70,19,6,9,25,-3,-9,160.128,8,90.12799999999999,14,5
163,9,3,9,4,6,2,0,1,3,4,-2,-2,9,0,2,10.452,3,7.452,1,3
164,4,0,22,2,13,2,-9,0,0,11,-2,-11,121,9,11,11.476,2,11.476,0,11
165,121,99,154,20,25,2,-3,81,126,23,-2,-5,196,3,5,279.792,11,153.79199999999997,9,14
166,9,54,36,21,15,-15,-9,324,216,30,15,6,144,9,-6,262.232,3,46.23200000000003,18,12
167,9,0,48,3,19,3,-13,0,0,16,-3,-16,256,13,16,24.616,3,24.616,0,16
168,324,324,288,36,34,0,2,324,288,34,0,2,256,-2,-2,670.4,18,382.4,18,16
169,25,30,80,11,21,-1,-11,36,96,22,1,-10,256,11,10,156.104,5,60.10400000000001,6,16
170,81,18,27,11,12,7,6,4,6,5,-7,-1,9,-6,1,46.614,9,40.614,2,3
171,400,120,360,26,38,14,2,36,108,24,-14,-12,324,-2,12,441.35,20,333.35,6,18
172,324,252,90,32,23,4,13,196,70,19,-4,9,25,-13,-9,317.712,18,247.712,14,5
173,49,133,70,26,17,-12,-3,361,190,29,12,9,100,3,-9,301.63,7,111.63,19,10
174,196,224,14,30,15,-2,13,256,16,17,2,15,1,-13,-15,179.648,14,163.648,16,1
175,81,54,99,15,20,3,-2,36,66,17,-3,-5,121,2,5,160.892,9,94.892,6,11
176,100,190,140,29,24,-9,-4,361,266,33,9,5,196,4,-5,453.288,10,187.288,19,14
177,196,0,0,14,14,14,14,0,0,0,-14,0,0,-14,0,45.214,14,45.214,0,0
178,196,98,126,21,23,7,5,49,63,16,-7,-2,81,-5,2,220.242,14,157.242,7,9
179,196,224,252,30,32,-2,-4,256,288,34,2,-2,324,4,2,571.878,14,283.87800000000004,16,18
180,100,170,60,27,16,-7,4,289,102,23,7,11,36,-4,-11,239.784,10,137.784,17,6
181,361,266,171,33,28,5,10,196,126,23,-5,5,81,-10,-5,430.284,19,304.284,14,9
182,81,72,9,17,10,1,8,64,8,9,-1,7,1,-8,-7,66.61,9,58.61,8,1
183,289,34,306,19,35,15,-1,4,36,20,-15,-16,324,1,16,275.4,17,239.39999999999998,2,18
184,324,90,252,23,32,13,4,25,70,19,-13,-9,196,-4,9,317.52,18,247.51999999999998,5,14
185,36,36,60,12,16,0,-4,36,60,16,0,-4,100,4,4,115.596,6,55.596000000000004,6,10
186,4,4,8,4,6,0,-2,4,8,6,0,-2,16,2,2,14.474,2,6.474,2,4
187,196,126,210,23,29,5,-1,81,135,24,-5,-6,225,1,6,348.768,14,213.76799999999997,9,15
188,49,105,14,22,9,-8,5,225,30,17,8,13,4,-5,-13,97.992,7,67.992,15,2
189,1,11,7,12,8,-10,-6,121,77,18,10,4,49,6,-4,86.112,1,9.111999999999995,11,7
190,196,70,280,19,34,9,-6,25,100,25,-9,-15,400,6,15,320.432,14,220.43200000000002,5,20
191,36,72,108,18,24,-6,-12,144,216,30,6,-6,324,12,6,313.696,6,97.69600000000003,12,18
192,64,48,48,14,14,2,2,36,36,12,-2,0,36,-2,0,97.88,8,61.879999999999995,6,6
193,289,272,323,33,36,1,-2,256,304,35,-1,-3,361,2,3,669.876,17,365.876,16,19
194,81,162,90,27,19,-9,-1,324,180,28,9,8,100,1,-8,323.34,9,143.33999999999997,18,10
195,25,45,20,14,9,-4,1,81,36,13,4,5,16,-1,-5,73.752,5,37.751999999999995,9,4
196,256,256,160,32,26,0,6,256,160,26,0,6,100,-6,-6,427.456,16,267.456,16,10
197,289,187,0,28,17,6,17,121,0,11,-6,11,0,-17,-11,160.746,17,160.746,11,0
198,289,221,289,30,34,4,0,169,221,30,-4,-4,289,0,4,543.736,17,322.736,13,17
199,324,306,324,35,36,1,0,289,306,35,-1,-1,324,0,1,697.564,18,391.56399999999996,17,18
200,16,56,0,18,4,-10,4,196,0,14,10,14,0,-4,-14,29.718,4,29.718,14,0
201,256,320,272,36,33,-4,-1,400,340,37,4,3,289,1,-3,696.708,16,356.70799999999997,20,17
202,400,100,360,25,38,15,2,25,90,23,-15,-13,324,-2,13,416.248,20,326.248,5,18
203,225,0,270,15,33,15,-3,0,0,18,-15,-18,324,3,18,187.276,15,187.276,0,18
204,361,285,95,34,24,4,14,225,75,20,-4,10,25,-14,-10,351.44,19,276.44,15,5
205,324,342,90,37,23,-1,13,361,95,24,1,14,25,-13,-14,388.062,18,293.062,19,5
206,81,108,72,21,17,-3,1,144,96,20,3,4,64,-1,-4,204.84,9,108.84,12,8
207,361,323,361,36,38,2,0,289,323,36,-2,-2,361,0,2,750.58,19,427.58000000000004,17,19
208,256,320,64,36,20,-4,12,400,80,24,4,16,16,-12,-16,331.736,16,251.736,20,4
209,100,60,50,16,15,4,5,36,30,11,-4,1,25,-5,-1,107.524,10,77.524,6,5
210,289,34,272,19,33,15,1,4,32,18,-15,-14,256,-1,14,252.712,17,220.712,2,16
211,16,52,44,17,15,-9,-7,169,143,24,9,2,121,7,-2,193.964,4,50.964,13,11
212,289,221,153,30,26,4,8,169,117,22,-4,4,81,-8,-4,372.16,17,255.16000000000003,13,9
213,169,26,104,15,21,11,5,4,16,10,-11,-6,64,-5,6,119.984,13,103.984,2,8
214,49,28,42,11,13,3,1,16,24,10,-3,-2,36,-1,2,69.732,7,45.732,4,6
215,9,57,6,22,5,-16,1,361,38,21,16,17,4,-1,-17,70.622,3,32.622,19,2
216,64,160,8,28,9,-12,7,400,20,21,12,19,1,-7,-19,118.156,8,98.156,20,1
217,64,72,40,17,13,-1,3,81,45,14,1,4,25,-3,-4,114.612,8,69.612,9,5
218,289,306,238,35,31,-1,3,324,252,32,1,4,196,-3,-4,592.104,17,340.10400000000004,18,14
219,256,256,288,32,34,0,-2,256,288,34,0,-2,324,2,2,619.826,16,331.826,16,18
220,324,198,324,29,36,7,0,121,198,29,-7,-7,324,0,7,536.304,18,338.304,11,18
221,36,54,84,15,20,-3,-8,81,126,23,3,-5,196,8,5,202.364,6,76.364,9,14
222,225,300,60,35,19,-5,11,400,80,24,5,16,16,-11,-16,313.884,15,233.88400000000001,20,4
223,225,0,120,15,23,15,7,0,0,8,-15,-8,64,-7,8,113.012,15,113.012,0,8
224,64,80,128,18,24,-2,-8,100,160,26,2,-6,256,8,6,278.872,8,118.87200000000001,10,16
225,121,165,22,26,13,-4,9,225,30,17,4,13,4,-9,-13,151.224,11,121.22399999999999,15,2
226,1,2,18,3,19,-1,-17,4,36,20,1,-16,324,17,16,45.584,1,9.584000000000003,2,18
227,1,8,14,9,15,-7,-13,64,112,22,7,-6,196,13,6,123.072,1,11.072000000000003,8,14
228,121,154,44,25,15,-3,7,196,56,18,3,10,16,-7,-10,181.332,11,125.332,14,4
229,64,160,104,28,21,-12,-5,400,260,33,12,7,169,5,-7,406.048,8,146.048,20,13
230,49,126,126,25,25,-11,-11,324,324,36,11,0,324,11,0,460.56,7,136.56,18,18
231,49,77,126,18,25,-4,-11,121,198,29,4,-7,324,11,7,309.848,7,111.84800000000001,11,18
232,196,126,154,23,25,5,3,81,99,20,-5,-2,121,-3,2,284.57,14,185.57,9,11
233,81,63,144,16,25,2,-7,49,112,23,-2,-9,256,7,9,233.078,9,121.078,7,16
234,121,99,121,20,22,2,0,81,99,20,-2,-2,121,0,2,236.74,11,137.74,9,11
235,100,120,0,22,10,-2,10,144,0,12,2,12,0,-10,-12,83.96,10,83.96,12,0
236,9,6,45,5,18,1,-12,4,30,17,-1,-13,225,12,13,57.72,3,27.72,2,15
237,100,140,200,24,30,-4,-10,196,280,34,4,-6,400,10,6,472.514,10,192.514,14,20
238,400,200,180,30,29,10,11,100,90,19,-10,1,81,-11,-1,375.484,20,285.484,10,9
239,81,27,81,12,18,6,0,9,27,12,-6,-6,81,0,6,99.064,9,72.064,3,9
240,400,120,360,26,38,14,2,36,108,24,-14,-12,324,-2,12,444.326,20,336.326,6,18
241,100,170,60,27,16,-7,4,289,102,23,7,11,36,-4,-11,240.296,10,138.296,17,6
242,361,266,171,33,28,5,10,196,126,23,-5,5,81,-10,-5,430.448,19,304.448,14,9
243,81,108,153,21,26,-3,-8,144,204,29,3,-5,289,8,5,352.776,9,148.776,12,17
244,361,266,228,33,31,5,7,196,168,26,-5,2,144,-7,-2,500.908,19,332.908,14,12
245,100,150,80,25,18,-5,2,225,120,23,5,7,64,-2,-7,257.416,10,137.416,15,8
246,16,20,0,9,4,-1,4,25,0,5,1,5,0,-4,-5,12.904,4,12.904,5,0
247,361,228,209,31,30,7,8,144,132,23,-7,1,121,-8,-1,435.866,19,303.866,12,11
248,361,285,95,34,24,4,14,225,75,20,-4,10,25,-14,-10,350.164,19,275.164,15,5
249,1,15,16,16,17,-14,-15,225,240,31,14,-1,256,15,1,255.468,1,15.46799999999999,15,16
250,256,96,16,22,17,10,15,36,6,7,-10,5,1,-15,-5,120.96,16,114.96,6,1
251,4,24,14,14,9,-10,-5,144,84,19,10,5,49,5,-5,103.504,2,19.504000000000005,12,7
252,100,130,110,23,21,-3,-1,169,143,24,3,2,121,1,-2,285.366,10,142.36599999999999,13,11
253,400,60,180,23,29,17,11,9,27,12,-17,-6,81,-11,6,243.41,20,216.41,3,9
254,9,45,36,18,15,-12,-9,225,180,27,12,3,144,9,-3,222.078,3,42.078,15,12
255,16,52,72,17,22,-9,-14,169,234,31,9,-5,324,14,5,298.588,4,64.58800000000002,13,18
256,100,60,20,16,12,4,8,36,12,8,-4,4,4,-8,-4,74.39,10,62.39,6,2
257,49,49,21,14,10,0,4,49,21,10,0,4,9,-4,-4,65.908,7,44.908,7,3
258,256,16,144,17,25,15,7,1,9,10,-15,-8,81,-7,8,150.084,16,141.084,1,9
259,121,11,110,12,21,10,1,1,10,11,-10,-9,100,-1,9,98.736,11,88.736,1,10
260,289,153,255,26,32,8,2,81,135,24,-8,-6,225,-2,6,407.796,17,272.796,9,15
261,1,8,19,9,20,-7,-18,64,152,27,7,-11,361,18,11,165.368,1,13.367999999999995,8,19
262,121,187,143,28,24,-6,-2,289,221,30,6,4,169,2,-4,413.78,11,192.77999999999997,17,13
263,144,12,216,13,30,11,-6,1,18,19,-11,-17,324,6,17,166.208,12,148.208,1,18
264,100,30,200,13,30,7,-10,9,60,23,-7,-17,400,10,17,196.76,10,136.76,3,20
265,361,0,57,19,22,19,16,0,0,3,-19,-3,9,-16,3,114.436,19,114.436,0,3
266,400,20,60,21,23,19,17,1,3,4,-19,-2,9,-17,2,137.344,20,134.344,1,3
267,4,2,36,3,20,1,-16,1,18,19,-1,-17,324,16,17,37.492,2,19.491999999999997,1,18
268,16,28,40,11,14,-3,-6,49,70,17,3,-3,100,6,3,106.804,4,36.804,7,10
269,64,56,96,15,20,1,-4,49,84,19,-1,-5,144,4,5,174.156,8,90.156,7,12
270,121,132,209,23,30,-1,-8,144,228,31,1,-7,361,8,7,425.364,11,197.36399999999998,12,19
271,289,289,187,34,28,0,6,289,187,28,0,6,121,-6,-6,493.432,17,306.432,17,11
272,256,96,32,22,18,10,14,36,12,8,-10,4,4,-14,-4,135.752,16,123.75200000000001,6,2
273,1,18,7,19,8,-17,-6,324,126,25,17,11,49,6,-11,138.742,1,12.74199999999999,18,7
274,49,35,133,12,26,2,-12,25,95,24,-2,-14,361,12,14,189.444,7,94.44399999999999,5,19
275,324,126,252,25,32,11,4,49,98,21,-11,-7,196,-4,7,363.096,18,265.096,7,14
276,81,90,9,19,10,-1,8,100,10,11,1,9,1,-8,-9,77.6,9,67.6,10,1
277,169,195,65,28,18,-2,8,225,75,20,2,10,25,-8,-10,243.412,13,168.412,15,5
278,9,18,60,9,23,-3,-17,36,120,26,3,-14,400,17,14,160.564,3,40.56399999999999,6,20
279,64,144,128,26,24,-10,-8,324,288,34,10,2,256,8,-2,437.768,8,149.76799999999997,18,16
280,100,0,30,10,13,10,7,0,0,3,-10,-3,9,-7,3,37.612,10,37.612,0,3
281,144,96,96,20,20,4,4,64,64,16,-4,0,64,-4,0,192.738,12,128.738,8,8
282,36,54,66,15,17,-3,-5,81,99,20,3,-2,121,5,2,166.336,6,67.33600000000001,9,11
283,100,80,110,18,21,2,-1,64,88,19,-2,-3,121,1,3,205.432,10,117.43199999999999,8,11
284,361,190,171,29,28,9,10,100,90,19,-9,1,81,-10,-1,356.208,19,266.208,10,9
285,196,154,168,25,26,3,2,121,132,23,-3,-1,144,-2,1,338.54,14,206.54000000000002,11,12
286,25,65,10,18,7,-8,3,169,26,15,8,11,4,-3,-11,67.744,5,41.744,13,2
287,289,153,102,26,23,8,11,81,54,15,-8,3,36,-11,-3,249.258,17,195.258,9,6
288,361,114,361,25,38,13,0,36,114,25,-13,-13,361,0,13,438.238,19,324.238,6,19
289,25,25,75,10,20,0,-10,25,75,20,0,-10,225,10,10,130.612,5,55.611999999999995,5,15
290,25,95,50,24,15,-14,-5,361,190,29,14,9,100,5,-9,267.566,5,77.56599999999997,19,10
291,36,84,96,20,22,-8,-10,196,224,30,8,-2,256,10,2,321.402,6,97.40199999999999,14,16
292,9,60,48,23,19,-17,-13,400,320,36,17,4,256,13,-4,375.692,3,55.69200000000001,20,16
293,144,48,24,16,14,8,10,16,8,6,-8,2,4,-10,-2,77.212,12,69.212,4,2
294,121,176,33,27,14,-5,8,256,48,19,5,13,9,-8,-13,179.52,11,131.52,16,3
295,9,48,54,19,21,-13,-15,256,288,34,13,-2,324,15,2,340.404,3,52.403999999999996,16,18
296,64,96,40,20,13,-4,3,144,60,17,4,7,25,-3,-7,142.008,8,82.00800000000001,12,5
297,400,360,300,38,35,2,5,324,270,33,-2,3,225,-5,-3,694.9,20,424.9,18,15
298,196,112,140,22,24,6,4,64,80,18,-6,-2,100,-4,2,251.974,14,171.974,8,10
299,121,44,99,15,20,7,2,16,36,13,-7,-5,81,-2,5,135.622,11,99.62200000000001,4,9
300,36,102,6,23,7,-11,5,289,17,18,11,16,1,-5,-16,78.298,6,61.298,17,1
301,16,24,52,10,17,-2,-9,36,78,19,2,-7,169,9,7,119.352,4,41.352000000000004,6,13
302,64,104,32,21,12,-5,4,169,52,17,5,9,16,-4,-9,133.724,8,81.72399999999999,13,4
303,64,72,144,17,26,-1,-10,81,162,27,1,-9,324,10,9,283.972,8,121.97199999999998,9,18
304,324,72,18,22,19,14,17,16,4,5,-14,3,1,-17,-3,125.464,18,121.464,4,1
305,25,95,55,24,16,-14,-6,361,209,30,14,8,121,6,-8,289.308,5,80.30799999999999,19,11
306,36,18,18,9,9,3,3,9,9,6,-3,0,9,-3,0,34.376,6,25.375999999999998,3,3
307,144,156,216,25,30,-1,-6,169,234,31,1,-5,324,6,5,452.656,12,218.656,13,18
308,4,4,32,4,18,0,-14,4,32,18,0,-14,256,14,14,51.214,2,19.214,2,16
309,225,255,30,32,17,-2,13,289,34,19,2,15,4,-13,-15,227.254,15,193.254,17,2
310,9,57,6,22,5,-16,1,361,38,21,16,17,4,-1,-17,70.986,3,32.986000000000004,19,2
311,361,304,0,35,19,3,19,256,0,16,-3,16,0,-19,-16,238.992,19,238.992,16,0
312,289,51,0,20,17,14,17,9,0,3,-14,3,0,-17,-3,93.092,17,93.092,3,0
313,25,45,90,14,23,-4,-13,81,162,27,4,-9,324,13,9,235.046,5,73.04599999999999,9,18
314,400,380,140,39,27,1,13,361,133,26,-1,12,49,-13,-12,486.686,20,353.686,19,7
315,1,7,20,8,21,-6,-19,49,140,27,6,-13,400,19,13,153.63,1,13.629999999999995,7,20
316,196,14,210,15,29,13,-1,1,15,16,-13,-14,225,1,14,172.038,14,157.038,1,15
317,121,121,44,22,15,0,7,121,44,15,0,7,16,-7,-7,153.916,11,109.916,11,4
318,169,39,208,16,29,10,-3,9,48,19,-10,-13,256,3,13,210.816,13,162.816,3,16
319,289,85,0,22,17,12,17,25,0,5,-12,5,0,-17,-5,110.33,17,110.33,5,0
320,196,140,0,24,14,4,14,100,0,10,-4,10,0,-14,-10,116.074,14,116.074,10,0
321,400,120,140,26,27,14,13,36,42,13,-14,-1,49,-13,1,267.284,20,225.284,6,7
322,225,90,105,21,22,9,8,36,42,13,-9,-1,49,-8,1,192.196,15,150.196,6,7
323,400,380,160,39,28,1,12,361,152,27,-1,11,64,-12,-11,515.728,20,363.72799999999995,19,8
324,400,260,260,33,33,7,7,169,169,26,-7,0,169,-7,0,523.73,20,354.73,13,13
325,81,162,171,27,28,-9,-10,324,342,37,9,-1,361,10,1,526.454,9,184.45399999999995,18,19
326,289,255,238,32,31,2,3,225,210,29,-2,1,196,-3,-1,524.554,17,314.554,15,14
327,1,20,10,21,11,-19,-9,400,200,30,19,10,100,9,-10,215.36,1,15.360000000000014,20,10
328,1,18,0,19,1,-17,1,324,0,18,17,18,0,-1,-18,8.928,1,8.928,18,0
329,400,200,120,30,26,10,14,100,60,16,-10,4,36,-14,-4,314.742,20,254.74200000000002,10,6
330,289,204,221,29,30,5,4,144,156,25,-5,-1,169,-4,1,436.602,17,280.602,12,13
331,324,198,180,29,28,7,8,121,110,21,-7,1,100,-8,-1,375.76,18,265.76,11,10
332,9,27,48,12,19,-6,-13,81,144,25,6,-7,256,13,7,183.052,3,39.05199999999999,9,16
333,9,30,6,13,5,-7,1,100,20,12,7,8,4,-1,-8,39.932,3,19.932000000000002,10,2
334,81,144,126,25,23,-7,-5,256,224,30,7,2,196,5,-2,377.272,9,153.272,16,14
335,16,12,16,7,8,1,0,9,12,7,-1,-1,16,0,1,28.924,4,16.924,3,4
336,169,26,169,15,26,11,0,4,26,15,-11,-11,169,0,11,162.112,13,136.112,2,13
337,100,60,90,16,19,4,1,36,54,15,-4,-3,81,-1,3,151.788,10,97.78800000000001,6,9
338,100,160,80,26,18,-6,2,256,128,24,6,8,64,-2,-8,271.688,10,143.688,16,8
339,81,108,0,21,9,-3,9,144,0,12,3,12,0,-9,-12,72.204,9,72.204,12,0
340,16,44,16,15,8,-7,0,121,44,15,7,7,16,0,-7,77.228,4,33.227999999999994,11,4
341,49,91,28,20,11,-6,3,169,52,17,6,9,16,-3,-9,122.874,7,70.874,13,4
342,49,84,77,19,18,-5,-4,144,132,23,5,1,121,4,-1,223.074,7,91.07400000000001,12,11
343,289,238,221,31,30,3,4,196,182,27,-3,1,169,-4,-1,479.488,17,297.488,14,13
344,169,130,39,23,16,3,10,100,30,13,-3,7,9,-10,-7,154.438,13,124.43799999999999,10,3
345,36,0,48,6,14,6,-2,0,0,8,-6,-8,64,2,8,30.774,6,30.774,0,8
346,9,51,15,20,8,-14,-2,289,85,22,14,12,25,2,-12,119.056,3,34.056,17,5
347,4,28,18,16,11,-12,-7,196,126,23,12,5,81,7,-5,149.564,2,23.563999999999993,14,9
348,49,0,126,7,25,7,-11,0,0,18,-7,-18,324,11,18,70.784,7,70.784,0,18
349,49,91,77,20,18,-6,-4,169,143,24,6,2,121,4,-2,237.244,7,94.244,13,11
350,144,36,84,15,19,9,5,9,21,10,-9,-4,49,-5,4,114.118,12,93.118,3,7
351,225,105,240,22,31,8,-1,49,112,23,-8,-9,256,1,9,336.812,15,224.812,7,16
352,36,30,48,11,14,1,-2,25,40,13,-1,-3,64,2,3,86.24,6,46.239999999999995,5,8
353,196,98,14,21,15,7,13,49,7,8,-7,6,1,-13,-6,108.222,14,101.222,7,1
354,25,75,95,20,24,-10,-14,225,285,34,10,-4,361,14,4,375.232,5,90.23200000000003,15,19
355,225,150,30,25,17,5,13,100,20,12,-5,8,4,-13,-8,163.768,15,143.768,10,2
356,36,30,0,11,6,1,6,25,0,5,-1,5,0,-6,-5,22.344,6,22.344,5,0
357,100,120,160,22,26,-2,-6,144,192,28,2,-4,256,6,4,354.686,10,162.68599999999998,12,16
358,400,240,100,32,25,8,15,144,60,17,-8,7,25,-15,-7,324.312,20,264.312,12,5
359,361,19,323,20,36,18,2,1,17,18,-18,-16,289,-2,16,273.004,19,256.004,1,17
360,289,272,187,33,28,1,6,256,176,27,-1,5,121,-6,-5,473.102,17,297.102,16,11
361,400,280,280,34,34,6,6,196,196,28,-6,0,196,-6,0,571.55,20,375.54999999999995,14,14
362,400,100,320,25,36,15,4,25,80,21,-15,-11,256,-4,11,384.932,20,304.932,5,16
363,49,126,28,25,11,-11,3,324,72,22,11,14,16,-3,-14,161.34,7,89.34,18,4
364,100,170,80,27,18,-7,2,289,136,25,7,9,64,-2,-9,284.516,10,148.51600000000002,17,8
365,324,360,198,38,29,-2,7,400,220,31,2,9,121,-7,-9,574.612,18,354.61199999999997,20,11
366,121,176,0,27,11,-5,11,256,0,16,5,16,0,-11,-16,114.184,11,114.184,16,0
367,400,20,180,21,29,19,11,1,9,10,-19,-8,81,-11,8,203.422,20,194.422,1,9
368,256,112,304,23,35,9,-3,49,133,26,-9,-12,361,3,12,402.832,16,269.832,7,19
369,25,100,90,25,23,-15,-13,400,360,38,15,2,324,13,-2,459.792,5,99.79199999999997,20,18
370,196,42,126,17,23,11,5,9,27,12,-11,-6,81,-5,6,157.108,14,130.108,3,9
371,36,120,54,26,15,-14,-3,400,180,29,14,11,81,3,-11,273.276,6,93.27600000000001,20,9
372,25,75,25,20,10,-10,0,225,75,20,10,10,25,0,-10,129.456,5,54.45599999999999,15,5
373,361,247,247,32,32,6,6,169,169,26,-6,0,169,-6,0,501.484,19,332.484,13,13
374,4,12,8,8,6,-4,-2,36,24,10,4,2,16,2,-2,34.308,2,10.308,6,4
375,361,228,76,31,23,7,15,144,48,16,-7,8,16,-15,-8,285.252,19,237.252,12,4
376,196,252,210,32,29,-4,-1,324,270,33,4,3,225,1,-3,546.776,14,276.77599999999995,18,15
377,100,0,190,10,29,10,-9,0,0,19,-10,-19,361,9,19,117.808,10,117.808,0,19
378,16,52,40,17,14,-9,-6,169,130,23,9,3,100,6,-3,178.996,4,48.99600000000001,13,10
379,64,96,48,20,14,-4,2,144,72,18,4,6,36,-2,-6,158.592,8,86.59200000000001,12,6
380,225,45,0,18,15,12,15,9,0,3,-12,3,0,-15,-3,74.946,15,74.946,3,0
381,64,16,56,10,15,6,1,4,14,9,-6,-5,49,-1,5,64.008,8,50.007999999999996,2,7
382,289,136,170,25,27,9,7,64,80,18,-9,-2,100,-7,2,301.204,17,221.204,8,10
383,196,140,70,24,19,4,9,100,50,15,-4,5,25,-9,-5,200.664,14,150.664,10,5
384,225,300,270,35,33,-5,-3,400,360,38,5,2,324,3,-2,697.512,15,337.51199999999994,20,18
385,400,140,100,27,25,13,15,49,35,12,-13,2,25,-15,-2,249.874,20,214.874,7,5
386,16,36,48,13,16,-5,-8,81,108,21,5,-3,144,8,3,152.9,4,44.900000000000006,9,12
387,289,204,136,29,25,5,9,144,96,20,-5,4,64,-9,-4,334.388,17,238.38799999999998,12,8
388,4,18,14,11,9,-7,-5,81,63,16,7,2,49,5,-2,79.45,2,16.450000000000003,9,7
389,9,15,60,8,23,-2,-17,25,100,25,2,-15,400,17,15,138.532,3,38.53200000000001,5,20
390,25,60,85,17,22,-7,-12,144,204,29,7,-5,289,12,5,281.538,5,77.53800000000001,12,17
391,225,210,195,29,28,1,2,196,182,27,-1,1,169,-2,-1,437.012,15,255.012,14,13
392,64,88,0,19,8,-3,8,121,0,11,3,11,0,-8,-11,57.052,8,57.052,11,0
393,169,0,91,13,20,13,6,0,0,7,-13,-7,49,-6,7,83.956,13,83.956,0,7
394,64,32,24,12,11,4,5,16,12,7,-4,1,9,-5,-1,54.172,8,42.172,4,3
395,169,91,26,20,15,6,11,49,14,9,-6,5,4,-11,-5,111.53,13,97.53,7,2
396,256,0,80,16,21,16,11,0,0,5,-16,-5,25,-11,5,100.156,16,100.156,0,5
397,81,45,63,14,16,4,2,25,35,12,-4,-2,49,-2,2,107.388,9,72.388,5,7
398,196,42,42,17,17,11,11,9,9,6,-11,0,9,-11,0,96.558,14,87.558,3,3
399,1,10,17,11,18,-9,-16,100,170,27,9,-7,289,16,7,183.416,1,13.415999999999997,10,17
400,225,30,150,17,25,13,5,4,20,12,-13,-8,100,-5,8,163.384,15,143.384,2,10
401,289,187,221,28,30,6,4,121,143,24,-6,-2,169,-4,2,415.36,17,272.36,11,13
402,256,48,32,19,18,13,14,9,6,5,-13,1,4,-14,-1,106.288,16,100.288,3,2
403,1,9,7,10,8,-8,-6,81,63,16,8,2,49,6,-2,71.028,1,8.028000000000006,9,7
404,49,42,49,13,14,1,0,36,42,13,-1,-1,49,0,1,97.986,7,55.986000000000004,6,7
405,4,24,26,14,15,-10,-11,144,156,25,10,-1,169,11,1,181.512,2,25.512,12,13
406,225,240,225,31,30,-1,0,256,240,31,1,1,225,0,-1,524.944,15,284.94399999999996,16,15
407,25,40,65,13,18,-3,-8,64,104,21,3,-5,169,8,5,161.624,5,57.623999999999995,8,13
408,324,198,342,29,37,7,-1,121,209,30,-7,-8,361,1,8,554.43,18,345.42999999999995,11,19
409,169,65,78,18,19,8,7,25,30,11,-8,-1,36,-7,1,140.566,13,110.566,5,6
410,289,85,153,22,26,12,8,25,45,14,-12,-4,81,-8,4,231.912,17,186.912,5,9
411,289,85,204,22,29,12,5,25,60,17,-12,-7,144,-5,7,274.106,17,214.106,5,12
412,4,40,6,22,5,-18,-1,400,60,23,18,17,9,1,-17,82.44,2,22.439999999999998,20,3
413,16,24,40,10,14,-2,-6,36,60,16,2,-4,100,6,4,95.16,4,35.16,6,10
414,4,22,22,13,13,-9,-9,121,121,22,9,0,121,9,0,143.536,2,22.536,11,11
415,121,143,209,24,30,-2,-8,169,247,32,2,-6,361,8,6,451.128,11,204.128,13,19
416,225,135,255,24,32,6,-2,81,153,26,-6,-8,289,2,8,401.056,15,248.05599999999998,9,17
417,81,144,81,25,18,-7,0,256,144,25,7,7,81,0,-7,273.17,9,129.17000000000002,16,9
418,400,220,280,31,34,9,6,121,154,25,-9,-3,196,-6,3,499.02,20,345.02,11,14
419,1,17,1,18,2,-16,0,289,17,18,16,16,1,0,-16,26.512,1,9.512,17,1
420,64,128,72,24,17,-8,-1,256,144,25,8,7,81,1,-7,257.26,8,113.25999999999999,16,9
421,361,152,38,27,21,11,17,64,16,10,-11,6,4,-17,-6,196.408,19,180.408,8,2
422,225,255,45,32,18,-2,12,289,51,20,2,14,9,-12,-14,255.828,15,204.828,17,3
423,81,180,45,29,14,-11,4,400,100,25,11,15,25,-4,-15,231.092,9,131.092,20,5
424,225,240,135,31,24,-1,6,256,144,25,1,7,81,-6,-7,384.21,15,240.20999999999998,16,9
425,196,196,140,28,24,0,4,196,140,24,0,4,100,-4,-4,353.248,14,213.248,14,10
426,324,306,360,35,38,1,-2,289,340,37,-1,-3,400,2,3,749.528,18,409.528,17,20
427,361,342,247,37,32,1,6,324,234,31,-1,5,169,-6,-5,614.382,19,380.38199999999995,18,13
428,361,190,171,29,28,9,10,100,90,19,-9,1,81,-10,-1,356.328,19,266.328,10,9
429,289,85,170,22,27,12,7,25,50,15,-12,-5,100,-7,5,245.576,17,195.576,5,10
430,36,60,24,16,10,-4,2,100,40,14,4,6,16,-2,-6,89.712,6,49.712,10,4
431,121,66,11,17,12,5,10,36,6,7,-5,5,1,-10,-5,72.35,11,66.35,6,1
432,64,104,120,21,23,-5,-7,169,195,28,5,-2,225,7,2,320.994,8,125.99400000000003,13,15
433,9,42,60,17,23,-11,-17,196,280,34,11,-6,400,17,6,332.632,3,52.632000000000005,14,20
434,256,112,304,23,35,9,-3,49,133,26,-9,-12,361,3,12,401.944,16,268.944,7,19
435,36,54,102,15,23,-3,-11,81,153,26,3,-8,289,11,8,237.878,6,84.87799999999999,9,17
436,81,171,144,28,25,-10,-7,361,304,35,10,3,256,7,-3,479.574,9,175.574,19,16
437,169,117,91,22,20,4,6,81,63,16,-4,2,49,-6,-2,206.172,13,143.172,9,7
438,4,22,34,13,19,-9,-15,121,187,28,9,-6,289,15,6,215.408,2,28.407999999999987,11,17
439,81,72,36,17,13,1,5,64,32,12,-1,4,16,-5,-4,104.016,9,72.016,8,4
440,16,0,76,4,23,4,-15,0,0,19,-4,-19,361,15,19,41.876,4,41.876,0,19
441,196,196,224,28,30,0,-2,196,224,30,0,-2,256,2,2,478.948,14,254.94799999999998,14,16
442,36,102,12,23,8,-11,4,289,34,19,11,15,4,-4,-15,97.604,6,63.604,17,2
443,25,100,50,25,15,-15,-5,400,200,30,15,10,100,5,-10,279.636,5,79.63600000000002,20,10
444,81,180,162,29,27,-11,-9,400,360,38,11,2,324,9,-2,548.908,9,188.90800000000002,20,18
445,100,150,130,25,23,-5,-3,225,195,28,5,2,169,3,-2,357.386,10,162.38600000000002,15,13
446,289,0,102,17,23,17,11,0,0,6,-17,-6,36,-11,6,119.12,17,119.12,0,6
447,64,152,48,27,14,-11,2,361,114,25,11,13,36,-2,-13,228.268,8,114.268,19,6
448,144,156,84,25,19,-1,5,169,91,20,1,6,49,-5,-6,244.168,12,153.168,13,7
449,169,13,104,14,21,12,5,1,8,9,-12,-7,64,-5,7,106.794,13,98.794,1,8
450,324,126,216,25,30,11,6,49,84,19,-11,-5,144,-6,5,331.5,18,247.5,7,12
451,324,108,270,24,33,12,3,36,90,21,-12,-9,225,-3,9,357.572,18,267.572,6,15
452,25,60,50,17,15,-7,-5,144,120,22,7,2,100,5,-2,179.932,5,59.93199999999999,12,10
453,81,135,135,24,24,-6,-6,225,225,30,6,0,225,6,0,377.98,9,152.98000000000002,15,15
454,36,42,66,13,17,-1,-5,49,77,18,1,-4,121,5,4,138.48,6,61.47999999999999,7,11
455,49,140,91,27,20,-13,-6,400,260,33,13,7,169,6,-7,385.576,7,125.57600000000002,20,13
456,25,55,100,16,25,-6,-15,121,220,31,6,-9,400,15,9,302.33,5,82.32999999999998,11,20
457,400,80,320,24,36,16,4,16,64,20,-16,-12,256,-4,12,360.96,20,296.96,4,16
458,9,24,12,11,7,-5,-1,64,32,12,5,4,16,1,-4,51.428,3,19.427999999999997,8,4
459,169,0,91,13,20,13,6,0,0,7,-13,-7,49,-6,7,84.624,13,84.624,0,7
460,81,126,144,23,25,-5,-7,196,224,30,5,-2,256,7,2,376.732,9,152.73200000000003,14,16
461,324,126,288,25,34,11,2,49,112,23,-11,-9,256,-2,9,396.06,18,284.06,7,16
462,81,81,18,18,11,0,7,81,18,11,0,7,4,-7,-7,86.25,9,68.25,9,2
463,225,240,120,31,23,-1,7,256,128,24,1,8,64,-7,-8,359.64,15,231.64,16,8
464,144,204,180,29,27,-5,-3,289,255,32,5,2,225,3,-2,480.07,12,225.07,17,15
465,256,16,48,17,19,15,13,1,3,4,-15,-2,9,-13,2,94.786,16,91.786,1,3
466,9,39,3,16,4,-10,2,169,13,14,10,12,1,-2,-12,34.86,3,21.86,13,1
467,36,42,36,13,12,-1,0,49,42,13,1,1,36,0,-1,88.544,6,46.544,7,6
468,4,10,38,7,21,-3,-17,25,95,24,3,-14,361,17,14,118.92,2,23.92,5,19
469,169,78,208,19,29,7,-3,36,96,22,-7,-10,256,3,10,277.904,13,181.904,6,16
470,400,80,0,24,20,16,20,16,0,4,-16,4,0,-20,-4,135.0,20,135.0,4,0
471,256,0,192,16,28,16,4,0,0,12,-16,-12,144,-4,12,156.752,16,156.752,0,12
472,289,204,85,29,22,5,12,144,60,17,-5,7,25,-12,-7,271.162,17,211.16199999999998,12,5
473,9,39,60,16,23,-10,-17,169,260,33,10,-7,400,17,7,311.138,3,51.13799999999998,13,20
474,169,0,65,13,18,13,8,0,0,5,-13,-5,25,-8,5,72.236,13,72.236,0,5
475,196,196,126,28,23,0,5,196,126,23,0,5,81,-5,-5,333.232,14,207.23200000000003,14,9
476,121,143,220,24,31,-2,-9,169,260,33,2,-7,400,9,7,469.536,11,209.536,13,20
477,400,320,360,36,38,4,2,256,288,34,-4,-2,324,-2,2,723.03,20,435.03,16,18
478,36,6,78,7,19,5,-7,1,13,14,-5,-12,169,7,12,62.504,6,49.504,1,13
479,64,48,72,14,17,2,-1,36,54,15,-2,-3,81,1,3,128.1,8,74.1,6,9
480,9,27,18,12,9,-6,-3,81,54,15,6,3,36,3,-3,78.094,3,24.093999999999994,9,6
481,144,240,144,32,24,-8,0,400,240,32,8,8,144,0,-8,465.128,12,225.128,20,12
482,1,10,10,11,11,-9,-9,100,100,20,9,0,100,9,0,110.0,1,10.0,10,10
483,144,156,240,25,32,-1,-8,169,260,33,1,-7,400,8,7,490.844,12,230.844,13,20
484,1,6,4,7,5,-5,-3,36,24,10,5,2,16,3,-2,28.968,1,4.968,6,4
0,1,25,25,26,26,-24,-24,625,625,50,24,0,625,24,0,650.0,1,25.0,25,25
1,4,50,50,27,27,-23,-23,625,625,50,23,0,625,23,0,675.506,2,50.50599999999997,25,25
2,1,12,0,13,1,-11,1,144,0,12,11,12,0,-1,-12,6.172,1,6.172,12,0
3,49,175,84,32,19,-18,-5,625,300,37,18,13,144,5,-13,439.88,7,139.88,25,12
4,625,0,0,25,25,25,25,0,0,0,-25,0,0,-25,0,150.05933333333334,25,150.05933333333334,0,0
5,169,0,0,13,13,13,13,0,0,0,-13,0,0,-13,0,39.058,13,39.058,0,0
6,1,25,0,26,1,-24,1,625,0,25,24,25,0,-1,-25,12.05,1,12.05,25,0
7,4,50,0,27,2,-23,2,625,0,25,23,25,0,-2,-25,25.315333333333335,2,25.315333333333335,25,0
8,289,425,289,42,34,-8,0,625,425,42,8,8,289,0,-8,849.6746666666667,17,424.67466666666667,25,17
9,169,325,325,38,38,-12,-12,625,625,50,12,0,625,12,0,989.1406666666667,13,364.1406666666667,25,25
10,625,625,300,50,37,0,13,625,300,37,0,13,144,-13,-13,912.1966666666667,25,612.1966666666667,25,12
11,1,12,0,13,1,-11,1,144,0,12,11,12,0,-1,-12,5.828,1,5.828,12,0
12,625,625,0,50,25,0,25,625,0,25,0,25,0,-25,-25,464.72266666666667,25,464.72266666666667,25,0
13,144,0,300,12,37,12,-13,0,0,25,-12,-25,625,13,25,184.166,12,184.166,0,25
14,625,0,625,25,50,25,0,0,0,25,-25,-25,625,0,25,461.28766666666667,25,461.28766666666667,0,25
15,169,0,325,13,38,13,-12,0,0,25,-13,-25,625,12,25,200.617,13,200.617,0,25
16,1,0,25,1,26,1,-24,0,0,25,-1,-25,625,24,25,12.391666666666667,1,12.391666666666667,0,25
17,144,0,300,12,37,12,-13,0,0,25,-12,-25,625,13,25,183.40533333333335,12,183.40533333333335,0,25
18,625,0,300,25,37,25,13,0,0,12,-25,-12,144,-13,12,299.99733333333336,25,299.99733333333336,0,12
19,625,0,0,25,25,25,25,0,0,0,-25,0,0,-25,0,150.238,25,150.238,0,0
20,625,0,300,25,37,25,13,0,0,12,-25,-12,144,-13,12,299.626,25,299.626,0,12
21,1,25,21,26,22,-24,-20,625,525,46,24,4,441,20,-4,547.9893333333333,1,22.98933333333332,25,21
22,625,0,0,25,25,25,25,0,0,0,-25,0,0,-25,0,149.764,25,149.764,0,0
23,169,0,0,13,13,13,13,0,0,0,-13,0,0,-13,0,39.06666666666667,13,39.06666666666667,0,0
24,1,25,25,26,26,-24,-24,625,625,50,24,0,625,24,0,650.0,1,25.0,25,25
25,4,0,0,2,2,2,2,0,0,0,-2,0,0,-2,0,0.5013333333333333,2,0.5013333333333333,0,0
26,1,0,25,1,26,1,-24,0,0,25,-1,-25,625,24,25,12.466666666666667,1,12.466666666666667,0,25
27,169,0,0,13,13,13,13,0,0,0,-13,0,0,-13,0,38.93266666666667,13,38.93266666666667,0,0
28,1,0,0,1,1,1,1,0,0,0,-1,0,0,-1,0,0.0,1,0.0,0,0
29,1,0,0,1,1,1,1,0,0,0,-1,0,0,-1,0,0.0,1,0.0,0,0
30,144,0,300,12,37,12,-13,0,0,25,-12,-25,625,13,25,183.91066666666666,12,183.91066666666666,0,25
31,625,625,300,50,37,0,13,625,300,37,0,13,144,-13,-13,912.8783333333333,25,612.8783333333333,25,12
32,324,450,288,43,34,-7,2,625,400,41,7,9,256,-2,-9,845.0433333333333,18,445.0433333333333,25,16
33,625,0,300,25,37,25,13,0,0,12,-25,-12,144,-13,12,299.9046666666667,25,299.9046666666667,0,12
34,144,0,300,12,37,12,-13,0,0,25,-12,-25,625,13,25,182.336,12,182.336,0,25
35,625,300,500,37,45,13,5,144,240,32,-13,-8,400,-5,8,789.304,25,549.304,12,20
36,529,575,276,48,35,-2,11,625,300,37,2,13,144,-11,-13,852.1316666666667,23,552.1316666666667,25,12
37,169,0,325,13,38,13,-12,0,0,25,-13,-25,625,12,25,199.894,13,199.894,0,25
38,1,25,21,26,22,-24,-20,625,525,46,24,4,441,20,-4,547.92,1,22.91999999999996,25,21
39,625,0,275,25,36,25,14,0,0,11,-25,-11,121,-14,11,287.286,25,287.286,0,11
40,144,300,300,37,37,-13,-13,625,625,50,13,0,625,13,0,957.9703333333333,12,332.9703333333333,25,25
41,625,0,625,25,50,25,0,0,0,25,-25,-25,625,0,25,463.967,25,463.967,0,25
42,625,0,300,25,37,25,13,0,0,12,-25,-12,144,-13,12,300.35066666666665,25,300.35066666666665,0,12
43,169,325,325,38,38,-12,-12,625,625,50,12,0,625,12,0,989.0346666666667,13,364.0346666666667,25,25
44,625,0,0,25,25,25,25,0,0,0,-25,0,0,-25,0,149.89266666666666,25,149.89266666666666,0,0
45,144,300,300,37,37,-13,-13,625,625,50,13,0,625,13,0,958.1156666666667,12,333.1156666666667,25,25
46,625,0,625,25,50,25,0,0,0,25,-25,-25,625,0,25,462.4676666666667,25,462.4676666666667,0,25
47,625,0,300,25,37,25,13,0,0,12,-25,-12,144,-13,12,299.1653333333333,25,299.1653333333333,0,12
48,169,325,325,38,38,-12,-12,625,625,50,12,0,625,12,0,988.9606666666666,13,363.9606666666666,25,25
49,1,25,25,26,26,-24,-24,625,625,50,24,0,625,24,0,650.0,1,25.0,25,25
50,4,50,50,27,27,-23,-23,625,625,50,23,0,625,23,0,675.506,2,50.50599999999997,25,25
51,1,12,0,13,1,-11,1,144,0,12,11,12,0,-1,-12,6.172,1,6.172,12,0
52,49,175,84,32,19,-18,-5,625,300,37,18,13,144,5,-13,439.88,7,139.88,25,12
53,625,0,0,25,25,25,25,0,0,0,-25,0,0,-25,0,150.05933333333334,25,150.05933333333334,0,0
54,169,0,0,13,13,13,13,0,0,0,-13,0,0,-13,0,39.058,13,39.058,0,0
55,1,25,0,26,1,-24,1,625,0,25,24,25,0,-1,-25,12.05,1,12.05,25,0
56,4,50,0,27,2,-23,2,625,0,25,23,25,0,-2,-25,25.315333333333335,2,25.315333333333335,25,0
57,289,425,289,42,34,-8,0,625,425,42,8,8,289,0,-8,849.6746666666667,17,424.67466666666667,25,17
58,169,325,325,38,38,-12,-12,625,625,50,12,0,625,12,0,989.1406666666667,13,364.1406666666667,25,25
59,625,625,300,50,37,0,13,625,300,37,0,13,144,-13,-13,912.1966666666667,25,612.1966666666667,25,12
60,1,12,0,13,1,-11,1,144,0,12,11,12,0,-1,-12,5.828,1,5.828,12,0
61,625,625,0,50,25,0,25,625,0,25,0,25,0,-25,-25,464.72266666666667,25,464.72266666666667,25,0
62,144,0,300,12,37,12,-13,0,0,25,-12,-25,625,13,25,184.166,12,184.166,0,25
63,625,0,625,25,50,25,0,0,0,25,-25,-25,625,0,25,461.28766666666667,25,461.28766666666667,0,25
64,169,0,325,13,38,13,-12,0,0,25,-13,-25,625,12,25,200.617,13,200.617,0,25
65,1,0,25,1,26,1,-24,0,0,25,-1,-25,625,24,25,12.391666666666667,1,12.391666666666667,0,25
66,144,0,300,12,37,12,-13,0,0,25,-12,-25,625,13,25,183.40533333333335,12,183.40533333333335,0,25
67,625,0,300,25,37,25,13,0,0,12,-25,-12,144,-13,12,299.99733333333336,25,299.99733333333336,0,12
68,625,0,0,25,25,25,25,0,0,0,-25,0,0,-25,0,150.238,25,150.238,0,0
69,625,0,300,25,37,25,13,0,0,12,-25,-12,144,-13,12,299.626,25,299.626,0,12
70,1,25,21,26,22,-24,-20,625,525,46,24,4,441,20,-4,547.9893333333333,1,22.98933333333332,25,21
71,625,0,0,25,25,25,25,0,0,0,-25,0,0,-25,0,149.764,25,149.764,0,0
72,169,0,0,13,13,13,13,0,0,0,-13,0,0,-13,0,39.06666666666667,13,39.06666666666667,0,0
73,1,25,25,26,26,-24,-24,625,625,50,24,0,625,24,0,650.0,1,25.0,25,25
74,4,0,0,2,2,2,2,0,0,0,-2,0,0,-2,0,0.5013333333333333,2,0.5013333333333333,0,0
75,1,0,25,1,26,1,-24,0,0,25,-1,-25,625,24,25,12.466666666666667,1,12.466666666666667,0,25
76,169,0,0,13,13,13,13,0,0,0,-13,0,0,-13,0,38.93266666666667,13,38.93266666666667,0,0
77,1,0,0,1,1,1,1,0,0,0,-1,0,0,-1,0,0.0,1,0.0,0,0
78,1,0,0,1,1,1,1,0,0,0,-1,0,0,-1,0,0.0,1,0.0,0,0
79,144,0,300,12,37,12,-13,0,0,25,-12,-25,625,13,25,183.91066666666666,12,183.91066666666666,0,25
80,625,625,300,50,37,0,13,625,300,37,0,13,144,-13,-13,912.8783333333333,25,612.8783333333333,25,12
81,324,450,288,43,34,-7,2,625,400,41,7,9,256,-2,-9,845.0433333333333,18,445.0433333333333,25,16
82,625,0,300,25,37,25,13,0,0,12,-25,-12,144,-13,12,299.9046666666667,25,299.9046666666667,0,12
83,144,0,300,12,37,12,-13,0,0,25,-12,-25,625,13,25,182.336,12,182.336,0,25
84,625,300,500,37,45,13,5,144,240,32,-13,-8,400,-5,8,789.304,25,549.304,12,20
85,529,575,276,48,35,-2,11,625,300,37,2,13,144,-11,-13,852.1316666666667,23,552.1316666666667,25,12
86,169,0,325,13,38,13,-12,0,0,25,-13,-25,625,12,25,199.894,13,199.894,0,25
87,1,25,21,26,22,-24,-20,625,525,46,24,4,441,20,-4,547.92,1,22.91999999999996,25,21
88,625,0,275,25,36,25,14,0,0,11,-25,-11,121,-14,11,287.286,25,287.286,0,11
89,144,300,300,37,37,-13,-13,625,625,50,13,0,625,13,0,957.9703333333333,12,332.9703333333333,25,25
90,625,0,625,25,50,25,0,0,0,25,-25,-25,625,0,25,463.967,25,463.967,0,25
91,625,0,300,25,37,25,13,0,0,12,-25,-12,144,-13,12,300.35066666666665,25,300.35066666666665,0,12
92,169,325,325,38,38,-12,-12,625,625,50,12,0,625,12,0,989.0346666666667,13,364.0346666666667,25,25
93,625,0,0,25,25,25,25,0,0,0,-25,0,0,-25,0,149.89266666666666,25,149.89266666666666,0,0
94,144,300,300,37,37,-13,-13,625,625,50,13,0,625,13,0,958.1156666666667,12,333.1156666666667,25,25
95,625,0,625,25,50,25,0,0,0,25,-25,-25,625,0,25,462.4676666666667,25,462.4676666666667,0,25
96,625,0,300,25,37,25,13,0,0,12,-25,-12,144,-13,12,299.1653333333333,25,299.1653333333333,0,12
97,169,325,325,38,38,-12,-12,625,625,50,12,0,625,12,0,988.9606666666666,13,363.9606666666666,25,25
98,1,25,25,26,26,-24,-24,625,625,50,24,0,625,24,0,650.0,1,25.0,25,25
99,4,50,50,27,27,-23,-23,625,625,50,23,0,625,23,0,675.506,2,50.50599999999997,25,25
100,1,12,0,13,1,-11,1,144,0,12,11,12,0,-1,-12,6.172,1,6.172,12,0
101,49,175,84,32,19,-18,-5,625,300,37,18,13,144,5,-13,439.88,7,139.88,25,12
102,625,0,0,25,25,25,25,0,0,0,-25,0,0,-25,0,150.05933333333334,25,150.05933333333334,0,0
103,169,0,0,13,13,13,13,0,0,0,-13,0,0,-13,0,39.058,13,39.058,0,0
104,1,25,0,26,1,-24,1,625,0,25,24,25,0,-1,-25,12.05,1,12.05,25,0
105,4,50,0,27,2,-23,2,625,0,25,23,25,0,-2,-25,25.315333333333335,2,25.315333333333335,25,0
106,289,425,289,42,34,-8,0,625,425,42,8,8,289,0,-8,849.6746666666667,17,424.67466666666667,25,17
107,169,325,325,38,38,-12,-12,625,625,50,12,0,625,12,0,989.1406666666667,13,364.1406666666667,25,25
108,625,625,300,50,37,0,13,625,300,37,0,13,144,-13,-13,912.1966666666667,25,612.1966666666667,25,12
109,1,12,0,13,1,-11,1,144,0,12,11,12,0,-1,-12,5.828,1,5.828,12,0
110,625,625,0,50,25,0,25,625,0,25,0,25,0,-25,-25,464.72266666666667,25,464.72266666666667,25,0
111,144,0,300,12,37,12,-13,0,0,25,-12,-25,625,13,25,184.166,12,184.166,0,25
112,625,0,625,25,50,25,0,0,0,25,-25,-25,625,0,25,461.28766666666667,25,461.28766666666667,0,25
113,169,0,325,13,38,13,-12,0,0,25,-13,-25,625,12,25,200.617,13,200.617,0,25
114,1,0,25,1,26,1,-24,0,0,25,-1,-25,625,24,25,12.391666666666667,1,12.391666666666667,0,25
115,144,0,300,12,37,12,-13,0,0,25,-12,-25,625,13,25,183.40533333333335,12,183.40533333333335,0,25
116,625,0,300,25,37,25,13,0,0,12,-25,-12,144,-13,12,299.99733333333336,25,299.99733333333336,0,12
117,625,0,0,25,25,25,25,0,0,0,-25,0,0,-25,0,150.238,25,150.238,0,0
118,625,0,300,25,37,25,13,0,0,12,-25,-12,144,-13,12,299.626,25,299.626,0,12
119,1,25,21,26,22,-24,-20,625,525,46,24,4,441,20,-4,547.9893333333333,1,22.98933333333332,25,21
120,625,0,0,25,25,25,25,0,0,0,-25,0,0,-25,0,149.764,25,149.764,0,0
121,169,0,0,13,13,13,13,0,0,0,-13,0,0,-13,0,39.06666666666667,13,39.06666666666667,0,0
122,1,25,25,26,26,-24,-24,625,625,50,24,0,625,24,0,650.0,1,25.0,25,25
123,4,0,0,2,2,2,2,0,0,0,-2,0,0,-2,0,0.5013333333333333,2,0.5013333333333333,0,0
124,1,0,25,1,26,1,-24,0,0,25,-1,-25,625,24,25,12.466666666666667,1,12.466666666666667,0,25
125,169,0,0,13,13,13,13,0,0,0,-13,0,0,-13,0,38.93266666666667,13,38.93266666666667,0,0
126,1,0,0,1,1,1,1,0,0,0,-1,0,0,-1,0,0.0,1,0.0,0,0
127,1,0,0,1,1,1,1,0,0,0,-1,0,0,-1,0,0.0,1,0.0,0,0
128,144,0,300,12,37,12,-13,0,0,25,-12,-25,625,13,25,183.91066666666666,12,183.91066666666666,0,25
129,625,625,300,50,37,0,13,625,300,37,0,13,144,-13,-13,912.8783333333333,25,612.8783333333333,25,12
130,324,450,288,43,34,-7,2,625,400,41,7,9,256,-2,-9,845.0433333333333,18,445.0433333333333,25,16
131,625,0,300,25,37,25,13,0,0,12,-25,-12,144,-13,12,299.9046666666667,25,299.9046666666667,0,12
132,144,0,300,12,37,12,-13,0,0,25,-12,-25,625,13,25,182.336,12,182.336,0,25
133,625,300,500,37,45,13,5,144,240,32,-13,-8,400,-5,8,789.304,25,549.304,12,20
134,529,575,276,48,35,-2,11,625,300,37,2,13,144,-11,-13,852.1316666666667,23,552.1316666666667,25,12
135,169,0,325,13,38,13,-12,0,0,25,-13,-25,625,12,25,199.894,13,199.894,0,25
136,1,25,21,26,22,-24,-20,625,525,46,24,4,441,20,-4,547.92,1,22.91999999999996,25,21
137,625,0,275,25,36,25,14,0,0,11,-25,-11,121,-14,11,287.286,25,287.286,0,11
138,144,300,300,37,37,-13,-13,625,625,50,13,0,625,13,0,957.9703333333333,12,332.9703333333333,25,25
139,625,0,625,25,50,25,0,0,0,25,-25,-25,625,0,25,463.967,25,463.967,0,25
140,625,0,300,25,37,25,13,0,0,12,-25,-12,144,-13,12,300.35066666666665,25,300.35066666666665,0,12
141,169,325,325,38,38,-12,-12,625,625,50,12,0,625,12,0,989.0346666666667,13,364.0346666666667,25,25
142,625,0,0,25,25,25,25,0,0,0,-25,0,0,-25,0,149.89266666666666,25,149.89266666666666,0,0
143,144,300,300,37,37,-13,-13,625,625,50,13,0,625,13,0,958.1156666666667,12,333.1156666666667,25,25
144,625,0,625,25,50,25,0,0,0,25,-25,-25,625,0,25,462.4676666666667,25,462.4676666666667,0,25
145,625,0,300,25,37,25,13,0,0,12,-25,-12,144,-13,12,299.1653333333333,25,299.1653333333333,0,12
146,169,325,325,38,38,-12,-12,625,625,50,12,0,625,12,0,988.9606666666666,13,363.9606666666666,25,25
147,1,25,25,26,26,-24,-24,625,625,50,24,0,625,24,0,650.0,1,25.0,25,25
148,4,50,50,27,27,-23,-23,625,625,50,23,0,625,23,0,675.506,2,50.50599999999997,25,25
149,1,12,0,13,1,-11,1,144,0,12,11,12,0,-1,-12,6.172,1,6.172,12,0
150,49,175,84,32,19,-18,-5,625,300,37,18,13,144,5,-13,439.88,7,139.88,25,12
151,625,0,0,25,25,25,25,0,0,0,-25,0,0,-25,0,150.05933333333334,25,150.05933333333334,0,0
152,169,0,0,13,13,13,13,0,0,0,-13,0,0,-13,0,39.058,13,39.058,0,0
153,1,25,0,26,1,-24,1,625,0,25,24,25,0,-1,-25,12.05,1,12.05,25,0
154,4,50,0,27,2,-23,2,625,0,25,23,25,0,-2,-25,25.315333333333335,2,25.315333333333335,25,0
155,289,425,289,42,34,-8,0,625,425,42,8,8,289,0,-8,849.6746666666667,17,424.67466666666667,25,17
156,169,325,325,38,38,-12,-12,625,625,50,12,0,625,12,0,989.1406666666667,13,364.1406666666667,25,25
157,625,625,300,50,37,0,13,625,300,37,0,13,144,-13,-13,912.1966666666667,25,612.1966666666667,25,12
158,1,12,0,13,1,-11,1,144,0,12,11,12,0,-1,-12,5.828,1,5.828,12,0
159,625,625,0,50,25,0,25,625,0,25,0,25,0,-25,-25,464.72266666666667,25,464.72266666666667,25,0
160,144,0,300,12,37,12,-13,0,0,25,-12,-25,625,13,25,184.166,12,184.166,0,25
161,625,0,625,25,50,25,0,0,0,25,-25,-25,625,0,25,461.28766666666667,25,461.28766666666667,0,25
162,169,0,325,13,38,13,-12,0,0,25,-13,-25,625,12,25,200.617,13,200.617,0,25
163,1,0,25,1,26,1,-24,0,0,25,-1,-25,625,24,25,12.391666666666667,1,12.391666666666667,0,25
164,144,0,300,12,37,12,-13,0,0,25,-12,-25,625,13,25,183.40533333333335,12,183.40533333333335,0,25
165,625,0,300,25,37,25,13,0,0,12,-25,-12,144,-13,12,299.99733333333336,25,299.99733333333336,0,12
166,625,0,0,25,25,25,25,0,0,0,-25,0,0,-25,0,150.238,25,150.238,0,0
167,625,0,300,25,37,25,13,0,0,12,-25,-12,144,-13,12,299.626,25,299.626,0,12
168,1,25,21,26,22,-24,-20,625,525,46,24,4,441,20,-4,547.9893333333333,1,22.98933333333332,25,21
169,625,0,0,25,25,25,25,0,0,0,-25,0,0,-25,0,149.764,25,149.764,0,0
170,169,0,0,13,13,13,13,0,0,0,-13,0,0,-13,0,39.06666666666667,13,39.06666666666667,0,0
171,1,25,25,26,26,-24,-24,625,625,50,24,0,625,24,0,650.0,1,25.0,25,25
172,4,0,0,2,2,2,2,0,0,0,-2,0,0,-2,0,0.5013333333333333,2,0.5013333333333333,0,0
173,1,0,25,1,26,1,-24,0,0,25,-1,-25,625,24,25,12.466666666666667,1,12.466666666666667,0,25
174,169,0,0,13,13,13,13,0,0,0,-13,0,0,-13,0,38.93266666666667,13,38.93266666666667,0,0
175,1,0,0,1,1,1,1,0,0,0,-1,0,0,-1,0,0.0,1,0.0,0,0
176,1,0,0,1,1,1,1,0,0,0,-1,0,0,-1,0,0.0,1,0.0,0,0
177,144,0,300,12,37,12,-13,0,0,25,-12,-25,625,13,25,183.91066666666666,12,183.91066666666666,0,25
178,625,625,300,50,37,0,13,625,300,37,0,13,144,-13,-13,912.8783333333333,25,612.8783333333333,25,12
179,324,450,288,43,34,-7,2,625,400,41,7,9,256,-2,-9,845.0433333333333,18,445.0433333333333,25,16
180,625,0,300,25,37,25,13,0,0,12,-25,-12,144,-13,12,299.9046666666667,25,299.9046666666667,0,12
181,144,0,300,12,37,12,-13,0,0,25,-12,-25,625,13,25,182.336,12,182.336,0,25
182,625,300,500,37,45,13,5,144,240,32,-13,-8,400,-5,8,789.304,25,549.304,12,20
183,529,575,276,48,35,-2,11,625,300,37,2,13,144,-11,-13,852.1316666666667,23,552.1316666666667,25,12
184,169,0,325,13,38,13,-12,0,0,25,-13,-25,625,12,25,199.894,13,199.894,0,25
185,1,25,21,26,22,-24,-20,625,525,46,24,4,441,20,-4,547.92,1,22.91999999999996,25,21
186,625,0,275,25,36,25,14,0,0,11,-25,-11,121,-14,11,287.286,25,287.286,0,11
187,144,300,300,37,37,-13,-13,625,625,50,13,0,625,13,0,957.9703333333333,12,332.9703333333333,25,25
188,625,0,625,25,50,25,0,0,0,25,-25,-25,625,0,25,463.967,25,463.967,0,25
189,625,0,300,25,37,25,13,0,0,12,-25,-12,144,-13,12,300.35066666666665,25,300.35066666666665,0,12
190,169,325,325,38,38,-12,-12,625,625,50,12,0,625,12,0,989.0346666666667,13,364.0346666666667,25,25
191,625,0,0,25,25,25,25,0,0,0,-25,0,0,-25,0,149.89266666666666,25,149.89266666666666,0,0
192,144,300,300,37,37,-13,-13,625,625,50,13,0,625,13,0,958.1156666666667,12,333.1156666666667,25,25
193,625,0,625,25,50,25,0,0,0,25,-25,-25,625,0,25,462.4676666666667,25,462.4676666666667,0,25
194,625,0,300,25,37,25,13,0,0,12,-25,-12,144,-13,12,299.1653333333333,25,299.1653333333333,0,12
195,169,325,325,38,38,-12,-12,625,625,50,12,0,625,12,0,988.9606666666666,13,363.9606666666666,25,25
196,1,25,25,26,26,-24,-24,625,625,50,24,0,625,24,0,650.0,1,25.0,25,25
197,4,50,50,27,27,-23,-23,625,625,50,23,0,625,23,0,675.506,2,50.50599999999997,25,25
198,1,12,0,13,1,-11,1,144,0,12,11,12,0,-1,-12,6.172,1,6.172,12,0
199,49,175,84,32,19,-18,-5,625,300,37,18,13,144,5,-13,439.88,7,139.88,25,12
200,625,0,0,25,25,25,25,0,0,0,-25,0,0,-25,0,150.05933333333334,25,150.05933333333334,0,0
201,169,0,0,13,13,13,13,0,0,0,-13,0,0,-13,0,39.058,13,39.058,0,0
202,1,25,0,26,1,-24,1,625,0,25,24,25,0,-1,-25,12.05,1,12.05,25,0
203,4,50,0,27,2,-23,2,625,0,25,23,25,0,-2,-25,25.315333333333335,2,25.315333333333335,25,0
204,289,425,289,42,34,-8,0,625,425,42,8,8,289,0,-8,849.6746666666667,17,424.67466666666667,25,17
205,169,325,325,38,38,-12,-12,625,625,50,12,0,625,12,0,989.1406666666667,13,364.1406666666667,25,25
206,625,625,300,50,37,0,13,625,300,37,0,13,144,-13,-13,912.1966666666667,25,612.1966666666667,25,12
207,1,12,0,13,1,-11,1,144,0,12,11,12,0,-1,-12,5.828,1,5.828,12,0
208,625,625,0,50,25,0,25,625,0,25,0,25,0,-25,-25,464.72266666666667,25,464.72266666666667,25,0
209,144,0,300,12,37,12,-13,0,0,25,-12,-25,625,13,25,184.166,12,184.166,0,25
210,625,0,625,25,50,25,0,0,0,25,-25,-25,625,0,25,461.28766666666667,25,461.28766666666667,0,25
211,169,0,325,13,38,13,-12,0,0,25,-13,-25,625,12,25,200.617,13,200.617,0,25
212,1,0,25,1,26,1,-24,0,0,25,-1,-25,625,24,25,12.391666666666667,1,12.391666666666667,0,25
213,144,0,300,12,37,12,-13,0,0,25,-12,-25,625,13,25,183.40533333333335,12,183.40533333333335,0,25
214,625,0,300,25,37,25,13,0,0,12,-25,-12,144,-13,12,299.99733333333336,25,299.99733333333336,0,12
215,625,0,0,25,25,25,25,0,0,0,-25,0,0,-25,0,150.238,25,150.238,0,0
216,625,0,300,25,37,25,13,0,0,12,-25,-12,144,-13,12,299.626,25,299.626,0,12
217,1,25,21,26,22,-24,-20,625,525,46,24,4,441,20,-4,547.9893333333333,1,22.98933333333332,25,21
218,625,0,0,25,25,25,25,0,0,0,-25,0,0,-25,0,149.764,25,149.764,0,0
219,169,0,0,13,13,13,13,0,0,0,-13,0,0,-13,0,39.06666666666667,13,39.06666666666667,0,0
220,1,25,25,26,26,-24,-24,625,625,50,24,0,625,24,0,650.0,1,25.0,25,25
221,4,0,0,2,2,2,2,0,0,0,-2,0,0,-2,0,0.5013333333333333,2,0.5013333333333333,0,0
222,1,0,25,1,26,1,-24,0,0,25,-1,-25,625,24,25,12.466666666666667,1,12.466666666666667,0,25
223,169,0,0,13,13,13,13,0,0,0,-13,0,0,-13,0,38.93266666666667,13,38.93266666666667,0,0
224,1,0,0,1,1,1,1,0,0,0,-1,0,0,-1,0,0.0,1,0.0,0,0
225,1,0,0,1,1,1,1,0,0,0,-1,0,0,-1,0,0.0,1,0.0,0,0
226,144,0,300,12,37,12,-13,0,0,25,-12,-25,625,13,25,183.91066666666666,12,183.91066666666666,0,25
227,625,625,300,50,37,0,13,625,300,37,0,13,144,-13,-13,912.8783333333333,25,612.8783333333333,25,12
228,324,450,288,43,34,-7,2,625,400,41,7,9,256,-2,-9,845.0433333333333,18,445.0433333333333,25,16
229,625,0,300,25,37,25,13,0,0,12,-25,-12,144,-13,12,299.9046666666667,25,299.9046666666667,0,12
230,144,0,300,12,37,12,-13,0,0,25,-12,-25,625,13,25,182.336,12,182.336,0,25
231,625,300,500,37,45,13,5,144,240,32,-13,-8,400,-5,8,789.304,25,549.304,12,20
232,529,575,276,48,35,-2,11,625,300,37,2,13,144,-11,-13,852.1316666666667,23,552.1316666666667,25,12
233,169,0,325,13,38,13,-12,0,0,25,-13,-25,625,12,25,199.894,13,199.894,0,25
234,1,25,21,26,22,-24,-20,625,525,46,24,4,441,20,-4,547.92,1,22.91999999999996,25,21
235,625,0,275,25,36,25,14,0,0,11,-25,-11,121,-14,11,287.286,25,287.286,0,11
236,144,300,300,37,37,-13,-13,625,625,50,13,0,625,13,0,957.9703333333333,12,332.9703333333333,25,25
237,625,0,625,25,50,25,0,0,0,25,-25,-25,625,0,25,463.967,25,463.967,0,25
238,625,0,300,25,37,25,13,0,0,12,-25,-12,144,-13,12,300.35066666666665,25,300.35066666666665,0,12
239,169,325,325,38,38,-12,-12,625,625,50,12,0,625,12,0,989.0346666666667,13,364.0346666666667,25,25
240,625,0,0,25,25,25,25,0,0,0,-25,0,0,-25,0,149.89266666666666,25,149.89266666666666,0,0
241,144,300,300,37,37,-13,-13,625,625,50,13,0,625,13,0,958.1156666666667,12,333.1156666666667,25,25
242,625,0,625,25,50,25,0,0,0,25,-25,-25,625,0,25,462.4676666666667,25,462.4676666666667,0,25
243,625,0,300,25,37,25,13,0,0,12,-25,-12,144,-13,12,299.1653333333333,25,299.1653333333333,0,12
244,169,325,325,38,38,-12,-12,625,625,50,12,0,625,12,0,988.9606666666666,13,363.9606666666666,25,25
245,1,25,25,26,26,-24,-24,625,625,50,24,0,625,24,0,650.0,1,25.0,25,25
246,4,50,50,27,27,-23,-23,625,625,50,23,0,625,23,0,675.506,2,50.50599999999997,25,25
247,1,12,0,13,1,-11,1,144,0,12,11,12,0,-1,-12,6.172,1,6.172,12,0
248,49,175,84,32,19,-18,-5,625,300,37,18,13,144,5,-13,439.88,7,139.88,25,12
249,625,0,0,25,25,25,25,0,0,0,-25,0,0,-25,0,150.05933333333334,25,150.05933333333334,0,0
250,169,0,0,13,13,13,13,0,0,0,-13,0,0,-13,0,39.058,13,39.058,0,0
251,1,25,0,26,1,-24,1,625,0,25,24,25,0,-1,-25,12.05,1,12.05,25,0
252,4,50,0,27,2,-23,2,625,0,25,23,25,0,-2,-25,25.315333333333335,2,25.315333333333335,25,0
253,289,425,289,42,34,-8,0,625,425,42,8,8,289,0,-8,849.6746666666667,17,424.67466666666667,25,17
254,169,325,325,38,38,-12,-12,625,625,50,12,0,625,12,0,989.1406666666667,13,364.1406666666667,25,25
255,625,625,300,50,37,0,13,625,300,37,0,13,144,-13,-13,912.1966666666667,25,612.1966666666667,25,12
256,1,12,0,13,1,-11,1,144,0,12,11,12,0,-1,-12,5.828,1,5.828,12,0
257,625,625,0,50,25,0,25,625,0,25,0,25,0,-25,-25,464.72266666666667,25,464.72266666666667,25,0
258,144,0,300,12,37,12,-13,0,0,25,-12,-25,625,13,25,184.166,12,184.166,0,25
259,625,0,625,25,50,25,0,0,0,25,-25,-25,625,0,25,461.28766666666667,25,461.28766666666667,0,25
260,169,0,325,13,38,13,-12,0,0,25,-13,-25,625,12,25,200.617,13,200.617,0,25
261,1,0,25,1,26,1,-24,0,0,25,-1,-25,625,24,25,12.391666666666667,1,12.391666666666667,0,25
262,144,0,300,12,37,12,-13,0,0,25,-12,-25,625,13,25,183.40533333333335,12,183.40533333333335,0,25
263,625,0,300,25,37,25,13,0,0,12,-25,-12,144,-13,12,299.99733333333336,25,299.99733333333336,0,12
264,625,0,0,25,25,25,25,0,0,0,-25,0,0,-25,0,150.238,25,150.238,0,0
265,625,0,300,25,37,25,13,0,0,12,-25,-12,144,-13,12,299.626,25,299.626,0,12
266,1,25,21,26,22,-24,-20,625,525,46,24,4,441,20,-4,547.9893333333333,1,22.98933333333332,25,21
267,625,0,0,25,25,25,25,0,0,0,-25,0,0,-25,0,149.764,25,149.764,0,0
268,169,0,0,13,13,13,13,0,0,0,-13,0,0,-13,0,39.06666666666667,13,39.06666666666667,0,0
269,1,25,25,26,26,-24,-24,625,625,50,24,0,625,24,0,650.0,1,25.0,25,25
270,4,0,0,2,2,2,2,0,0,0,-2,0,0,-2,0,0.5013333333333333,2,0.5013333333333333,0,0
271,1,0,25,1,26,1,-24,0,0,25,-1,-25,625,24,25,12.466666666666667,1,12.466666666666667,0,25
272,169,0,0,13,13,13,13,0,0,0,-13,0,0,-13,0,38.93266666666667,13,38.93266666666667,0,0
273,1,0,0,1,1,1,1,0,0,0,-1,0,0,-1,0,0.0,1,0.0,0,0
274,1,0,0,1,1,1,1,0,0,0,-1,0,0,-1,0,0.0,1,0.0,0,0
275,144,0,300,12,37,12,-13,0,0,25,-12,-25,625,13,25,183.91066666666666,12,183.91066666666666,0,25
276,625,625,300,50,37,0,13,625,300,37,0,13,144,-13,-13,912.8783333333333,25,612.8783333333333,25,12
277,324,450,288,43,34,-7,2,625,400,41,7,9,256,-2,-9,845.0433333333333,18,445.0433333333333,25,16
278,625,0,300,25,37,25,13,0,0,12,-25,-12,144,-13,12,299.9046666666667,25,299.9046666666667,0,12
279,144,0,300,12,37,12,-13,0,0,25,-12,-25,625,13,25,182.336,12,182.336,0,25
280,625,300,500,37,45,13,5,144,240,32,-13,-8,400,-5,8,789.304,25,549.304,12,20
281,529,575,276,48,35,-2,11,625,300,37,2,13,144,-11,-13,852.1316666666667,23,552.1316666666667,25,12
282,169,0,325,13,38,13,-12,0,0,25,-13,-25,625,12,25,199.894,13,199.894,0,25
283,1,25,21,26,22,-24,-20,625,525,46,24,4,441,20,-4,547.92,1,22.91999999999996,25,21
284,625,0,275,25,36,25,14,0,0,11,-25,-11,121,-14,11,287.286,25,287.286,0,11
285,144,300,300,37,37,-13,-13,625,625,50,13,0,625,13,0,957.9703333333333,12,332.9703333333333,25,25
286,625,0,625,25,50,25,0,0,0,25,-25,-25,625,0,25,463.967,25,463.967,0,25
287,625,0,300,25,37,25,13,0,0,12,-25,-12,144,-13,12,300.35066666666665,25,300.35066666666665,0,12
288,169,325,325,38,38,-12,-12,625,625,50,12,0,625,12,0,989.0346666666667,13,364.0346666666667,25,25
289,625,0,0,25,25,25,25,0,0,0,-25,0,0,-25,0,149.89266666666666,25,149.89266666666666,0,0
290,144,300,300,37,37,-13,-13,625,625,50,13,0,625,13,0,958.1156666666667,12,333.1156666666667,25,25
291,625,0,625,25,50,25,0,0,0,25,-25,-25,625,0,25,462.4676666666667,25,462.4676666666667,0,25
292,625,0,300,25,37,25,13,0,0,12,-25,-12,144,-13,12,299.1653333333333,25,299.1653333333333,0,12
293,169,325,325,38,38,-12,-12,625,625,50,12,0,625,12,0,988.9606666666666,13,363.9606666666666,25,25
294,1,25,25,26,26,-24,-24,625,625,50,24,0,625,24,0,650.0,1,25.0,25,25
295,4,50,50,27,27,-23,-23,625,625,50,23,0,625,23,0,675.506,2,50.50599999999997,25,25
296,1,12,0,13,1,-11,1,144,0,12,11,12,0,-1,-12,6.172,1,6.172,12,0
297,49,175,84,32,19,-18,-5,625,300,37,18,13,144,5,-13,439.88,7,139.88,25,12
298,625,0,0,25,25,25,25,0,0,0,-25,0,0,-25,0,150.05933333333334,25,150.05933333333334,0,0
299,169,0,0,13,13,13,13,0,0,0,-13,0,0,-13,0,39.058,13,39.058,0,0
300,1,25,0,26,1,-24,1,625,0,25,24,25,0,-1,-25,12.05,1,12.05,25,0
301,4,50,0,27,2,-23,2,625,0,25,23,25,0,-2,-25,25.315333333333335,2,25.315333333333335,25,0
302,289,425,289,42,34,-8,0,625,425,42,8,8,289,0,-8,849.6746666666667,17,424.67466666666667,25,17
303,169,325,325,38,38,-12,-12,625,625,50,12,0,625,12,0,989.1406666666667,13,364.1406666666667,25,25
304,625,625,300,50,37,0,13,625,300,37,0,13,144,-13,-13,912.1966666666667,25,612.1966666666667,25,12
305,1,12,0,13,1,-11,1,144,0,12,11,12,0,-1,-12,5.828,1,5.828,12,0
306,625,625,0,50,25,0,25,625,0,25,0,25,0,-25,-25,464.72266666666667,25,464.72266666666667,25,0
307,144,0,300,12,37,12,-13,0,0,25,-12,-25,625,13,25,184.166,12,184.166,0,25
308,625,0,625,25,50,25,0,0,0,25,-25,-25,625,0,25,461.28766666666667,25,461.28766666666667,0,25
309,169,0,325,13,38,13,-12,0,0,25,-13,-25,625,12,25,200.617,13,200.617,0,25
310,1,0,25,1,26,1,-24,0,0,25,-1,-25,625,24,25,12.391666666666667,1,12.391666666666667,0,25
311,144,0,300,12,37,12,-13,0,0,25,-12,-25,625,13,25,183.40533333333335,12,183.40533333333335,0,25
312,625,0,300,25,37,25,13,0,0,12,-25,-12,144,-13,12,299.99733333333336,25,299.99733333333336,0,12
313,625,0,0,25,25,25,25,0,0,0,-25,0,0,-25,0,150.238,25,150.238,0,0
314,625,0,300,25,37,25,13,0,0,12,-25,-12,144,-13,12,299.626,25,299.626,0,12
315,1,25,21,26,22,-24,-20,625,525,46,24,4,441,20,-4,547.9893333333333,1,22.98933333333332,25,21
316,625,0,0,25,25,25,25,0,0,0,-25,0,0,-25,0,149.764,25,149.764,0,0
317,169,0,0,13,13,13,13,0,0,0,-13,0,0,-13,0,39.06666666666667,13,39.06666666666667,0,0
318,1,25,25,26,26,-24,-24,625,625,50,24,0,625,24,0,650.0,1,25.0,25,25
319,4,0,0,2,2,2,2,0,0,0,-2,0,0,-2,0,0.5013333333333333,2,0.5013333333333333,0,0
320,1,0,25,1,26,1,-24,0,0,25,-1,-25,625,24,25,12.466666666666667,1,12.466666666666667,0,25
321,169,0,0,13,13,13,13,0,0,0,-13,0,0,-13,0,38.93266666666667,13,38.93266666666667,0,0
322,1,0,0,1,1,1,1,0,0,0,-1,0,0,-1,0,0.0,1,0.0,0,0
323,1,0,0,1,1,1,1,0,0,0,-1,0,0,-1,0,0.0,1,0.0,0,0
324,144,0,300,12,37,12,-13,0,0,25,-12,-25,625,13,25,183.91066666666666,12,183.91066666666666,0,25
325,625,625,300,50,37,0,13,625,300,37,0,13,144,-13,-13,912.8783333333333,25,612.8783333333333,25,12
326,324,450,288,43,34,-7,2,625,400,41,7,9,256,-2,-9,845.0433333333333,18,445.0433333333333,25,16
327,625,0,300,25,37,25,13,0,0,12,-25,-12,144,-13,12,299.9046666666667,25,299.9046666666667,0,12
328,144,0,300,12,37,12,-13,0,0,25,-12,-25,625,13,25,182.336,12,182.336,0,25
329,625,300,500,37,45,13,5,144,240,32,-13,-8,400,-5,8,789.304,25,549.304,12,20
330,529,575,276,48,35,-2,11,625,300,37,2,13,144,-11,-13,852.1316666666667,23,552.1316666666667,25,12
331,169,0,325,13,38,13,-12,0,0,25,-13,-25,625,12,25,199.894,13,199.894,0,25
332,1,25,21,26,22,-24,-20,625,525,46,24,4,441,20,-4,547.92,1,22.91999999999996,25,21
333,625,0,275,25,36,25,14,0,0,11,-25,-11,121,-14,11,287.286,25,287.286,0,11
334,144,300,300,37,37,-13,-13,625,625,50,13,0,625,13,0,957.9703333333333,12,332.9703333333333,25,25
335,625,0,625,25,50,25,0,0,0,25,-25,-25,625,0,25,463.967,25,463.967,0,25
336,625,0,300,25,37,25,13,0,0,12,-25,-12,144,-13,12,300.35066666666665,25,300.35066666666665,0,12
337,169,325,325,38,38,-12,-12,625,625,50,12,0,625,12,0,989.0346666666667,13,364.0346666666667,25,25
338,625,0,0,25,25,25,25,0,0,0,-25,0,0,-25,0,149.89266666666666,25,149.89266666666666,0,0
339,144,300,300,37,37,-13,-13,625,625,50,13,0,625,13,0,958.1156666666667,12,333.1156666666667,25,25
340,625,0,625,25,50,25,0,0,0,25,-25,-25,625,0,25,462.4676666666667,25,462.4676666666667,0,25
341,625,0,300,25,37,25,13,0,0,12,-25,-12,144,-13,12,299.1653333333333,25,299.1653333333333,0,12
342,169,325,325,38,38,-12,-12,625,625,50,12,0,625,12,0,988.9606666666666,13,363.9606666666666,25,25
343,1,25,25,26,26,-24,-24,625,625,50,24,0,625,24,0,650.0,1,25.0,25,25
344,4,50,50,27,27,-23,-23,625,625,50,23,0,625,23,0,675.506,2,50.50599999999997,25,25
345,1,12,0,13,1,-11,1,144,0,12,11,12,0,-1,-12,6.172,1,6.172,12,0
346,49,175,84,32,19,-18,-5,625,300,37,18,13,144,5,-13,439.88,7,139.88,25,12
347,625,0,0,25,25,25,25,0,0,0,-25,0,0,-25,0,150.05933333333334,25,150.05933333333334,0,0
348,169,0,0,13,13,13,13,0,0,0,-13,0,0,-13,0,39.058,13,39.058,0,0
349,1,25,0,26,1,-24,1,625,0,25,24,25,0,-1,-25,12.05,1,12.05,25,0
350,4,50,0,27,2,-23,2,625,0,25,23,25,0,-2,-25,25.315333333333335,2,25.315333333333335,25,0
351,289,425,289,42,34,-8,0,625,425,42,8,8,289,0,-8,849.6746666666667,17,424.67466666666667,25,17
352,169,325,325,38,38,-12,-12,625,625,50,12,0,625,12,0,989.1406666666667,13,364.1406666666667,25,25
353,625,625,300,50,37,0,13,625,300,37,0,13,144,-13,-13,912.1966666666667,25,612.1966666666667,25,12
354,1,12,0,13,1,-11,1,144,0,12,11,12,0,-1,-12,5.828,1,5.828,12,0
355,625,625,0,50,25,0,25,625,0,25,0,25,0,-25,-25,464.72266666666667,25,464.72266666666667,25,0
356,144,0,300,12,37,12,-13,0,0,25,-12,-25,625,13,25,184.166,12,184.166,0,25
357,625,0,625,25,50,25,0,0,0,25,-25,-25,625,0,25,461.28766666666667,25,461.28766666666667,0,25
358,169,0,325,13,38,13,-12,0,0,25,-13,-25,625,12,25,200.617,13,200.617,0,25
359,1,0,25,1,26,1,-24,0,0,25,-1,-25,625,24,25,12.391666666666667,1,12.391666666666667,0,25
360,144,0,300,12,37,12,-13,0,0,25,-12,-25,625,13,25,183.40533333333335,12,183.40533333333335,0,25
361,625,0,300,25,37,25,13,0,0,12,-25,-12,144,-13,12,299.99733333333336,25,299.99733333333336,0,12
362,625,0,0,25,25,25,25,0,0,0,-25,0,0,-25,0,150.238,25,150.238,0,0
363,625,0,300,25,37,25,13,0,0,12,-25,-12,144,-13,12,299.626,25,299.626,0,12
364,1,25,21,26,22,-24,-20,625,525,46,24,4,441,20,-4,547.9893333333333,1,22.98933333333332,25,21
365,625,0,0,25,25,25,25,0,0,0,-25,0,0,-25,0,149.764,25,149.764,0,0
366,169,0,0,13,13,13,13,0,0,0,-13,0,0,-13,0,39.06666666666667,13,39.06666666666667,0,0
367,1,25,25,26,26,-24,-24,625,625,50,24,0,625,24,0,650.0,1,25.0,25,25
368,4,0,0,2,2,2,2,0,0,0,-2,0,0,-2,0,0.5013333333333333,2,0.5013333333333333,0,0
369,1,0,25,1,26,1,-24,0,0,25,-1,-25,625,24,25,12.466666666666667,1,12.466666666666667,0,25
370,169,0,0,13,13,13,13,0,0,0,-13,0,0,-13,0,38.93266666666667,13,38.93266666666667,0,0
371,1,0,0,1,1,1,1,0,0,0,-1,0,0,-1,0,0.0,1,0.0,0,0
372,1,0,0,1,1,1,1,0,0,0,-1,0,0,-1,0,0.0,1,0.0,0,0
373,144,0,300,12,37,12,-13,0,0,25,-12,-25,625,13,25,183.91066666666666,12,183.91066666666666,0,25
374,625,625,300,50,37,0,13,625,300,37,0,13,144,-13,-13,912.8783333333333,25,612.8783333333333,25,12
375,324,450,288,43,34,-7,2,625,400,41,7,9,256,-2,-9,845.0433333333333,18,445.0433333333333,25,16
376,625,0,300,25,37,25,13,0,0,12,-25,-12,144,-13,12,299.9046666666667,25,299.9046666666667,0,12
377,144,0,300,12,37,12,-13,0,0,25,-12,-25,625,13,25,182.336,12,182.336,0,25
378,625,300,500,37,45,13,5,144,240,32,-13,-8,400,-5,8,789.304,25,549.304,12,20
379,529,575,276,48,35,-2,11,625,300,37,2,13,144,-11,-13,852.1316666666667,23,552.1316666666667,25,12
380,169,0,325,13,38,13,-12,0,0,25,-13,-25,625,12,25,199.894,13,199.894,0,25
381,1,25,21,26,22,-24,-20,625,525,46,24,4,441,20,-4,547.92,1,22.91999999999996,25,21
382,625,0,275,25,36,25,14,0,0,11,-25,-11,121,-14,11,287.286,25,287.286,0,11
383,144,300,300,37,37,-13,-13,625,625,50,13,0,625,13,0,957.9703333333333,12,332.9703333333333,25,25
384,625,0,625,25,50,25,0,0,0,25,-25,-25,625,0,25,463.967,25,463.967,0,25
385,625,0,300,25,37,25,13,0,0,12,-25,-12,144,-13,12,300.35066666666665,25,300.35066666666665,0,12
386,169,325,325,38,38,-12,-12,625,625,50,12,0,625,12,0,989.0346666666667,13,364.0346666666667,25,25
387,625,0,0,25,25,25,25,0,0,0,-25,0,0,-25,0,149.89266666666666,25,149.89266666666666,0,0
388,144,300,300,37,37,-13,-13,625,625,50,13,0,625,13,0,958.1156666666667,12,333.1156666666667,25,25
389,625,0,625,25,50,25,0,0,0,25,-25,-25,625,0,25,462.4676666666667,25,462.4676666666667,0,25
390,625,0,300,25,37,25,13,0,0,12,-25,-12,144,-13,12,299.1653333333333,25,299.1653333333333,0,12
391,169,325,325,38,38,-12,-12,625,625,50,12,0,625,12,0,988.9606666666666,13,363.9606666666666,25,25
392,1,25,25,26,26,-24,-24,625,625,50,24,0,625,24,0,650.0,1,25.0,25,25
393,4,50,50,27,27,-23,-23,625,625,50,23,0,625,23,0,675.506,2,50.50599999999997,25,25
394,1,12,0,13,1,-11,1,144,0,12,11,12,0,-1,-12,6.172,1,6.172,12,0
395,49,175,84,32,19,-18,-5,625,300,37,18,13,144,5,-13,439.88,7,139.88,25,12
396,625,0,0,25,25,25,25,0,0,0,-25,0,0,-25,0,150.05933333333334,25,150.05933333333334,0,0
397,169,0,0,13,13,13,13,0,0,0,-13,0,0,-13,0,39.058,13,39.058,0,0
398,1,25,0,26,1,-24,1,625,0,25,24,25,0,-1,-25,12.05,1,12.05,25,0
399,4,50,0,27,2,-23,2,625,0,25,23,25,0,-2,-25,25.315333333333335,2,25.315333333333335,25,0
400,289,425,289,42,34,-8,0,625,425,42,8,8,289,0,-8,849.6746666666667,17,424.67466666666667,25,17
401,169,325,325,38,38,-12,-12,625,625,50,12,0,625,12,0,989.1406666666667,13,364.1406666666667,25,25
402,625,625,300,50,37,0,13,625,300,37,0,13,144,-13,-13,912.1966666666667,25,612.1966666666667,25,12
403,1,12,0,13,1,-11,1,144,0,12,11,12,0,-1,-12,5.828,1,5.828,12,0
404,625,625,0,50,25,0,25,625,0,25,0,25,0,-25,-25,464.72266666666667,25,464.72266666666667,25,0
405,144,0,300,12,37,12,-13,0,0,25,-12,-25,625,13,25,184.166,12,184.166,0,25
406,625,0,625,25,50,25,0,0,0,25,-25,-25,625,0,25,461.28766666666667,25,461.28766666666667,0,25
407,169,0,325,13,38,13,-12,0,0,25,-13,-25,625,12,25,200.617,13,200.617,0,25
408,1,0,25,1,26,1,-24,0,0,25,-1,-25,625,24,25,12.391666666666667,1,12.391666666666667,0,25
409,144,0,300,12,37,12,-13,0,0,25,-12,-25,625,13,25,183.40533333333335,12,183.40533333333335,0,25
410,625,0,300,25,37,25,13,0,0,12,-25,-12,144,-13,12,299.99733333333336,25,299.99733333333336,0,12
411,625,0,0,25,25,25,25,0,0,0,-25,0,0,-25,0,150.238,25,150.238,0,0
412,625,0,300,25,37,25,13,0,0,12,-25,-12,144,-13,12,299.626,25,299.626,0,12
413,1,25,21,26,22,-24,-20,625,525,46,24,4,441,20,-4,547.9893333333333,1,22.98933333333332,25,21
414,625,0,0,25,25,25,25,0,0,0,-25,0,0,-25,0,149.764,25,149.764,0,0
415,169,0,0,13,13,13,13,0,0,0,-13,0,0,-13,0,39.06666666666667,13,39.06666666666667,0,0
416,1,25,25,26,26,-24,-24,625,625,50,24,0,625,24,0,650.0,1,25.0,25,25
417,4,0,0,2,2,2,2,0,0,0,-2,0,0,-2,0,0.5013333333333333,2,0.5013333333333333,0,0
418,1,0,25,1,26,1,-24,0,0,25,-1,-25,625,24,25,12.466666666666667,1,12.466666666666667,0,25
419,169,0,0,13,13,13,13,0,0,0,-13,0,0,-13,0,38.93266666666667,13,38.93266666666667,0,0
420,1,0,0,1,1,1,1,0,0,0,-1,0,0,-1,0,0.0,1,0.0,0,0
421,1,0,0,1,1,1,1,0,0,0,-1,0,0,-1,0,0.0,1,0.0,0,0
422,144,0,300,12,37,12,-13,0,0,25,-12,-25,625,13,25,183.91066666666666,12,183.91066666666666,0,25
423,625,625,300,50,37,0,13,625,300,37,0,13,144,-13,-13,912.8783333333333,25,612.8783333333333,25,12
424,324,450,288,43,34,-7,2,625,400,41,7,9,256,-2,-9,845.0433333333333,18,445.0433333333333,25,16
425,625,0,300,25,37,25,13,0,0,12,-25,-12,144,-13,12,299.9046666666667,25,299.9046666666667,0,12
426,144,0,300,12,37,12,-13,0,0,25,-12,-25,625,13,25,182.336,12,182.336,0,25
427,625,300,500,37,45,13,5,144,240,32,-13,-8,400,-5,8,789.304,25,549.304,12,20
428,529,575,276,48,35,-2,11,625,300,37,2,13,144,-11,-13,852.1316666666667,23,552.1316666666667,25,12
429,169,0,325,13,38,13,-12,0,0,25,-13,-25,625,12,25,199.894,13,199.894,0,25
430,1,25,21,26,22,-24,-20,625,525,46,24,4,441,20,-4,547.92,1,22.91999999999996,25,21
431,625,0,275,25,36,25,14,0,0,11,-25,-11,121,-14,11,287.286,25,287.286,0,11
432,144,300,300,37,37,-13,-13,625,625,50,13,0,625,13,0,957.9703333333333,12,332.9703333333333,25,25
433,625,0,625,25,50,25,0,0,0,25,-25,-25,625,0,25,463.967,25,463.967,0,25
434,625,0,300,25,37,25,13,0,0,12,-25,-12,144,-13,12,300.35066666666665,25,300.35066666666665,0,12
435,169,325,325,38,38,-12,-12,625,625,50,12,0,625,12,0,989.0346666666667,13,364.0346666666667,25,25
436,625,0,0,25,25,25,25,0,0,0,-25,0,0,-25,0,149.89266666666666,25,149.89266666666666,0,0
437,144,300,300,37,37,-13,-13,625,625,50,13,0,625,13,0,958.1156666666667,12,333.1156666666667,25,25
438,625,0,625,25,50,25,0,0,0,25,-25,-25,625,0,25,462.4676666666667,25,462.4676666666667,0,25
439,625,0,300,25,37,25,13,0,0,12,-25,-12,144,-13,12,299.1653333333333,25,299.1653333333333,0,12
440,169,325,325,38,38,-12,-12,625,625,50,12,0,625,12,0,988.9606666666666,13,363.9606666666666,25,25
441,1,25,25,26,26,-24,-24,625,625,50,24,0,625,24,0,650.0,1,25.0,25,25
442,4,50,50,27,27,-23,-23,625,625,50,23,0,625,23,0,675.506,2,50.50599999999997,25,25
443,1,12,0,13,1,-11,1,144,0,12,11,12,0,-1,-12,6.172,1,6.172,12,0
444,49,175,84,32,19,-18,-5,625,300,37,18,13,144,5,-13,439.88,7,139.88,25,12
445,625,0,0,25,25,25,25,0,0,0,-25,0,0,-25,0,150.05933333333334,25,150.05933333333334,0,0
446,169,0,0,13,13,13,13,0,0,0,-13,0,0,-13,0,39.058,13,39.058,0,0
447,1,25,0,26,1,-24,1,625,0,25,24,25,0,-1,-25,12.05,1,12.05,25,0
448,4,50,0,27,2,-23,2,625,0,25,23,25,0,-2,-25,25.315333333333335,2,25.315333333333335,25,0
449,289,425,289,42,34,-8,0,625,425,42,8,8,289,0,-8,849.6746666666667,17,424.67466666666667,25,17
450,169,325,325,38,38,-12,-12,625,625,50,12,0,625,12,0,989.1406666666667,13,364.1406666666667,25,25
451,625,625,300,50,37,0,13,625,300,37,0,13,144,-13,-13,912.1966666666667,25,612.1966666666667,25,12
452,1,12,0,13,1,-11,1,144,0,12,11,12,0,-1,-12,5.828,1,5.828,12,0
453,625,625,0,50,25,0,25,625,0,25,0,25,0,-25,-25,464.72266666666667,25,464.72266666666667,25,0
454,144,0,300,12,37,12,-13,0,0,25,-12,-25,625,13,25,184.166,12,184.166,0,25
455,625,0,625,25,50,25,0,0,0,25,-25,-25,625,0,25,461.28766666666667,25,461.28766666666667,0,25
456,169,0,325,13,38,13,-12,0,0,25,-13,-25,625,12,25,200.617,13,200.617,0,25
457,1,0,25,1,26,1,-24,0,0,25,-1,-25,625,24,25,12.391666666666667,1,12.391666666666667,0,25
458,144,0,300,12,37,12,-13,0,0,25,-12,-25,625,13,25,183.40533333333335,12,183.40533333333335,0,25
459,625,0,300,25,37,25,13,0,0,12,-25,-12,144,-13,12,299.99733333333336,25,299.99733333333336,0,12
460,625,0,0,25,25,25,25,0,0,0,-25,0,0,-25,0,150.238,25,150.238,0,0
461,625,0,300,25,37,25,13,0,0,12,-25,-12,144,-13,12,299.626,25,299.626,0,12
462,1,25,21,26,22,-24,-20,625,525,46,24,4,441,20,-4,547.9893333333333,1,22.98933333333332,25,21
463,625,0,0,25,25,25,25,0,0,0,-25,0,0,-25,0,149.764,25,149.764,0,0
464,169,0,0,13,13,13,13,0,0,0,-13,0,0,-13,0,39.06666666666667,13,39.06666666666667,0,0
465,1,25,25,26,26,-24,-24,625,625,50,24,0,625,24,0,650.0,1,25.0,25,25
466,4,0,0,2,2,2,2,0,0,0,-2,0,0,-2,0,0.5013333333333333,2,0.5013333333333333,0,0
467,1,0,25,1,26,1,-24,0,0,25,-1,-25,625,24,25,12.466666666666667,1,12.466666666666667,0,25
468,169,0,0,13,13,13,13,0,0,0,-13,0,0,-13,0,38.93266666666667,13,38.93266666666667,0,0
469,1,0,0,1,1,1,1,0,0,0,-1,0,0,-1,0,0.0,1,0.0,0,0
470,1,0,0,1,1,1,1,0,0,0,-1,0,0,-1,0,0.0,1,0.0,0,0
471,144,0,300,12,37,12,-13,0,0,25,-12,-25,625,13,25,183.91066666666666,12,183.91066666666666,0,25
472,625,625,300,50,37,0,13,625,300,37,0,13,144,-13,-13,912.8783333333333,25,612.8783333333333,25,12
473,324,450,288,43,34,-7,2,625,400,41,7,9,256,-2,-9,845.0433333333333,18,445.0433333333333,25,16
474,625,0,300,25,37,25,13,0,0,12,-25,-12,144,-13,12,299.9046666666667,25,299.9046666666667,0,12
475,144,0,300,12,37,12,-13,0,0,25,-12,-25,625,13,25,182.336,12,182.336,0,25
476,625,300,500,37,45,13,5,144,240,32,-13,-8,400,-5,8,789.304,25,549.304,12,20
477,529,575,276,48,35,-2,11,625,300,37,2,13,144,-11,-13,852.1316666666667,23,552.1316666666667,25,12
478,169,0,325,13,38,13,-12,0,0,25,-13,-25,625,12,25,199.894,13,199.894,0,25
479,1,25,21,26,22,-24,-20,625,525,46,24,4,441,20,-4,547.92,1,22.91999999999996,25,21
480,625,0,275,25,36,25,14,0,0,11,-25,-11,121,-14,11,287.286,25,287.286,0,11
481,144,300,300,37,37,-13,-13,625,625,50,13,0,625,13,0,957.9703333333333,12,332.9703333333333,25,25
482,625,0,625,25,50,25,0,0,0,25,-25,-25,625,0,25,463.967,25,463.967,0,25
483,625,0,300,25,37,25,13,0,0,12,-25,-12,144,-13,12,300.35066666666665,25,300.35066666666665,0,12
484,169,325,325,38,38,-12,-12,625,625,50,12,0,625,12,0,989.0346666666667,13,364.0346666666667,25,25
485,625,0,0,25,25,25,25,0,0,0,-25,0,0,-25,0,149.89266666666666,25,149.89266666666666,0,0
486,144,300,300,37,37,-13,-13,625,625,50,13,0,625,13,0,958.1156666666667,12,333.1156666666667,25,25
487,625,0,625,25,50,25,0,0,0,25,-25,-25,625,0,25,462.4676666666667,25,462.4676666666667,0,25
488,625,0,300,25,37,25,13,0,0,12,-25,-12,144,-13,12,299.1653333333333,25,299.1653333333333,0,12
489,169,325,325,38,38,-12,-12,625,625,50,12,0,625,12,0,988.9606666666666,13,363.9606666666666,25,25
490,1,25,25,26,26,-24,-24,625,625,50,24,0,625,24,0,650.0,1,25.0,25,25
491,4,50,50,27,27,-23,-23,625,625,50,23,0,625,23,0,675.506,2,50.50599999999997,25,25
492,1,12,0,13,1,-11,1,144,0,12,11,12,0,-1,-12,6.172,1,6.172,12,0
493,49,175,84,32,19,-18,-5,625,300,37,18,13,144,5,-13,439.88,7,139.88,25,12
494,625,0,0,25,25,25,25,0,0,0,-25,0,0,-25,0,150.05933333333334,25,150.05933333333334,0,0
495,169,0,0,13,13,13,13,0,0,0,-13,0,0,-13,0,39.058,13,39.058,0,0
496,1,25,0,26,1,-24,1,625,0,25,24,25,0,-1,-25,12.05,1,12.05,25,0
497,4,50,0,27,2,-23,2,625,0,25,23,25,0,-2,-25,25.315333333333335,2,25.315333333333335,25,0
498,289,425,289,42,34,-8,0,625,425,42,8,8,289,0,-8,849.6746666666667,17,424.67466666666667,25,17
499,169,325,325,38,38,-12,-12,625,625,50,12,0,625,12,0,989.1406666666667,13,364.1406666666667,25,25
500,625,625,300,50,37,0,13,625,300,37,0,13,144,-13,-13,912.1966666666667,25,612.1966666666667,25,12
501,1,12,0,13,1,-11,1,144,0,12,11,12,0,-1,-12,5.828,1,5.828,12,0
502,625,625,0,50,25,0,25,625,0,25,0,25,0,-25,-25,464.72266666666667,25,464.72266666666667,25,0
503,144,0,300,12,37,12,-13,0,0,25,-12,-25,625,13,25,184.166,12,184.166,0,25
504,625,0,625,25,50,25,0,0,0,25,-25,-25,625,0,25,461.28766666666667,25,461.28766666666667,0,25
505,169,0,325,13,38,13,-12,0,0,25,-13,-25,625,12,25,200.617,13,200.617,0,25
506,1,0,25,1,26,1,-24,0,0,25,-1,-25,625,24,25,12.391666666666667,1,12.391666666666667,0,25
507,144,0,300,12,37,12,-13,0,0,25,-12,-25,625,13,25,183.40533333333335,12,183.40533333333335,0,25
508,625,0,300,25,37,25,13,0,0,12,-25,-12,144,-13,12,299.99733333333336,25,299.99733333333336,0,12
509,625,0,0,25,25,25,25,0,0,0,-25,0,0,-25,0,150.238,25,150.238,0,0
510,625,0,300,25,37,25,13,0,0,12,-25,-12,144,-13,12,299.626,25,299.626,0,12
511,1,25,21,26,22,-24,-20,625,525,46,24,4,441,20,-4,547.9893333333333,1,22.98933333333332,25,21
512,625,0,0,25,25,25,25,0,0,0,-25,0,0,-25,0,149.764,25,149.764,0,0
513,169,0,0,13,13,13,13,0,0,0,-13,0,0,-13,0,39.06666666666667,13,39.06666666666667,0,0
514,1,25,25,26,26,-24,-24,625,625,50,24,0,625,24,0,650.0,1,25.0,25,25
515,4,0,0,2,2,2,2,0,0,0,-2,0,0,-2,0,0.5013333333333333,2,0.5013333333333333,0,0
516,1,0,25,1,26,1,-24,0,0,25,-1,-25,625,24,25,12.466666666666667,1,12.466666666666667,0,25
517,169,0,0,13,13,13,13,0,0,0,-13,0,0,-13,0,38.93266666666667,13,38.93266666666667,0,0
518,1,0,0,1,1,1,1,0,0,0,-1,0,0,-1,0,0.0,1,0.0,0,0
519,1,0,0,1,1,1,1,0,0,0,-1,0,0,-1,0,0.0,1,0.0,0,0
520,144,0,300,12,37,12,-13,0,0,25,-12,-25,625,13,25,183.91066666666666,12,183.91066666666666,0,25
521,625,625,300,50,37,0,13,625,300,37,0,13,144,-13,-13,912.8783333333333,25,612.8783333333333,25,12
522,324,450,288,43,34,-7,2,625,400,41,7,9,256,-2,-9,845.0433333333333,18,445.0433333333333,25,16
523,625,0,300,25,37,25,13,0,0,12,-25,-12,144,-13,12,299.9046666666667,25,299.9046666666667,0,12
524,144,0,300,12,37,12,-13,0,0,25,-12,-25,625,13,25,182.336,12,182.336,0,25
525,625,300,500,37,45,13,5,144,240,32,-13,-8,400,-5,8,789.304,25,549.304,12,20
526,529,575,276,48,35,-2,11,625,300,37,2,13,144,-11,-13,852.1316666666667,23,552.1316666666667,25,12
527,169,0,325,13,38,13,-12,0,0,25,-13,-25,625,12,25,199.894,13,199.894,0,25
528,1,25,21,26,22,-24,-20,625,525,46,24,4,441,20,-4,547.92,1,22.91999999999996,25,21
529,625,0,275,25,36,25,14,0,0,11,-25,-11,121,-14,11,287.286,25,287.286,0,11
530,144,300,300,37,37,-13,-13,625,625,50,13,0,625,13,0,957.9703333333333,12,332.9703333333333,25,25
531,625,0,625,25,50,25,0,0,0,25,-25,-25,625,0,25,463.967,25,463.967,0,25
532,625,0,300,25,37,25,13,0,0,12,-25,-12,144,-13,12,300.35066666666665,25,300.35066666666665,0,12
533,169,325,325,38,38,-12,-12,625,625,50,12,0,625,12,0,989.0346666666667,13,364.0346666666667,25,25
534,625,0,0,25,25,25,25,0,0,0,-25,0,0,-25,0,149.89266666666666,25,149.89266666666666,0,0
535,144,300,300,37,37,-13,-13,625,625,50,13,0,625,13,0,958.1156666666667,12,333.1156666666667,25,25
536,625,0,625,25,50,25,0,0,0,25,-25,-25,625,0,25,462.4676666666667,25,462.4676666666667,0,25
537,625,0,300,25,37,25,13,0,0,12,-25,-12,144,-13,12,299.1653333333333,25,299.1653333333333,0,12
538,169,325,325,38,38,-12,-12,625,625,50,12,0,625,12,0,988.9606666666666,13,363.9606666666666,25,25
539,1,25,25,26,26,-24,-24,625,625,50,24,0,625,24,0,650.0,1,25.0,25,25
540,4,50,50,27,27,-23,-23,625,625,50,23,0,625,23,0,675.506,2,50.50599999999997,25,25
541,1,12,0,13,1,-11,1,144,0,12,11,12,0,-1,-12,6.172,1,6.172,12,0
542,49,175,84,32,19,-18,-5,625,300,37,18,13,144,5,-13,439.88,7,139.88,25,12
543,625,0,0,25,25,25,25,0,0,0,-25,0,0,-25,0,150.05933333333334,25,150.05933333333334,0,0
544,169,0,0,13,13,13,13,0,0,0,-13,0,0,-13,0,39.058,13,39.058,0,0
545,1,25,0,26,1,-24,1,625,0,25,24,25,0,-1,-25,12.05,1,12.05,25,0
546,4,50,0,27,2,-23,2,625,0,25,23,25,0,-2,-25,25.315333333333335,2,25.315333333333335,25,0
547,289,425,289,42,34,-8,0,625,425,42,8,8,289,0,-8,849.6746666666667,17,424.67466666666667,25,17
548,169,325,325,38,38,-12,-12,625,625,50,12,0,625,12,0,989.1406666666667,13,364.1406666666667,25,25
549,625,625,300,50,37,0,13,625,300,37,0,13,144,-13,-13,912.1966666666667,25,612.1966666666667,25,12
550,1,12,0,13,1,-11,1,144,0,12,11,12,0,-1,-12,5.828,1,5.828,12,0
551,625,625,0,50,25,0,25,625,0,25,0,25,0,-25,-25,464.72266666666667,25,464.72266666666667,25,0
552,144,0,300,12,37,12,-13,0,0,25,-12,-25,625,13,25,184.166,12,184.166,0,25
553,625,0,625,25,50,25,0,0,0,25,-25,-25,625,0,25,461.28766666666667,25,461.28766666666667,0,25
554,169,0,325,13,38,13,-12,0,0,25,-13,-25,625,12,25,200.617,13,200.617,0,25
555,1,0,25,1,26,1,-24,0,0,25,-1,-25,625,24,25,12.391666666666667,1,12.391666666666667,0,25
556,144,0,300,12,37,12,-13,0,0,25,-12,-25,625,13,25,183.40533333333335,12,183.40533333333335,0,25
557,625,0,300,25,37,25,13,0,0,12,-25,-12,144,-13,12,299.99733333333336,25,299.99733333333336,0,12
558,625,0,0,25,25,25,25,0,0,0,-25,0,0,-25,0,150.238,25,150.238,0,0
559,625,0,300,25,37,25,13,0,0,12,-25,-12,144,-13,12,299.626,25,299.626,0,12
560,1,25,21,26,22,-24,-20,625,525,46,24,4,441,20,-4,547.9893333333333,1,22.98933333333332,25,21
561,625,0,0,25,25,25,25,0,0,0,-25,0,0,-25,0,149.764,25,149.764,0,0
562,169,0,0,13,13,13,13,0,0,0,-13,0,0,-13,0,39.06666666666667,13,39.06666666666667,0,0
563,1,25,25,26,26,-24,-24,625,625,50,24,0,625,24,0,650.0,1,25.0,25,25
564,4,0,0,2,2,2,2,0,0,0,-2,0,0,-2,0,0.5013333333333333,2,0.5013333333333333,0,0
565,1,0,25,1,26,1,-24,0,0,25,-1,-25,625,24,25,12.466666666666667,1,12.466666666666667,0,25
566,169,0,0,13,13,13,13,0,0,0,-13,0,0,-13,0,38.93266666666667,13,38.93266666666667,0,0
567,1,0,0,1,1,1,1,0,0,0,-1,0,0,-1,0,0.0,1,0.0,0,0
568,1,0,0,1,1,1,1,0,0,0,-1,0,0,-1,0,0.0,1,0.0,0,0
569,144,0,300,12,37,12,-13,0,0,25,-12,-25,625,13,25,183.91066666666666,12,183.91066666666666,0,25
570,625,625,300,50,37,0,13,625,300,37,0,13,144,-13,-13,912.8783333333333,25,612.8783333333333,25,12
571,324,450,288,43,34,-7,2,625,400,41,7,9,256,-2,-9,845.0433333333333,18,445.0433333333333,25,16
572,625,0,300,25,37,25,13,0,0,12,-25,-12,144,-13,12,299.9046666666667,25,299.9046666666667,0,12
573,144,0,300,12,37,12,-13,0,0,25,-12,-25,625,13,25,182.336,12,182.336,0,25
574,625,300,500,37,45,13,5,144,240,32,-13,-8,400,-5,8,789.304,25,549.304,12,20
575,529,575,276,48,35,-2,11,625,300,37,2,13,144,-11,-13,852.1316666666667,23,552.1316666666667,25,12
576,169,0,325,13,38,13,-12,0,0,25,-13,-25,625,12,25,199.894,13,199.894,0,25
577,1,25,21,26,22,-24,-20,625,525,46,24,4,441,20,-4,547.92,1,22.91999999999996,25,21
578,625,0,275,25,36,25,14,0,0,11,-25,-11,121,-14,11,287.286,25,287.286,0,11
579,144,300,300,37,37,-13,-13,625,625,50,13,0,625,13,0,957.9703333333333,12,332.9703333333333,25,25
580,625,0,625,25,50,25,0,0,0,25,-25,-25,625,0,25,463.967,25,463.967,0,25
581,625,0,300,25,37,25,13,0,0,12,-25,-12,144,-13,12,300.35066666666665,25,300.35066666666665,0,12
582,169,325,325,38,38,-12,-12,625,625,50,12,0,625,12,0,989.0346666666667,13,364.0346666666667,25,25
583,625,0,0,25,25,25,25,0,0,0,-25,0,0,-25,0,149.89266666666666,25,149.89266666666666,0,0
584,144,300,300,37,37,-13,-13,625,625,50,13,0,625,13,0,958.1156666666667,12,333.1156666666667,25,25
585,625,0,625,25,50,25,0,0,0,25,-25,-25,625,0,25,462.4676666666667,25,462.4676666666667,0,25
586,625,0,300,25,37,25,13,0,0,12,-25,-12,144,-13,12,299.1653333333333,25,299.1653333333333,0,12
587,169,325,325,38,38,-12,-12,625,625,50,12,0,625,12,0,988.9606666666666,13,363.9606666666666,25,25
588,1,25,25,26,26,-24,-24,625,625,50,24,0,625,24,0,650.0,1,25.0,25,25
589,4,50,50,27,27,-23,-23,625,625,50,23,0,625,23,0,675.506,2,50.50599999999997,25,25
590,1,12,0,13,1,-11,1,144,0,12,11,12,0,-1,-12,6.172,1,6.172,12,0
591,49,175,84,32,19,-18,-5,625,300,37,18,13,144,5,-13,439.88,7,139.88,25,12
592,625,0,0,25,25,25,25,0,0,0,-25,0,0,-25,0,150.05933333333334,25,150.05933333333334,0,0
593,169,0,0,13,13,13,13,0,0,0,-13,0,0,-13,0,39.058,13,39.058,0,0
594,1,25,0,26,1,-24,1,625,0,25,24,25,0,-1,-25,12.05,1,12.05,25,0
595,4,50,0,27,2,-23,2,625,0,25,23,25,0,-2,-25,25.315333333333335,2,25.315333333333335,25,0
596,289,425,289,42,34,-8,0,625,425,42,8,8,289,0,-8,849.6746666666667,17,424.67466666666667,25,17
597,169,325,325,38,38,-12,-12,625,625,50,12,0,625,12,0,989.1406666666667,13,364.1406666666667,25,25
598,625,625,300,50,37,0,13,625,300,37,0,13,144,-13,-13,912.1966666666667,25,612.1966666666667,25,12
599,1,12,0,13,1,-11,1,144,0,12,11,12,0,-1,-12,5.828,1,5.828,12,0
600,625,625,0,50,25,0,25,625,0,25,0,25,0,-25,-25,464.72266666666667,25,464.72266666666667,25,0
601,144,0,300,12,37,12,-13,0,0,25,-12,-25,625,13,25,184.166,12,184.166,0,25
602,625,0,625,25,50,25,0,0,0,25,-25,-25,625,0,25,461.28766666666667,25,461.28766666666667,0,25
603,169,0,325,13,38,13,-12,0,0,25,-13,-25,625,12,25,200.617,13,200.617,0,25
604,1,0,25,1,26,1,-24,0,0,25,-1,-25,625,24,25,12.391666666666667,1,12.391666666666667,0,25
605,144,0,300,12,37,12,-13,0,0,25,-12,-25,625,13,25,183.40533333333335,12,183.40533333333335,0,25
606,625,0,300,25,37,25,13,0,0,12,-25,-12,144,-13,12,299.99733333333336,25,299.99733333333336,0,12
607,625,0,0,25,25,25,25,0,0,0,-25,0,0,-25,0,150.238,25,150.238,0,0
608,625,0,300,25,37,25,13,0,0,12,-25,-12,144,-13,12,299.626,25,299.626,0,12
609,1,25,21,26,22,-24,-20,625,525,46,24,4,441,20,-4,547.9893333333333,1,22.98933333333332,25,21
610,625,0,0,25,25,25,25,0,0,0,-25,0,0,-25,0,149.764,25,149.764,0,0
611,169,0,0,13,13,13,13,0,0,0,-13,0,0,-13,0,39.06666666666667,13,39.06666666666667,0,0
612,1,25,25,26,26,-24,-24,625,625,50,24,0,625,24,0,650.0,1,25.0,25,25
613,4,0,0,2,2,2,2,0,0,0,-2,0,0,-2,0,0.5013333333333333,2,0.5013333333333333,0,0
614,1,0,25,1,26,1,-24,0,0,25,-1,-25,625,24,25,12.466666666666667,1,12.466666666666667,0,25
615,169,0,0,13,13,13,13,0,0,0,-13,0,0,-13,0,38.93266666666667,13,38.93266666666667,0,0
616,1,0,0,1,1,1,1,0,0,0,-1,0,0,-1,0,0.0,1,0.0,0,0
617,1,0,0,1,1,1,1,0,0,0,-1,0,0,-1,0,0.0,1,0.0,0,0
618,144,0,300,12,37,12,-13,0,0,25,-12,-25,625,13,25,183.91066666666666,12,183.91066666666666,0,25
619,625,625,300,50,37,0,13,625,300,37,0,13,144,-13,-13,912.8783333333333,25,612.8783333333333,25,12
620,324,450,288,43,34,-7,2,625,400,41,7,9,256,-2,-9,845.0433333333333,18,445.0433333333333,25,16
621,625,0,300,25,37,25,13,0,0,12,-25,-12,144,-13,12,299.9046666666667,25,299.9046666666667,0,12
622,144,0,300,12,37,12,-13,0,0,25,-12,-25,625,13,25,182.336,12,182.336,0,25
623,625,300,500,37,45,13,5,144,240,32,-13,-8,400,-5,8,789.304,25,549.304,12,20
624,529,575,276,48,35,-2,11,625,300,37,2,13,144,-11,-13,852.1316666666667,23,552.1316666666667,25,12
625,169,0,325,13,38,13,-12,0,0,25,-13,-25,625,12,25,199.894,13,199.894,0,25
626,1,25,21,26,22,-24,-20,625,525,46,24,4,441,20,-4,547.92,1,22.91999999999996,25,21
627,625,0,275,25,36,25,14,0,0,11,-25,-11,121,-14,11,287.286,25,287.286,0,11
628,144,300,300,37,37,-13,-13,625,625,50,13,0,625,13,0,957.9703333333333,12,332.9703333333333,25,25
629,625,0,625,25,50,25,0,0,0,25,-25,-25,625,0,25,463.967,25,463.967,0,25
630,625,0,300,25,37,25,13,0,0,12,-25,-12,144,-13,12,300.35066666666665,25,300.35066666666665,0,12
631,169,325,325,38,38,-12,-12,625,625,50,12,0,625,12,0,989.0346666666667,13,364.0346666666667,25,25
632,625,0,0,25,25,25,25,0,0,0,-25,0,0,-25,0,149.89266666666666,25,149.89266666666666,0,0
633,144,300,300,37,37,-13,-13,625,625,50,13,0,625,13,0,958.1156666666667,12,333.1156666666667,25,25
634,625,0,625,25,50,25,0,0,0,25,-25,-25,625,0,25,462.4676666666667,25,462.4676666666667,0,25
635,625,0,300,25,37,25,13,0,0,12,-25,-12,144,-13,12,299.1653333333333,25,299.1653333333333,0,12
636,169,325,325,38,38,-12,-12,625,625,50,12,0,625,12,0,988.9606666666666,13,363.9606666666666,25,25
637,1,25,25,26,26,-24,-24,625,625,50,24,0,625,24,0,650.0,1,25.0,25,25
638,4,50,50,27,27,-23,-23,625,625,50,23,0,625,23,0,675.506,2,50.50599999999997,25,25
639,1,12,0,13,1,-11,1,144,0,12,11,12,0,-1,-12,6.172,1,6.172,12,0
640,49,175,84,32,19,-18,-5,625,300,37,18,13,144,5,-13,439.88,7,139.88,25,12
641,625,0,0,25,25,25,25,0,0,0,-25,0,0,-25,0,150.05933333333334,25,150.05933333333334,0,0
642,169,0,0,13,13,13,13,0,0,0,-13,0,0,-13,0,39.058,13,39.058,0,0
643,1,25,0,26,1,-24,1,625,0,25,24,25,0,-1,-25,12.05,1,12.05,25,0
644,4,50,0,27,2,-23,2,625,0,25,23,25,0,-2,-25,25.315333333333335,2,25.315333333333335,25,0
645,289,425,289,42,34,-8,0,625,425,42,8,8,289,0,-8,849.6746666666667,17,424.67466666666667,25,17
646,169,325,325,38,38,-12,-12,625,625,50,12,0,625,12,0,989.1406666666667,13,364.1406666666667,25,25
647,625,625,300,50,37,0,13,625,300,37,0,13,144,-13,-13,912.1966666666667,25,612.1966666666667,25,12
648,1,12,0,13,1,-11,1,144,0,12,11,12,0,-1,-12,5.828,1,5.828,12,0
649,625,625,0,50,25,0,25,625,0,25,0,25,0,-25,-25,464.72266666666667,25,464.72266666666667,25,0
650,144,0,300,12,37,12,-13,0,0,25,-12,-25,625,13,25,184.166,12,184.166,0,25
651,625,0,625,25,50,25,0,0,0,25,-25,-25,625,0,25,461.28766666666667,25,461.28766666666667,0,25
652,169,0,325,13,38,13,-12,0,0,25,-13,-25,625,12,25,200.617,13,200.617,0,25
653,1,0,25,1,26,1,-24,0,0,25,-1,-25,625,24,25,12.391666666666667,1,12.391666666666667,0,25
654,144,0,300,12,37,12,-13,0,0,25,-12,-25,625,13,25,183.40533333333335,12,183.40533333333335,0,25
655,625,0,300,25,37,25,13,0,0,12,-25,-12,144,-13,12,299.99733333333336,25,299.99733333333336,0,12
656,625,0,0,25,25,25,25,0,0,0,-25,0,0,-25,0,150.238,25,150.238,0,0
657,625,0,300,25,37,25,13,0,0,12,-25,-12,144,-13,12,299.626,25,299.626,0,12
658,1,25,21,26,22,-24,-20,625,525,46,24,4,441,20,-4,547.9893333333333,1,22.98933333333332,25,21
659,625,0,0,25,25,25,25,0,0,0,-25,0,0,-25,0,149.764,25,149.764,0,0
660,169,0,0,13,13,13,13,0,0,0,-13,0,0,-13,0,39.06666666666667,13,39.06666666666667,0,0
661,1,25,25,26,26,-24,-24,625,625,50,24,0,625,24,0,650.0,1,25.0,25,25
662,4,0,0,2,2,2,2,0,0,0,-2,0,0,-2,0,0.5013333333333333,2,0.5013333333333333,0,0
663,1,0,25,1,26,1,-24,0,0,25,-1,-25,625,24,25,12.466666666666667,1,12.466666666666667,0,25
664,169,0,0,13,13,13,13,0,0,0,-13,0,0,-13,0,38.93266666666667,13,38.93266666666667,0,0
665,1,0,0,1,1,1,1,0,0,0,-1,0,0,-1,0,0.0,1,0.0,0,0
666,1,0,0,1,1,1,1,0,0,0,-1,0,0,-1,0,0.0,1,0.0,0,0
667,144,0,300,12,37,12,-13,0,0,25,-12,-25,625,13,25,183.91066666666666,12,183.91066666666666,0,25
668,625,625,300,50,37,0,13,625,300,37,0,13,144,-13,-13,912.8783333333333,25,612.8783333333333,25,12
669,324,450,288,43,34,-7,2,625,400,41,7,9,256,-2,-9,845.0433333333333,18,445.0433333333333,25,16
670,625,0,300,25,37,25,13,0,0,12,-25,-12,144,-13,12,299.9046666666667,25,299.9046666666667,0,12
671,144,0,300,12,37,12,-13,0,0,25,-12,-25,625,13,25,182.336,12,182.336,0,25
672,625,300,500,37,45,13,5,144,240,32,-13,-8,400,-5,8,789.304,25,549.304,12,20
673,529,575,276,48,35,-2,11,625,300,37,2,13,144,-11,-13,852.1316666666667,23,552.1316666666667,25,12
674,169,0,325,13,38,13,-12,0,0,25,-13,-25,625,12,25,199.894,13,199.894,0,25
675,1,25,21,26,22,-24,-20,625,525,46,24,4,441,20,-4,547.92,1,22.91999999999996,25,21
676,625,0,275,25,36,25,14,0,0,11,-25,-11,121,-14,11,287.286,25,287.286,0,11
677,144,300,300,37,37,-13,-13,625,625,50,13,0,625,13,0,957.9703333333333,12,332.9703333333333,25,25
678,625,0,625,25,50,25,0,0,0,25,-25,-25,625,0,25,463.967,25,463.967,0,25
679,625,0,300,25,37,25,13,0,0,12,-25,-12,144,-13,12,300.35066666666665,25,300.35066666666665,0,12
680,169,325,325,38,38,-12,-12,625,625,50,12,0,625,12,0,989.0346666666667,13,364.0346666666667,25,25
681,625,0,0,25,25,25,25,0,0,0,-25,0,0,-25,0,149.89266666666666,25,149.89266666666666,0,0
682,144,300,300,37,37,-13,-13,625,625,50,13,0,625,13,0,958.1156666666667,12,333.1156666666667,25,25
683,625,0,625,25,50,25,0,0,0,25,-25,-25,625,0,25,462.4676666666667,25,462.4676666666667,0,25
684,625,0,300,25,37,25,13,0,0,12,-25,-12,144,-13,12,299.1653333333333,25,299.1653333333333,0,12
685,169,325,325,38,38,-12,-12,625,625,50,12,0,625,12,0,988.9606666666666,13,363.9606666666666,25,25
686,1,25,25,26,26,-24,-24,625,625,50,24,0,625,24,0,650.0,1,25.0,25,25
687,4,50,50,27,27,-23,-23,625,625,50,23,0,625,23,0,675.506,2,50.50599999999997,25,25
688,1,12,0,13,1,-11,1,144,0,12,11,12,0,-1,-12,6.172,1,6.172,12,0
689,49,175,84,32,19,-18,-5,625,300,37,18,13,144,5,-13,439.88,7,139.88,25,12
690,625,0,0,25,25,25,25,0,0,0,-25,0,0,-25,0,150.05933333333334,25,150.05933333333334,0,0
691,169,0,0,13,13,13,13,0,0,0,-13,0,0,-13,0,39.058,13,39.058,0,0
692,1,25,0,26,1,-24,1,625,0,25,24,25,0,-1,-25,12.05,1,12.05,25,0
693,4,50,0,27,2,-23,2,625,0,25,23,25,0,-2,-25,25.315333333333335,2,25.315333333333335,25,0
694,289,425,289,42,34,-8,0,625,425,42,8,8,289,0,-8,849.6746666666667,17,424.67466666666667,25,17
695,169,325,325,38,38,-12,-12,625,625,50,12,0,625,12,0,989.1406666666667,13,364.1406666666667,25,25
696,625,625,300,50,37,0,13,625,300,37,0,13,144,-13,-13,912.1966666666667,25,612.1966666666667,25,12
697,1,12,0,13,1,-11,1,144,0,12,11,12,0,-1,-12,5.828,1,5.828,12,0
698,625,625,0,50,25,0,25,625,0,25,0,25,0,-25,-25,464.72266666666667,25,464.72266666666667,25,0
699,144,0,300,12,37,12,-13,0,0,25,-12,-25,625,13,25,184.166,12,184.166,0,25
700,625,0,625,25,50,25,0,0,0,25,-25,-25,625,0,25,461.28766666666667,25,461.28766666666667,0,25
701,169,0,325,13,38,13,-12,0,0,25,-13,-25,625,12,25,200.617,13,200.617,0,25
702,1,0,25,1,26,1,-24,0,0,25,-1,-25,625,24,25,12.391666666666667,1,12.391666666666667,0,25
703,144,0,300,12,37,12,-13,0,0,25,-12,-25,625,13,25,183.40533333333335,12,183.40533333333335,0,25
704,625,0,300,25,37,25,13,0,0,12,-25,-12,144,-13,12,299.99733333333336,25,299.99733333333336,0,12
705,625,0,0,25,25,25,25,0,0,0,-25,0,0,-25,0,150.238,25,150.238,0,0
706,625,0,300,25,37,25,13,0,0,12,-25,-12,144,-13,12,299.626,25,299.626,0,12
707,1,25,21,26,22,-24,-20,625,525,46,24,4,441,20,-4,547.9893333333333,1,22.98933333333332,25,21
708,625,0,0,25,25,25,25,0,0,0,-25,0,0,-25,0,149.764,25,149.764,0,0
709,169,0,0,13,13,13,13,0,0,0,-13,0,0,-13,0,39.06666666666667,13,39.06666666666667,0,0
710,1,25,25,26,26,-24,-24,625,625,50,24,0,625,24,0,650.0,1,25.0,25,25
711,4,0,0,2,2,2,2,0,0,0,-2,0,0,-2,0,0.5013333333333333,2,0.5013333333333333,0,0
712,1,0,25,1,26,1,-24,0,0,25,-1,-25,625,24,25,12.466666666666667,1,12.466666666666667,0,25
713,169,0,0,13,13,13,13,0,0,0,-13,0,0,-13,0,38.93266666666667,13,38.93266666666667,0,0
714,1,0,0,1,1,1,1,0,0,0,-1,0,0,-1,0,0.0,1,0.0,0,0
715,1,0,0,1,1,1,1,0,0,0,-1,0,0,-1,0,0.0,1,0.0,0,0
716,144,0,300,12,37,12,-13,0,0,25,-12,-25,625,13,25,183.91066666666666,12,183.91066666666666,0,25
717,625,625,300,50,37,0,13,625,300,37,0,13,144,-13,-13,912.8783333333333,25,612.8783333333333,25,12
718,324,450,288,43,34,-7,2,625,400,41,7,9,256,-2,-9,845.0433333333333,18,445.0433333333333,25,16
719,625,0,300,25,37,25,13,0,0,12,-25,-12,144,-13,12,299.9046666666667,25,299.9046666666667,0,12
720,144,0,300,12,37,12,-13,0,0,25,-12,-25,625,13,25,182.336,12,182.336,0,25
721,625,300,500,37,45,13,5,144,240,32,-13,-8,400,-5,8,789.304,25,549.304,12,20
722,529,575,276,48,35,-2,11,625,300,37,2,13,144,-11,-13,852.1316666666667,23,552.1316666666667,25,12
723,169,0,325,13,38,13,-12,0,0,25,-13,-25,625,12,25,199.894,13,199.894,0,25
724,1,25,21,26,22,-24,-20,625,525,46,24,4,441,20,-4,547.92,1,22.91999999999996,25,21
725,625,0,275,25,36,25,14,0,0,11,-25,-11,121,-14,11,287.286,25,287.286,0,11
726,144,300,300,37,37,-13,-13,625,625,50,13,0,625,13,0,957.9703333333333,12,332.9703333333333,25,25
727,625,0,625,25,50,25,0,0,0,25,-25,-25,625,0,25,463.967,25,463.967,0,25
728,625,0,300,25,37,25,13,0,0,12,-25,-12,144,-13,12,300.35066666666665,25,300.35066666666665,0,12
729,169,325,325,38,38,-12,-12,625,625,50,12,0,625,12,0,989.0346666666667,13,364.0346666666667,25,25
730,625,0,0,25,25,25,25,0,0,0,-25,0,0,-25,0,149.89266666666666,25,149.89266666666666,0,0
731,144,300,300,37,37,-13,-13,625,625,50,13,0,625,13,0,958.1156666666667,12,333.1156666666667,25,25
732,625,0,625,25,50,25,0,0,0,25,-25,-25,625,0,25,462.4676666666667,25,462.4676666666667,0,25
733,625,0,300,25,37,25,13,0,0,12,-25,-12,144,-13,12,299.1653333333333,25,299.1653333333333,0,12
734,169,325,325,38,38,-12,-12,625,625,50,12,0,625,12,0,988.9606666666666,13,363.9606666666666,25,25
735,1,25,25,26,26,-24,-24,625,625,50,24,0,625,24,0,650.0,1,25.0,25,25
736,4,50,50,27,27,-23,-23,625,625,50,23,0,625,23,0,675.506,2,50.50599999999997,25,25
737,1,12,0,13,1,-11,1,144,0,12,11,12,0,-1,-12,6.172,1,6.172,12,0
738,49,175,84,32,19,-18,-5,625,300,37,18,13,144,5,-13,439.88,7,139.88,25,12
739,625,0,0,25,25,25,25,0,0,0,-25,0,0,-25,0,150.05933333333334,25,150.05933333333334,0,0
740,169,0,0,13,13,13,13,0,0,0,-13,0,0,-13,0,39.058,13,39.058,0,0
741,1,25,0,26,1,-24,1,625,0,25,24,25,0,-1,-25,12.05,1,12.05,25,0
742,4,50,0,27,2,-23,2,625,0,25,23,25,0,-2,-25,25.315333333333335,2,25.315333333333335,25,0
743,289,425,289,42,34,-8,0,625,425,42,8,8,289,0,-8,849.6746666666667,17,424.67466666666667,25,17
744,169,325,325,38,38,-12,-12,625,625,50,12,0,625,12,0,989.1406666666667,13,364.1406666666667,25,25
745,625,625,300,50,37,0,13,625,300,37,0,13,144,-13,-13,912.1966666666667,25,612.1966666666667,25,12
746,1,12,0,13,1,-11,1,144,0,12,11,12,0,-1,-12,5.828,1,5.828,12,0
747,625,625,0,50,25,0,25,625,0,25,0,25,0,-25,-25,464.72266666666667,25,464.72266666666667,25,0
748,144,0,300,12,37,12,-13,0,0,25,-12,-25,625,13,25,184.166,12,184.166,0,25
749,625,0,625,25,50,25,0,0,0,25,-25,-25,625,0,25,461.28766666666667,25,461.28766666666667,0,25
750,169,0,325,13,38,13,-12,0,0,25,-13,-25,625,12,25,200.617,13,200.617,0,25
751,1,0,25,1,26,1,-24,0,0,25,-1,-25,625,24,25,12.391666666666667,1,12.391666666666667,0,25
752,144,0,300,12,37,12,-13,0,0,25,-12,-25,625,13,25,183.40533333333335,12,183.40533333333335,0,25
753,625,0,300,25,37,25,13,0,0,12,-25,-12,144,-13,12,299.99733333333336,25,299.99733333333336,0,12
754,625,0,0,25,25,25,25,0,0,0,-25,0,0,-25,0,150.238,25,150.238,0,0
755,625,0,300,25,37,25,13,0,0,12,-25,-12,144,-13,12,299.626,25,299.626,0,12
756,1,25,21,26,22,-24,-20,625,525,46,24,4,441,20,-4,547.9893333333333,1,22.98933333333332,25,21
757,625,0,0,25,25,25,25,0,0,0,-25,0,0,-25,0,149.764,25,149.764,0,0
758,169,0,0,13,13,13,13,0,0,0,-13,0,0,-13,0,39.06666666666667,13,39.06666666666667,0,0
759,1,25,25,26,26,-24,-24,625,625,50,24,0,625,24,0,650.0,1,25.0,25,25
760,4,0,0,2,2,2,2,0,0,0,-2,0,0,-2,0,0.5013333333333333,2,0.5013333333333333,0,0
761,1,0,25,1,26,1,-24,0,0,25,-1,-25,625,24,25,12.466666666666667,1,12.466666666666667,0,25
762,169,0,0,13,13,13,13,0,0,0,-13,0,0,-13,0,38.93266666666667,13,38.93266666666667,0,0
763,1,0,0,1,1,1,1,0,0,0,-1,0,0,-1,0,0.0,1,0.0,0,0
764,1,0,0,1,1,1,1,0,0,0,-1,0,0,-1,0,0.0,1,0.0,0,0
765,144,0,300,12,37,12,-13,0,0,25,-12,-25,625,13,25,183.91066666666666,12,183.91066666666666,0,25
766,625,625,300,50,37,0,13,625,300,37,0,13,144,-13,-13,912.8783333333333,25,612.8783333333333,25,12
767,324,450,288,43,34,-7,2,625,400,41,7,9,256,-2,-9,845.0433333333333,18,445.0433333333333,25,16
768,625,0,300,25,37,25,13,0,0,12,-25,-12,144,-13,12,299.9046666666667,25,299.9046666666667,0,12
769,144,0,300,12,37,12,-13,0,0,25,-12,-25,625,13,25,182.336,12,182.336,0,25
770,625,300,500,37,45,13,5,144,240,32,-13,-8,400,-5,8,789.304,25,549.304,12,20
771,529,575,276,48,35,-2,11,625,300,37,2,13,144,-11,-13,852.1316666666667,23,552.1316666666667,25,12
772,169,0,325,13,38,13,-12,0,0,25,-13,-25,625,12,25,199.894,13,199.894,0,25
773,1,25,21,26,22,-24,-20,625,525,46,24,4,441,20,-4,547.92,1,22.91999999999996,25,21
774,625,0,275,25,36,25,14,0,0,11,-25,-11,121,-14,11,287.286,25,287.286,0,11
775,144,300,300,37,37,-13,-13,625,625,50,13,0,625,13,0,957.9703333333333,12,332.9703333333333,25,25
776,625,0,625,25,50,25,0,0,0,25,-25,-25,625,0,25,463.967,25,463.967,0,25
777,625,0,300,25,37,25,13,0,0,12,-25,-12,144,-13,12,300.35066666666665,25,300.35066666666665,0,12
778,169,325,325,38,38,-12,-12,625,625,50,12,0,625,12,0,989.0346666666667,13,364.0346666666667,25,25
779,625,0,0,25,25,25,25,0,0,0,-25,0,0,-25,0,149.89266666666666,25,149.89266666666666,0,0
780,144,300,300,37,37,-13,-13,625,625,50,13,0,625,13,0,958.1156666666667,12,333.1156666666667,25,25
781,625,0,625,25,50,25,0,0,0,25,-25,-25,625,0,25,462.4676666666667,25,462.4676666666667,0,25
782,625,0,300,25,37,25,13,0,0,12,-25,-12,144,-13,12,299.1653333333333,25,299.1653333333333,0,12
783,169,325,325,38,38,-12,-12,625,625,50,12,0,625,12,0,988.9606666666666,13,363.9606666666666,25,25
784,1,25,25,26,26,-24,-24,625,625,50,24,0,625,24,0,650.0,1,25.0,25,25
785,4,50,50,27,27,-23,-23,625,625,50,23,0,625,23,0,675.506,2,50.50599999999997,25,25
786,1,12,0,13,1,-11,1,144,0,12,11,12,0,-1,-12,6.172,1,6.172,12,0
787,49,175,84,32,19,-18,-5,625,300,37,18,13,144,5,-13,439.88,7,139.88,25,12
788,625,0,0,25,25,25,25,0,0,0,-25,0,0,-25,0,150.05933333333334,25,150.05933333333334,0,0
789,169,0,0,13,13,13,13,0,0,0,-13,0,0,-13,0,39.058,13,39.058,0,0
790,1,25,0,26,1,-24,1,625,0,25,24,25,0,-1,-25,12.05,1,12.05,25,0
791,4,50,0,27,2,-23,2,625,0,25,23,25,0,-2,-25,25.315333333333335,2,25.315333333333335,25,0
792,289,425,289,42,34,-8,0,625,425,42,8,8,289,0,-8,849.6746666666667,17,424.67466666666667,25,17
793,169,325,325,38,38,-12,-12,625,625,50,12,0,625,12,0,989.1406666666667,13,364.1406666666667,25,25
794,625,625,300,50,37,0,13,625,300,37,0,13,144,-13,-13,912.1966666666667,25,612.1966666666667,25,12
795,1,12,0,13,1,-11,1,144,0,12,11,12,0,-1,-12,5.828,1,5.828,12,0
796,625,625,0,50,25,0,25,625,0,25,0,25,0,-25,-25,464.72266666666667,25,464.72266666666667,25,0
797,144,0,300,12,37,12,-13,0,0,25,-12,-25,625,13,25,184.166,12,184.166,0,25
798,625,0,625,25,50,25,0,0,0,25,-25,-25,625,0,25,461.28766666666667,25,461.28766666666667,0,25
799,169,0,325,13,38,13,-12,0,0,25,-13,-25,625,12,25,200.617,13,200.617,0,25
800,1,0,25,1,26,1,-24,0,0,25,-1,-25,625,24,25,12.391666666666667,1,12.391666666666667,0,25
801,144,0,300,12,37,12,-13,0,0,25,-12,-25,625,13,25,183.40533333333335,12,183.40533333333335,0,25
802,625,0,300,25,37,25,13,0,0,12,-25,-12,144,-13,12,299.99733333333336,25,299.99733333333336,0,12
803,625,0,0,25,25,25,25,0,0,0,-25,0,0,-25,0,150.238,25,150.238,0,0
804,625,0,300,25,37,25,13,0,0,12,-25,-12,144,-13,12,299.626,25,299.626,0,12
805,1,25,21,26,22,-24,-20,625,525,46,24,4,441,20,-4,547.9893333333333,1,22.98933333333332,25,21
806,625,0,0,25,25,25,25,0,0,0,-25,0,0,-25,0,149.764,25,149.764,0,0
807,169,0,0,13,13,13,13,0,0,0,-13,0,0,-13,0,39.06666666666667,13,39.06666666666667,0,0
808,1,25,25,26,26,-24,-24,625,625,50,24,0,625,24,0,650.0,1,25.0,25,25
809,4,0,0,2,2,2,2,0,0,0,-2,0,0,-2,0,0.5013333333333333,2,0.5013333333333333,0,0
810,1,0,25,1,26,1,-24,0,0,25,-1,-25,625,24,25,12.466666666666667,1,12.466666666666667,0,25
811,169,0,0,13,13,13,13,0,0,0,-13,0,0,-13,0,38.93266666666667,13,38.93266666666667,0,0
812,1,0,0,1,1,1,1,0,0,0,-1,0,0,-1,0,0.0,1,0.0,0,0
813,1,0,0,1,1,1,1,0,0,0,-1,0,0,-1,0,0.0,1,0.0,0,0
814,144,0,300,12,37,12,-13,0,0,25,-12,-25,625,13,25,183.91066666666666,12,183.91066666666666,0,25
815,625,625,300,50,37,0,13,625,300,37,0,13,144,-13,-13,912.8783333333333,25,612.8783333333333,25,12
816,324,450,288,43,34,-7,2,625,400,41,7,9,256,-2,-9,845.0433333333333,18,445.0433333333333,25,16
817,625,0,300,25,37,25,13,0,0,12,-25,-12,144,-13,12,299.9046666666667,25,299.9046666666667,0,12
818,144,0,300,12,37,12,-13,0,0,25,-12,-25,625,13,25,182.336,12,182.336,0,25
819,625,300,500,37,45,13,5,144,240,32,-13,-8,400,-5,8,789.304,25,549.304,12,20
820,529,575,276,48,35,-2,11,625,300,37,2,13,144,-11,-13,852.1316666666667,23,552.1316666666667,25,12
821,169,0,325,13,38,13,-12,0,0,25,-13,-25,625,12,25,199.894,13,199.894,0,25
822,1,25,21,26,22,-24,-20,625,525,46,24,4,441,20,-4,547.92,1,22.91999999999996,25,21
823,625,0,275,25,36,25,14,0,0,11,-25,-11,121,-14,11,287.286,25,287.286,0,11
824,144,300,300,37,37,-13,-13,625,625,50,13,0,625,13,0,957.9703333333333,12,332.9703333333333,25,25
825,625,0,625,25,50,25,0,0,0,25,-25,-25,625,0,25,463.967,25,463.967,0,25
826,625,0,300,25,37,25,13,0,0,12,-25,-12,144,-13,12,300.35066666666665,25,300.35066666666665,0,12
827,169,325,325,38,38,-12,-12,625,625,50,12,0,625,12,0,989.0346666666667,13,364.0346666666667,25,25
828,625,0,0,25,25,25,25,0,0,0,-25,0,0,-25,0,149.89266666666666,25,149.89266666666666,0,0
829,144,300,300,37,37,-13,-13,625,625,50,13,0,625,13,0,958.1156666666667,12,333.1156666666667,25,25
830,625,0,625,25,50,25,0,0,0,25,-25,-25,625,0,25,462.4676666666667,25,462.4676666666667,0,25
831,625,0,300,25,37,25,13,0,0,12,-25,-12,144,-13,12,299.1653333333333,25,299.1653333333333,0,12
832,169,325,325,38,38,-12,-12,625,625,50,12,0,625,12,0,988.9606666666666,13,363.9606666666666,25,25
833,1,25,25,26,26,-24,-24,625,625,50,24,0,625,24,0,650.0,1,25.0,25,25
834,4,50,50,27,27,-23,-23,625,625,50,23,0,625,23,0,675.506,2,50.50599999999997,25,25
835,1,12,0,13,1,-11,1,144,0,12,11,12,0,-1,-12,6.172,1,6.172,12,0
836,49,175,84,32,19,-18,-5,625,300,37,18,13,144,5,-13,439.88,7,139.88,25,12
837,625,0,0,25,25,25,25,0,0,0,-25,0,0,-25,0,150.05933333333334,25,150.05933333333334,0,0
838,169,0,0,13,13,13,13,0,0,0,-13,0,0,-13,0,39.058,13,39.058,0,0
839,1,25,0,26,1,-24,1,625,0,25,24,25,0,-1,-25,12.05,1,12.05,25,0
840,4,50,0,27,2,-23,2,625,0,25,23,25,0,-2,-25,25.315333333333335,2,25.315333333333335,25,0
841,289,425,289,42,34,-8,0,625,425,42,8,8,289,0,-8,849.6746666666667,17,424.67466666666667,25,17
842,169,325,325,38,38,-12,-12,625,625,50,12,0,625,12,0,989.1406666666667,13,364.1406666666667,25,25
843,625,625,300,50,37,0,13,625,300,37,0,13,144,-13,-13,912.1966666666667,25,612.1966666666667,25,12
844,1,12,0,13,1,-11,1,144,0,12,11,12,0,-1,-12,5.828,1,5.828,12,0
845,625,625,0,50,25,0,25,625,0,25,0,25,0,-25,-25,464.72266666666667,25,464.72266666666667,25,0
846,144,0,300,12,37,12,-13,0,0,25,-12,-25,625,13,25,184.166,12,184.166,0,25
847,625,0,625,25,50,25,0,0,0,25,-25,-25,625,0,25,461.28766666666667,25,461.28766666666667,0,25
848,169,0,325,13,38,13,-12,0,0,25,-13,-25,625,12,25,200.617,13,200.617,0,25
849,1,0,25,1,26,1,-24,0,0,25,-1,-25,625,24,25,12.391666666666667,1,12.391666666666667,0,25
850,144,0,300,12,37,12,-13,0,0,25,-12,-25,625,13,25,183.40533333333335,12,183.40533333333335,0,25
851,625,0,300,25,37,25,13,0,0,12,-25,-12,144,-13,12,299.99733333333336,25,299.99733333333336,0,12
852,625,0,0,25,25,25,25,0,0,0,-25,0,0,-25,0,150.238,25,150.238,0,0
853,625,0,300,25,37,25,13,0,0,12,-25,-12,144,-13,12,299.626,25,299.626,0,12
854,1,25,21,26,22,-24,-20,625,525,46,24,4,441,20,-4,547.9893333333333,1,22.98933333333332,25,21
855,625,0,0,25,25,25,25,0,0,0,-25,0,0,-25,0,149.764,25,149.764,0,0
856,169,0,0,13,13,13,13,0,0,0,-13,0,0,-13,0,39.06666666666667,13,39.06666666666667,0,0
857,1,25,25,26,26,-24,-24,625,625,50,24,0,625,24,0,650.0,1,25.0,25,25
858,4,0,0,2,2,2,2,0,0,0,-2,0,0,-2,0,0.5013333333333333,2,0.5013333333333333,0,0
859,1,0,25,1,26,1,-24,0,0,25,-1,-25,625,24,25,12.466666666666667,1,12.466666666666667,0,25
860,169,0,0,13,13,13,13,0,0,0,-13,0,0,-13,0,38.93266666666667,13,38.93266666666667,0,0
861,1,0,0,1,1,1,1,0,0,0,-1,0,0,-1,0,0.0,1,0.0,0,0
862,1,0,0,1,1,1,1,0,0,0,-1,0,0,-1,0,0.0,1,0.0,0,0
863,144,0,300,12,37,12,-13,0,0,25,-12,-25,625,13,25,183.91066666666666,12,183.91066666666666,0,25
864,625,625,300,50,37,0,13,625,300,37,0,13,144,-13,-13,912.8783333333333,25,612.8783333333333,25,12
865,324,450,288,43,34,-7,2,625,400,41,7,9,256,-2,-9,845.0433333333333,18,445.0433333333333,25,16
866,625,0,300,25,37,25,13,0,0,12,-25,-12,144,-13,12,299.9046666666667,25,299.9046666666667,0,12
867,144,0,300,12,37,12,-13,0,0,25,-12,-25,625,13,25,182.336,12,182.336,0,25
868,625,300,500,37,45,13,5,144,240,32,-13,-8,400,-5,8,789.304,25,549.304,12,20
869,529,575,276,48,35,-2,11,625,300,37,2,13,144,-11,-13,852.1316666666667,23,552.1316666666667,25,12
870,169,0,325,13,38,13,-12,0,0,25,-13,-25,625,12,25,199.894,13,199.894,0,25
871,1,25,21,26,22,-24,-20,625,525,46,24,4,441,20,-4,547.92,1,22.91999999999996,25,21
872,625,0,275,25,36,25,14,0,0,11,-25,-11,121,-14,11,287.286,25,287.286,0,11
873,144,300,300,37,37,-13,-13,625,625,50,13,0,625,13,0,957.9703333333333,12,332.9703333333333,25,25
874,625,0,625,25,50,25,0,0,0,25,-25,-25,625,0,25,463.967,25,463.967,0,25
875,625,0,300,25,37,25,13,0,0,12,-25,-12,144,-13,12,300.35066666666665,25,300.35066666666665,0,12
876,169,325,325,38,38,-12,-12,625,625,50,12,0,625,12,0,989.0346666666667,13,364.0346666666667,25,25
877,625,0,0,25,25,25,25,0,0,0,-25,0,0,-25,0,149.89266666666666,25,149.89266666666666,0,0
878,144,300,300,37,37,-13,-13,625,625,50,13,0,625,13,0,958.1156666666667,12,333.1156666666667,25,25
879,625,0,625,25,50,25,0,0,0,25,-25,-25,625,0,25,462.4676666666667,25,462.4676666666667,0,25
880,625,0,300,25,37,25,13,0,0,12,-25,-12,144,-13,12,299.1653333333333,25,299.1653333333333,0,12
881,169,325,325,38,38,-12,-12,625,625,50,12,0,625,12,0,988.9606666666666,13,363.9606666666666,25,25
882,1,25,25,26,26,-24,-24,625,625,50,24,0,625,24,0,650.0,1,25.0,25,25
883,4,50,50,27,27,-23,-23,625,625,50,23,0,625,23,0,675.506,2,50.50599999999997,25,25
884,1,12,0,13,1,-11,1,144,0,12,11,12,0,-1,-12,6.172,1,6.172,12,0
885,49,175,84,32,19,-18,-5,625,300,37,18,13,144,5,-13,439.88,7,139.88,25,12
886,625,0,0,25,25,25,25,0,0,0,-25,0,0,-25,0,150.05933333333334,25,150.05933333333334,0,0
887,169,0,0,13,13,13,13,0,0,0,-13,0,0,-13,0,39.058,13,39.058,0,0
888,1,25,0,26,1,-24,1,625,0,25,24,25,0,-1,-25,12.05,1,12.05,25,0
889,4,50,0,27,2,-23,2,625,0,25,23,25,0,-2,-25,25.315333333333335,2,25.315333333333335,25,0
890,289,425,289,42,34,-8,0,625,425,42,8,8,289,0,-8,849.6746666666667,17,424.67466666666667,25,17
891,169,325,325,38,38,-12,-12,625,625,50,12,0,625,12,0,989.1406666666667,13,364.1406666666667,25,25
892,625,625,300,50,37,0,13,625,300,37,0,13,144,-13,-13,912.1966666666667,25,612.1966666666667,25,12
893,1,12,0,13,1,-11,1,144,0,12,11,12,0,-1,-12,5.828,1,5.828,12,0
894,625,625,0,50,25,0,25,625,0,25,0,25,0,-25,-25,464.72266666666667,25,464.72266666666667,25,0
895,144,0,300,12,37,12,-13,0,0,25,-12,-25,625,13,25,184.166,12,184.166,0,25
896,625,0,625,25,50,25,0,0,0,25,-25,-25,625,0,25,461.28766666666667,25,461.28766666666667,0,25
897,169,0,325,13,38,13,-12,0,0,25,-13,-25,625,12,25,200.617,13,200.617,0,25
898,1,0,25,1,26,1,-24,0,0,25,-1,-25,625,24,25,12.391666666666667,1,12.391666666666667,0,25
899,144,0,300,12,37,12,-13,0,0,25,-12,-25,625,13,25,183.40533333333335,12,183.40533333333335,0,25
900,625,0,300,25,37,25,13,0,0,12,-25,-12,144,-13,12,299.99733333333336,25,299.99733333333336,0,12
901,625,0,0,25,25,25,25,0,0,0,-25,0,0,-25,0,150.238,25,150.238,0,0
902,625,0,300,25,37,25,13,0,0,12,-25,-12,144,-13,12,299.626,25,299.626,0,12
903,1,25,21,26,22,-24,-20,625,525,46,24,4,441,20,-4,547.9893333333333,1,22.98933333333332,25,21
904,625,0,0,25,25,25,25,0,0,0,-25,0,0,-25,0,149.764,25,149.764,0,0
905,169,0,0,13,13,13,13,0,0,0,-13,0,0,-13,0,39.06666666666667,13,39.06666666666667,0,0
906,1,25,25,26,26,-24,-24,625,625,50,24,0,625,24,0,650.0,1,25.0,25,25
907,4,0,0,2,2,2,2,0,0,0,-2,0,0,-2,0,0.5013333333333333,2,0.5013333333333333,0,0
908,1,0,25,1,26,1,-24,0,0,25,-1,-25,625,24,25,12.466666666666667,1,12.466666666666667,0,25
909,169,0,0,13,13,13,13,0,0,0,-13,0,0,-13,0,38.93266666666667,13,38.93266666666667,0,0
910,1,0,0,1,1,1,1,0,0,0,-1,0,0,-1,0,0.0,1,0.0,0,0
911,1,0,0,1,1,1,1,0,0,0,-1,0,0,-1,0,0.0,1,0.0,0,0
912,144,0,300,12,37,12,-13,0,0,25,-12,-25,625,13,25,183.91066666666666,12,183.91066666666666,0,25
913,625,625,300,50,37,0,13,625,300,37,0,13,144,-13,-13,912.8783333333333,25,612.8783333333333,25,12
914,324,450,288,43,34,-7,2,625,400,41,7,9,256,-2,-9,845.0433333333333,18,445.0433333333333,25,16
915,625,0,300,25,37,25,13,0,0,12,-25,-12,144,-13,12,299.9046666666667,25,299.9046666666667,0,12
916,144,0,300,12,37,12,-13,0,0,25,-12,-25,625,13,25,182.336,12,182.336,0,25
917,625,300,500,37,45,13,5,144,240,32,-13,-8,400,-5,8,789.304,25,549.304,12,20
918,529,575,276,48,35,-2,11,625,300,37,2,13,144,-11,-13,852.1316666666667,23,552.1316666666667,25,12
919,169,0,325,13,38,13,-12,0,0,25,-13,-25,625,12,25,199.894,13,199.894,0,25
920,1,25,21,26,22,-24,-20,625,525,46,24,4,441,20,-4,547.92,1,22.91999999999996,25,21
921,625,0,275,25,36,25,14,0,0,11,-25,-11,121,-14,11,287.286,25,287.286,0,11
922,144,300,300,37,37,-13,-13,625,625,50,13,0,625,13,0,957.9703333333333,12,332.9703333333333,25,25
923,625,0,625,25,50,25,0,0,0,25,-25,-25,625,0,25,463.967,25,463.967,0,25
924,625,0,300,25,37,25,13,0,0,12,-25,-12,144,-13,12,300.35066666666665,25,300.35066666666665,0,12
925,169,325,325,38,38,-12,-12,625,625,50,12,0,625,12,0,989.0346666666667,13,364.0346666666667,25,25
926,625,0,0,25,25,25,25,0,0,0,-25,0,0,-25,0,149.89266666666666,25,149.89266666666666,0,0
927,144,300,300,37,37,-13,-13,625,625,50,13,0,625,13,0,958.1156666666667,12,333.1156666666667,25,25
928,625,0,625,25,50,25,0,0,0,25,-25,-25,625,0,25,462.4676666666667,25,462.4676666666667,0,25
929,625,0,300,25,37,25,13,0,0,12,-25,-12,144,-13,12,299.1653333333333,25,299.1653333333333,0,12
930,169,325,325,38,38,-12,-12,625,625,50,12,0,625,12,0,988.9606666666666,13,363.9606666666666,25,25
931,1,25,25,26,26,-24,-24,625,625,50,24,0,625,24,0,650.0,1,25.0,25,25
932,4,50,50,27,27,-23,-23,625,625,50,23,0,625,23,0,675.506,2,50.50599999999997,25,25
933,1,12,0,13,1,-11,1,144,0,12,11,12,0,-1,-12,6.172,1,6.172,12,0
934,49,175,84,32,19,-18,-5,625,300,37,18,13,144,5,-13,439.88,7,139.88,25,12
935,625,0,0,25,25,25,25,0,0,0,-25,0,0,-25,0,150.05933333333334,25,150.05933333333334,0,0
936,169,0,0,13,13,13,13,0,0,0,-13,0,0,-13,0,39.058,13,39.058,0,0
937,1,25,0,26,1,-24,1,625,0,25,24,25,0,-1,-25,12.05,1,12.05,25,0
938,4,50,0,27,2,-23,2,625,0,25,23,25,0,-2,-25,25.315333333333335,2,25.315333333333335,25,0
939,289,425,289,42,34,-8,0,625,425,42,8,8,289,0,-8,849.6746666666667,17,424.67466666666667,25,17
940,169,325,325,38,38,-12,-12,625,625,50,12,0,625,12,0,989.1406666666667,13,364.1406666666667,25,25
941,625,625,300,50,37,0,13,625,300,37,0,13,144,-13,-13,912.1966666666667,25,612.1966666666667,25,12
942,1,12,0,13,1,-11,1,144,0,12,11,12,0,-1,-12,5.828,1,5.828,12,0
943,625,625,0,50,25,0,25,625,0,25,0,25,0,-25,-25,464.72266666666667,25,464.72266666666667,25,0
944,144,0,300,12,37,12,-13,0,0,25,-12,-25,625,13,25,184.166,12,184.166,0,25
945,625,0,625,25,50,25,0,0,0,25,-25,-25,625,0,25,461.28766666666667,25,461.28766666666667,0,25
946,169,0,325,13,38,13,-12,0,0,25,-13,-25,625,12,25,200.617,13,200.617,0,25
947,1,0,25,1,26,1,-24,0,0,25,-1,-25,625,24,25,12.391666666666667,1,12.391666666666667,0,25
948,144,0,300,12,37,12,-13,0,0,25,-12,-25,625,13,25,183.40533333333335,12,183.40533333333335,0,25
949,625,0,300,25,37,25,13,0,0,12,-25,-12,144,-13,12,299.99733333333336,25,299.99733333333336,0,12
950,625,0,0,25,25,25,25,0,0,0,-25,0,0,-25,0,150.238,25,150.238,0,0
951,625,0,300,25,37,25,13,0,0,12,-25,-12,144,-13,12,299.626,25,299.626,0,12
952,1,25,21,26,22,-24,-20,625,525,46,24,4,441,20,-4,547.9893333333333,1,22.98933333333332,25,21
953,625,0,0,25,25,25,25,0,0,0,-25,0,0,-25,0,149.764,25,149.764,0,0
954,169,0,0,13,13,13,13,0,0,0,-13,0,0,-13,0,39.06666666666667,13,39.06666666666667,0,0
955,1,25,25,26,26,-24,-24,625,625,50,24,0,625,24,0,650.0,1,25.0,25,25
956,4,0,0,2,2,2,2,0,0,0,-2,0,0,-2,0,0.5013333333333333,2,0.5013333333333333,0,0
957,1,0,25,1,26,1,-24,0,0,25,-1,-25,625,24,25,12.466666666666667,1,12.466666666666667,0,25
958,169,0,0,13,13,13,13,0,0,0,-13,0,0,-13,0,38.93266666666667,13,38.93266666666667,0,0
959,1,0,0,1,1,1,1,0,0,0,-1,0,0,-1,0,0.0,1,0.0,0,0
960,1,0,0,1,1,1,1,0,0,0,-1,0,0,-1,0,0.0,1,0.0,0,0
961,144,0,300,12,37,12,-13,0,0,25,-12,-25,625,13,25,183.91066666666666,12,183.91066666666666,0,25
962,625,625,300,50,37,0,13,625,300,37,0,13,144,-13,-13,912.8783333333333,25,612.8783333333333,25,12
963,324,450,288,43,34,-7,2,625,400,41,7,9,256,-2,-9,845.0433333333333,18,445.0433333333333,25,16
964,625,0,300,25,37,25,13,0,0,12,-25,-12,144,-13,12,299.9046666666667,25,299.9046666666667,0,12
965,144,0,300,12,37,12,-13,0,0,25,-12,-25,625,13,25,182.336,12,182.336,0,25
966,625,300,500,37,45,13,5,144,240,32,-13,-8,400,-5,8,789.304,25,549.304,12,20
967,529,575,276,48,35,-2,11,625,300,37,2,13,144,-11,-13,852.1316666666667,23,552.1316666666667,25,12
968,169,0,325,13,38,13,-12,0,0,25,-13,-25,625,12,25,199.894,13,199.894,0,25
969,1,25,21,26,22,-24,-20,625,525,46,24,4,441,20,-4,547.92,1,22.91999999999996,25,21
970,625,0,275,25,36,25,14,0,0,11,-25,-11,121,-14,11,287.286,25,287.286,0,11
971,144,300,300,37,37,-13,-13,625,625,50,13,0,625,13,0,957.9703333333333,12,332.9703333333333,25,25
972,625,0,625,25,50,25,0,0,0,25,-25,-25,625,0,25,463.967,25,463.967,0,25
973,625,0,300,25,37,25,13,0,0,12,-25,-12,144,-13,12,300.35066666666665,25,300.35066666666665,0,12
974,169,325,325,38,38,-12,-12,625,625,50,12,0,625,12,0,989.0346666666667,13,364.0346666666667,25,25
975,625,0,0,25,25,25,25,0,0,0,-25,0,0,-25,0,149.89266666666666,25,149.89266666666666,0,0
976,144,300,300,37,37,-13,-13,625,625,50,13,0,625,13,0,958.1156666666667,12,333.1156666666667,25,25
977,625,0,625,25,50,25,0,0,0,25,-25,-25,625,0,25,462.4676666666667,25,462.4676666666667,0,25
978,625,0,300,25,37,25,13,0,0,12,-25,-12,144,-13,12,299.1653333333333,25,299.1653333333333,0,12
979,169,325,325,38,38,-12,-12,625,625,50,12,0,625,12,0,988.9606666666666,13,363.9606666666666,25,25
980,1,25,25,26,26,-24,-24,625,625,50,24,0,625,24,0,650.0,1,25.0,25,25
981,4,50,50,27,27,-23,-23,625,625,50,23,0,625,23,0,675.506,2,50.50599999999997,25,25
982,1,12,0,13,1,-11,1,144,0,12,11,12,0,-1,-12,6.172,1,6.172,12,0
983,49,175,84,32,19,-18,-5,625,300,37,18,13,144,5,-13,439.88,7,139.88,25,12
984,625,0,0,25,25,25,25,0,0,0,-25,0,0,-25,0,150.05933333333334,25,150.05933333333334,0,0
985,169,0,0,13,13,13,13,0,0,0,-13,0,0,-13,0,39.058,13,39.058,0,0
986,1,25,0,26,1,-24,1,625,0,25,24,25,0,-1,-25,12.05,1,12.05,25,0
987,4,50,0,27,2,-23,2,625,0,25,23,25,0,-2,-25,25.315333333333335,2,25.315333333333335,25,0
988,289,425,289,42,34,-8,0,625,425,42,8,8,289,0,-8,849.6746666666667,17,424.67466666666667,25,17
989,169,325,325,38,38,-12,-12,625,625,50,12,0,625,12,0,989.1406666666667,13,364.1406666666667,25,25
990,625,625,300,50,37,0,13,625,300,37,0,13,144,-13,-13,912.1966666666667,25,612.1966666666667,25,12
991,1,12,0,13,1,-11,1,144,0,12,11,12,0,-1,-12,5.828,1,5.828,12,0
992,625,625,0,50,25,0,25,625,0,25,0,25,0,-25,-25,464.72266666666667,25,464.72266666666667,25,0
993,144,0,300,12,37,12,-13,0,0,25,-12,-25,625,13,25,184.166,12,184.166,0,25
994,625,0,625,25,50,25,0,0,0,25,-25,-25,625,0,25,461.28766666666667,25,461.28766666666667,0,25
995,169,0,325,13,38,13,-12,0,0,25,-13,-25,625,12,25,200.617,13,200.617,0,25
996,1,0,25,1,26,1,-24,0,0,25,-1,-25,625,24,25,12.391666666666667,1,12.391666666666667,0,25
997,144,0,300,12,37,12,-13,0,0,25,-12,-25,625,13,25,183.40533333333335,12,183.40533333333335,0,25
998,625,0,300,25,37,25,13,0,0,12,-25,-12,144,-13,12,299.99733333333336,25,299.99733333333336,0,12
999,625,0,0,25,25,25,25,0,0,0,-25,0,0,-25,0,150.238,25,150.238,0,0
1000,625,0,300,25,37,25,13,0,0,12,-25,-12,144,-13,12,299.626,25,299.626,0,12
1001,1,25,21,26,22,-24,-20,625,525,46,24,4,441,20,-4,547.9893333333333,1,22.98933333333332,25,21
1002,625,0,0,25,25,25,25,0,0,0,-25,0,0,-25,0,149.764,25,149.764,0,0
1003,169,0,0,13,13,13,13,0,0,0,-13,0,0,-13,0,39.06666666666667,13,39.06666666666667,0,0
1004,1,25,25,26,26,-24,-24,625,625,50,24,0,625,24,0,650.0,1,25.0,25,25
1005,4,0,0,2,2,2,2,0,0,0,-2,0,0,-2,0,0.5013333333333333,2,0.5013333333333333,0,0
1006,1,0,25,1,26,1,-24,0,0,25,-1,-25,625,24,25,12.466666666666667,1,12.466666666666667,0,25
1007,169,0,0,13,13,13,13,0,0,0,-13,0,0,-13,0,38.93266666666667,13,38.93266666666667,0,0
1008,1,0,0,1,1,1,1,0,0,0,-1,0,0,-1,0,0.0,1,0.0,0,0
1009,1,0,0,1,1,1,1,0,0,0,-1,0,0,-1,0,0.0,1,0.0,0,0
1010,144,0,300,12,37,12,-13,0,0,25,-12,-25,625,13,25,183.91066666666666,12,183.91066666666666,0,25
1011,625,625,300,50,37,0,13,625,300,37,0,13,144,-13,-13,912.8783333333333,25,612.8783333333333,25,12
1012,324,450,288,43,34,-7,2,625,400,41,7,9,256,-2,-9,845.0433333333333,18,445.0433333333333,25,16
1013,625,0,300,25,37,25,13,0,0,12,-25,-12,144,-13,12,299.9046666666667,25,299.9046666666667,0,12
1014,144,0,300,12,37,12,-13,0,0,25,-12,-25,625,13,25,182.336,12,182.336,0,25
1015,625,300,500,37,45,13,5,144,240,32,-13,-8,400,-5,8,789.304,25,549.304,12,20
1016,529,575,276,48,35,-2,11,625,300,37,2,13,144,-11,-13,852.1316666666667,23,552.1316666666667,25,12
1017,169,0,325,13,38,13,-12,0,0,25,-13,-25,625,12,25,199.894,13,199.894,0,25
1018,1,25,21,26,22,-24,-20,625,525,46,24,4,441,20,-4,547.92,1,22.91999999999996,25,21
1019,625,0,275,25,36,25,14,0,0,11,-25,-11,121,-14,11,287.286,25,287.286,0,11
1020,144,300,300,37,37,-13,-13,625,625,50,13,0,625,13,0,957.9703333333333,12,332.9703333333333,25,25
1021,625,0,625,25,50,25,0,0,0,25,-25,-25,625,0,25,463.967,25,463.967,0,25
1022,625,0,300,25,37,25,13,0,0,12,-25,-12,144,-13,12,300.35066666666665,25,300.35066666666665,0,12
1023,169,325,325,38,38,-12,-12,625,625,50,12,0,625,12,0,989.0346666666667,13,364.0346666666667,25,25
1024,625,0,0,25,25,25,25,0,0,0,-25,0,0,-25,0,149.89266666666666,25,149.89266666666666,0,0
1025,144,300,300,37,37,-13,-13,625,625,50,13,0,625,13,0,958.1156666666667,12,333.1156666666667,25,25
1026,625,0,625,25,50,25,0,0,0,25,-25,-25,625,0,25,462.4676666666667,25,462.4676666666667,0,25
1027,625,0,300,25,37,25,13,0,0,12,-25,-12,144,-13,12,299.1653333333333,25,299.1653333333333,0,12
1028,169,325,325,38,38,-12,-12,625,625,50,12,0,625,12,0,988.9606666666666,13,363.9606666666666,25,25
1029,1,25,25,26,26,-24,-24,625,625,50,24,0,625,24,0,650.0,1,25.0,25,25
1030,4,50,50,27,27,-23,-23,625,625,50,23,0,625,23,0,675.506,2,50.50599999999997,25,25
1031,1,12,0,13,1,-11,1,144,0,12,11,12,0,-1,-12,6.172,1,6.172,12,0
1032,49,175,84,32,19,-18,-5,625,300,37,18,13,144,5,-13,439.88,7,139.88,25,12
1033,625,0,0,25,25,25,25,0,0,0,-25,0,0,-25,0,150.05933333333334,25,150.05933333333334,0,0
1034,169,0,0,13,13,13,13,0,0,0,-13,0,0,-13,0,39.058,13,39.058,0,0
1035,1,25,0,26,1,-24,1,625,0,25,24,25,0,-1,-25,12.05,1,12.05,25,0
1036,4,50,0,27,2,-23,2,625,0,25,23,25,0,-2,-25,25.315333333333335,2,25.315333333333335,25,0
1037,289,425,289,42,34,-8,0,625,425,42,8,8,289,0,-8,849.6746666666667,17,424.67466666666667,25,17
1038,169,325,325,38,38,-12,-12,625,625,50,12,0,625,12,0,989.1406666666667,13,364.1406666666667,25,25
1039,625,625,300,50,37,0,13,625,300,37,0,13,144,-13,-13,912.1966666666667,25,612.1966666666667,25,12
1040,1,12,0,13,1,-11,1,144,0,12,11,12,0,-1,-12,5.828,1,5.828,12,0
1041,625,625,0,50,25,0,25,625,0,25,0,25,0,-25,-25,464.72266666666667,25,464.72266666666667,25,0
1042,144,0,300,12,37,12,-13,0,0,25,-12,-25,625,13,25,184.166,12,184.166,0,25
1043,625,0,625,25,50,25,0,0,0,25,-25,-25,625,0,25,461.28766666666667,25,461.28766666666667,0,25
1044,169,0,325,13,38,13,-12,0,0,25,-13,-25,625,12,25,200.617,13,200.617,0,25
1045,1,0,25,1,26,1,-24,0,0,25,-1,-25,625,24,25,12.391666666666667,1,12.391666666666667,0,25
1046,144,0,300,12,37,12,-13,0,0,25,-12,-25,625,13,25,183.40533333333335,12,183.40533333333335,0,25
1047,625,0,300,25,37,25,13,0,0,12,-25,-12,144,-13,12,299.99733333333336,25,299.99733333333336,0,12
1048,625,0,0,25,25,25,25,0,0,0,-25,0,0,-25,0,150.238,25,150.238,0,0
1049,625,0,300,25,37,25,13,0,0,12,-25,-12,144,-13,12,299.626,25,299.626,0,12
1050,1,25,21,26,22,-24,-20,625,525,46,24,4,441,20,-4,547.9893333333333,1,22.98933333333332,25,21
1051,625,0,0,25,25,25,25,0,0,0,-25,0,0,-25,0,149.764,25,149.764,0,0
1052,169,0,0,13,13,13,13,0,0,0,-13,0,0,-13,0,39.06666666666667,13,39.06666666666667,0,0
1053,1,25,25,26,26,-24,-24,625,625,50,24,0,625,24,0,650.0,1,25.0,25,25
1054,4,0,0,2,2,2,2,0,0,0,-2,0,0,-2,0,0.5013333333333333,2,0.5013333333333333,0,0
1055,1,0,25,1,26,1,-24,0,0,25,-1,-25,625,24,25,12.466666666666667,1,12.466666666666667,0,25
1056,169,0,0,13,13,13,13,0,0,0,-13,0,0,-13,0,38.93266666666667,13,38.93266666666667,0,0
1057,1,0,0,1,1,1,1,0,0,0,-1,0,0,-1,0,0.0,1,0.0,0,0
1058,1,0,0,1,1,1,1,0,0,0,-1,0,0,-1,0,0.0,1,0.0,0,0
1059,144,0,300,12,37,12,-13,0,0,25,-12,-25,625,13,25,183.91066666666666,12,183.91066666666666,0,25
1060,625,625,300,50,37,0,13,625,300,37,0,13,144,-13,-13,912.8783333333333,25,612.8783333333333,25,12
1061,324,450,288,43,34,-7,2,625,400,41,7,9,256,-2,-9,845.0433333333333,18,445.0433333333333,25,16
1062,625,0,300,25,37,25,13,0,0,12,-25,-12,144,-13,12,299.9046666666667,25,299.9046666666667,0,12
1063,144,0,300,12,37,12,-13,0,0,25,-12,-25,625,13,25,182.336,12,182.336,0,25
1064,625,300,500,37,45,13,5,144,240,32,-13,-8,400,-5,8,789.304,25,549.304,12,20
1065,529,575,276,48,35,-2,11,625,300,37,2,13,144,-11,-13,852.1316666666667,23,552.1316666666667,25,12
1066,169,0,325,13,38,13,-12,0,0,25,-13,-25,625,12,25,199.894,13,199.894,0,25
1067,1,25,21,26,22,-24,-20,625,525,46,24,4,441,20,-4,547.92,1,22.91999999999996,25,21
1068,625,0,275,25,36,25,14,0,0,11,-25,-11,121,-14,11,287.286,25,287.286,0,11
1069,144,300,300,37,37,-13,-13,625,625,50,13,0,625,13,0,957.9703333333333,12,332.9703333333333,25,25
1070,625,0,625,25,50,25,0,0,0,25,-25,-25,625,0,25,463.967,25,463.967,0,25
1071,625,0,300,25,37,25,13,0,0,12,-25,-12,144,-13,12,300.35066666666665,25,300.35066666666665,0,12
1072,169,325,325,38,38,-12,-12,625,625,50,12,0,625,12,0,989.0346666666667,13,364.0346666666667,25,25
1073,625,0,0,25,25,25,25,0,0,0,-25,0,0,-25,0,149.89266666666666,25,149.89266666666666,0,0
1074,144,300,300,37,37,-13,-13,625,625,50,13,0,625,13,0,958.1156666666667,12,333.1156666666667,25,25
1075,625,0,625,25,50,25,0,0,0,25,-25,-25,625,0,25,462.4676666666667,25,462.4676666666667,0,25
1076,625,0,300,25,37,25,13,0,0,12,-25,-12,144,-13,12,299.1653333333333,25,299.1653333333333,0,12
1077,169,325,325,38,38,-12,-12,625,625,50,12,0,625,12,0,988.9606666666666,13,363.9606666666666,25,25
1078,1,25,25,26,26,-24,-24,625,625,50,24,0,625,24,0,650.0,1,25.0,25,25
1079,4,50,50,27,27,-23,-23,625,625,50,23,0,625,23,0,675.506,2,50.50599999999997,25,25
1080,1,12,0,13,1,-11,1,144,0,12,11,12,0,-1,-12,6.172,1,6.172,12,0
1081,49,175,84,32,19,-18,-5,625,300,37,18,13,144,5,-13,439.88,7,139.88,25,12
1082,625,0,0,25,25,25,25,0,0,0,-25,0,0,-25,0,150.05933333333334,25,150.05933333333334,0,0
1083,169,0,0,13,13,13,13,0,0,0,-13,0,0,-13,0,39.058,13,39.058,0,0
1084,1,25,0,26,1,-24,1,625,0,25,24,25,0,-1,-25,12.05,1,12.05,25,0
1085,4,50,0,27,2,-23,2,625,0,25,23,25,0,-2,-25,25.315333333333335,2,25.315333333333335,25,0
1086,289,425,289,42,34,-8,0,625,425,42,8,8,289,0,-8,849.6746666666667,17,424.67466666666667,25,17
1087,169,325,325,38,38,-12,-12,625,625,50,12,0,625,12,0,989.1406666666667,13,364.1406666666667,25,25
1088,625,625,300,50,37,0,13,625,300,37,0,13,144,-13,-13,912.1966666666667,25,612.1966666666667,25,12
1089,1,12,0,13,1,-11,1,144,0,12,11,12,0,-1,-12,5.828,1,5.828,12,0
1090,625,625,0,50,25,0,25,625,0,25,0,25,0,-25,-25,464.72266666666667,25,464.72266666666667,25,0
1091,144,0,300,12,37,12,-13,0,0,25,-12,-25,625,13,25,184.166,12,184.166,0,25
1092,625,0,625,25,50,25,0,0,0,25,-25,-25,625,0,25,461.28766666666667,25,461.28766666666667,0,25
1093,169,0,325,13,38,13,-12,0,0,25,-13,-25,625,12,25,200.617,13,200.617,0,25
1094,1,0,25,1,26,1,-24,0,0,25,-1,-25,625,24,25,12.391666666666667,1,12.391666666666667,0,25
1095,144,0,300,12,37,12,-13,0,0,25,-12,-25,625,13,25,183.40533333333335,12,183.40533333333335,0,25
1096,625,0,300,25,37,25,13,0,0,12,-25,-12,144,-13,12,299.99733333333336,25,299.99733333333336,0,12
1097,625,0,0,25,25,25,25,0,0,0,-25,0,0,-25,0,150.238,25,150.238,0,0
1098,625,0,300,25,37,25,13,0,0,12,-25,-12,144,-13,12,299.626,25,299.626,0,12
1099,1,25,21,26,22,-24,-20,625,525,46,24,4,441,20,-4,547.9893333333333,1,22.98933333333332,25,21
1100,625,0,0,25,25,25,25,0,0,0,-25,0,0,-25,0,149.764,25,149.764,0,0
1101,169,0,0,13,13,13,13,0,0,0,-13,0,0,-13,0,39.06666666666667,13,39.06666666666667,0,0
1102,1,25,25,26,26,-24,-24,625,625,50,24,0,625,24,0,650.0,1,25.0,25,25
1103,4,0,0,2,2,2,2,0,0,0,-2,0,0,-2,0,0.5013333333333333,2,0.5013333333333333,0,0
1104,1,0,25,1,26,1,-24,0,0,25,-1,-25,625,24,25,12.466666666666667,1,12.466666666666667,0,25
1105,169,0,0,13,13,13,13,0,0,0,-13,0,0,-13,0,38.93266666666667,13,38.93266666666667,0,0
1106,1,0,0,1,1,1,1,0,0,0,-1,0,0,-1,0,0.0,1,0.0,0,0
1107,1,0,0,1,1,1,1,0,0,0,-1,0,0,-1,0,0.0,1,0.0,0,0
1108,144,0,300,12,37,12,-13,0,0,25,-12,-25,625,13,25,183.91066666666666,12,183.91066666666666,0,25
1109,625,625,300,50,37,0,13,625,300,37,0,13,144,-13,-13,912.8783333333333,25,612.8783333333333,25,12
1110,324,450,288,43,34,-7,2,625,400,41,7,9,256,-2,-9,845.0433333333333,18,445.0433333333333,25,16
1111,625,0,300,25,37,25,13,0,0,12,-25,-12,144,-13,12,299.9046666666667,25,299.9046666666667,0,12
1112,144,0,300,12,37,12,-13,0,0,25,-12,-25,625,13,25,182.336,12,182.336,0,25
1113,625,300,500,37,45,13,5,144,240,32,-13,-8,400,-5,8,789.304,25,549.304,12,20
1114,529,575,276,48,35,-2,11,625,300,37,2,13,144,-11,-13,852.1316666666667,23,552.1316666666667,25,12
1115,169,0,325,13,38,13,-12,0,0,25,-13,-25,625,12,25,199.894,13,199.894,0,25
1116,1,25,21,26,22,-24,-20,625,525,46,24,4,441,20,-4,547.92,1,22.91999999999996,25,21
1117,625,0,275,25,36,25,14,0,0,11,-25,-11,121,-14,11,287.286,25,287.286,0,11
1118,144,300,300,37,37,-13,-13,625,625,50,13,0,625,13,0,957.9703333333333,12,332.9703333333333,25,25
1119,625,0,625,25,50,25,0,0,0,25,-25,-25,625,0,25,463.967,25,463.967,0,25
1120,625,0,300,25,37,25,13,0,0,12,-25,-12,144,-13,12,300.35066666666665,25,300.35066666666665,0,12
1121,169,325,325,38,38,-12,-12,625,625,50,12,0,625,12,0,989.0346666666667,13,364.0346666666667,25,25
1122,625,0,0,25,25,25,25,0,0,0,-25,0,0,-25,0,149.89266666666666,25,149.89266666666666,0,0
1123,144,300,300,37,37,-13,-13,625,625,50,13,0,625,13,0,958.1156666666667,12,333.1156666666667,25,25
1124,625,0,625,25,50,25,0,0,0,25,-25,-25,625,0,25,462.4676666666667,25,462.4676666666667,0,25
1125,625,0,300,25,37,25,13,0,0,12,-25,-12,144,-13,12,299.1653333333333,25,299.1653333333333,0,12
1126,169,325,325,38,38,-12,-12,625,625,50,12,0,625,12,0,988.9606666666666,13,363.9606666666666,25,25
1127,1,25,25,26,26,-24,-24,625,625,50,24,0,625,24,0,650.0,1,25.0,25,25
1128,4,50,50,27,27,-23,-23,625,625,50,23,0,625,23,0,675.506,2,50.50599999999997,25,25
1129,1,12,0,13,1,-11,1,144,0,12,11,12,0,-1,-12,6.172,1,6.172,12,0
1130,49,175,84,32,19,-18,-5,625,300,37,18,13,144,5,-13,439.88,7,139.88,25,12
1131,625,0,0,25,25,25,25,0,0,0,-25,0,0,-25,0,150.05933333333334,25,150.05933333333334,0,0
1132,169,0,0,13,13,13,13,0,0,0,-13,0,0,-13,0,39.058,13,39.058,0,0
1133,1,25,0,26,1,-24,1,625,0,25,24,25,0,-1,-25,12.05,1,12.05,25,0
1134,4,50,0,27,2,-23,2,625,0,25,23,25,0,-2,-25,25.315333333333335,2,25.315333333333335,25,0
1135,289,425,289,42,34,-8,0,625,425,42,8,8,289,0,-8,849.6746666666667,17,424.67466666666667,25,17
1136,169,325,325,38,38,-12,-12,625,625,50,12,0,625,12,0,989.1406666666667,13,364.1406666666667,25,25
1137,625,625,300,50,37,0,13,625,300,37,0,13,144,-13,-13,912.1966666666667,25,612.1966666666667,25,12
1138,1,12,0,13,1,-11,1,144,0,12,11,12,0,-1,-12,5.828,1,5.828,12,0
1139,625,625,0,50,25,0,25,625,0,25,0,25,0,-25,-25,464.72266666666667,25,464.72266666666667,25,0
1140,144,0,300,12,37,12,-13,0,0,25,-12,-25,625,13,25,184.166,12,184.166,0,25
1141,625,0,625,25,50,25,0,0,0,25,-25,-25,625,0,25,461.28766666666667,25,461.28766666666667,0,25
1142,169,0,325,13,38,13,-12,0,0,25,-13,-25,625,12,25,200.617,13,200.617,0,25
1143,1,0,25,1,26,1,-24,0,0,25,-1,-25,625,24,25,12.391666666666667,1,12.391666666666667,0,25
1144,144,0,300,12,37,12,-13,0,0,25,-12,-25,625,13,25,183.40533333333335,12,183.40533333333335,0,25
1145,625,0,300,25,37,25,13,0,0,12,-25,-12,144,-13,12,299.99733333333336,25,299.99733333333336,0,12
1146,625,0,0,25,25,25,25,0,0,0,-25,0,0,-25,0,150.238,25,150.238,0,0
1147,625,0,300,25,37,25,13,0,0,12,-25,-12,144,-13,12,299.626,25,299.626,0,12
1148,1,25,21,26,22,-24,-20,625,525,46,24,4,441,20,-4,547.9893333333333,1,22.98933333333332,25,21
1149,625,0,0,25,25,25,25,0,0,0,-25,0,0,-25,0,149.764,25,149.764,0,0
1150,169,0,0,13,13,13,13,0,0,0,-13,0,0,-13,0,39.06666666666667,13,39.06666666666667,0,0
1151,1,25,25,26,26,-24,-24,625,625,50,24,0,625,24,0,650.0,1,25.0,25,25
1152,4,0,0,2,2,2,2,0,0,0,-2,0,0,-2,0,0.5013333333333333,2,0.5013333333333333,0,0
1153,1,0,25,1,26,1,-24,0,0,25,-1,-25,625,24,25,12.466666666666667,1,12.466666666666667,0,25
1154,169,0,0,13,13,13,13,0,0,0,-13,0,0,-13,0,38.93266666666667,13,38.93266666666667,0,0
1155,1,0,0,1,1,1,1,0,0,0,-1,0,0,-1,0,0.0,1,0.0,0,0
1156,1,0,0,1,1,1,1,0,0,0,-1,0,0,-1,0,0.0,1,0.0,0,0
1157,144,0,300,12,37,12,-13,0,0,25,-12,-25,625,13,25,183.91066666666666,12,183.91066666666666,0,25
1158,625,625,300,50,37,0,13,625,300,37,0,13,144,-13,-13,912.8783333333333,25,612.8783333333333,25,12
1159,324,450,288,43,34,-7,2,625,400,41,7,9,256,-2,-9,845.0433333333333,18,445.0433333333333,25,16
1160,625,0,300,25,37,25,13,0,0,12,-25,-12,144,-13,12,299.9046666666667,25,299.9046666666667,0,12
1161,144,0,300,12,37,12,-13,0,0,25,-12,-25,625,13,25,182.336,12,182.336,0,25
1162,625,300,500,37,45,13,5,144,240,32,-13,-8,400,-5,8,789.304,25,549.304,12,20
1163,529,575,276,48,35,-2,11,625,300,37,2,13,144,-11,-13,852.1316666666667,23,552.1316666666667,25,12
1164,169,0,325,13,38,13,-12,0,0,25,-13,-25,625,12,25,199.894,13,199.894,0,25
1165,1,25,21,26,22,-24,-20,625,525,46,24,4,441,20,-4,547.92,1,22.91999999999996,25,21
1166,625,0,275,25,36,25,14,0,0,11,-25,-11,121,-14,11,287.286,25,287.286,0,11
1167,144,300,300,37,37,-13,-13,625,625,50,13,0,625,13,0,957.9703333333333,12,332.9703333333333,25,25
1168,625,0,625,25,50,25,0,0,0,25,-25,-25,625,0,25,463.967,25,463.967,0,25
1169,625,0,300,25,37,25,13,0,0,12,-25,-12,144,-13,12,300.35066666666665,25,300.35066666666665,0,12
1170,169,325,325,38,38,-12,-12,625,625,50,12,0,625,12,0,989.0346666666667,13,364.0346666666667,25,25
1171,625,0,0,25,25,25,25,0,0,0,-25,0,0,-25,0,149.89266666666666,25,149.89266666666666,0,0
1172,144,300,300,37,37,-13,-13,625,625,50,13,0,625,13,0,958.1156666666667,12,333.1156666666667,25,25
1173,625,0,625,25,50,25,0,0,0,25,-25,-25,625,0,25,462.4676666666667,25,462.4676666666667,0,25
1174,625,0,300,25,37,25,13,0,0,12,-25,-12,144,-13,12,299.1653333333333,25,299.1653333333333,0,12
1175,169,325,325,38,38,-12,-12,625,625,50,12,0,625,12,0,988.9606666666666,13,363.9606666666666,25,25
1176,1,25,25,26,26,-24,-24,625,625,50,24,0,625,24,0,650.0,1,25.0,25,25
1177,4,50,50,27,27,-23,-23,625,625,50,23,0,625,23,0,675.506,2,50.50599999999997,25,25
1178,1,12,0,13,1,-11,1,144,0,12,11,12,0,-1,-12,6.172,1,6.172,12,0
1179,49,175,84,32,19,-18,-5,625,300,37,18,13,144,5,-13,439.88,7,139.88,25,12
1180,625,0,0,25,25,25,25,0,0,0,-25,0,0,-25,0,150.05933333333334,25,150.05933333333334,0,0
1181,169,0,0,13,13,13,13,0,0,0,-13,0,0,-13,0,39.058,13,39.058,0,0
1182,1,25,0,26,1,-24,1,625,0,25,24,25,0,-1,-25,12.05,1,12.05,25,0
1183,4,50,0,27,2,-23,2,625,0,25,23,25,0,-2,-25,25.315333333333335,2,25.315333333333335,25,0
1184,289,425,289,42,34,-8,0,625,425,42,8,8,289,0,-8,849.6746666666667,17,424.67466666666667,25,17
1185,169,325,325,38,38,-12,-12,625,625,50,12,0,625,12,0,989.1406666666667,13,364.1406666666667,25,25
1186,625,625,300,50,37,0,13,625,300,37,0,13,144,-13,-13,912.1966666666667,25,612.1966666666667,25,12
1187,1,12,0,13,1,-11,1,144,0,12,11,12,0,-1,-12,5.828,1,5.828,12,0
1188,625,625,0,50,25,0,25,625,0,25,0,25,0,-25,-25,464.72266666666667,25,464.72266666666667,25,0
1189,144,0,300,12,37,12,-13,0,0,25,-12,-25,625,13,25,184.166,12,184.166,0,25
1190,625,0,625,25,50,25,0,0,0,25,-25,-25,625,0,25,461.28766666666667,25,461.28766666666667,0,25
1191,169,0,325,13,38,13,-12,0,0,25,-13,-25,625,12,25,200.617,13,200.617,0,25
1192,1,0,25,1,26,1,-24,0,0,25,-1,-25,625,24,25,12.391666666666667,1,12.391666666666667,0,25
1193,144,0,300,12,37,12,-13,0,0,25,-12,-25,625,13,25,183.40533333333335,12,183.40533333333335,0,25
1194,625,0,300,25,37,25,13,0,0,12,-25,-12,144,-13,12,299.99733333333336,25,299.99733333333336,0,12
1195,625,0,0,25,25,25,25,0,0,0,-25,0,0,-25,0,150.238,25,150.238,0,0
1196,625,0,300,25,37,25,13,0,0,12,-25,-12,144,-13,12,299.626,25,299.626,0,12
1197,1,25,21,26,22,-24,-20,625,525,46,24,4,441,20,-4,547.9893333333333,1,22.98933333333332,25,21
1198,625,0,0,25,25,25,25,0,0,0,-25,0,0,-25,0,149.764,25,149.764,0,0
1199,169,0,0,13,13,13,13,0,0,0,-13,0,0,-13,0,39.06666666666667,13,39.06666666666667,0,0
1200,1,25,25,26,26,-24,-24,625,625,50,24,0,625,24,0,650.0,1,25.0,25,25
1201,4,0,0,2,2,2,2,0,0,0,-2,0,0,-2,0,0.5013333333333333,2,0.5013333333333333,0,0
1202,1,0,25,1,26,1,-24,0,0,25,-1,-25,625,24,25,12.466666666666667,1,12.466666666666667,0,25
1203,169,0,0,13,13,13,13,0,0,0,-13,0,0,-13,0,38.93266666666667,13,38.93266666666667,0,0
1204,1,0,0,1,1,1,1,0,0,0,-1,0,0,-1,0,0.0,1,0.0,0,0
1205,1,0,0,1,1,1,1,0,0,0,-1,0,0,-1,0,0.0,1,0.0,0,0
1206,144,0,300,12,37,12,-13,0,0,25,-12,-25,625,13,25,183.91066666666666,12,183.91066666666666,0,25
1207,625,625,300,50,37,0,13,625,300,37,0,13,144,-13,-13,912.8783333333333,25,612.8783333333333,25,12
1208,324,450,288,43,34,-7,2,625,400,41,7,9,256,-2,-9,845.0433333333333,18,445.0433333333333,25,16
1209,625,0,300,25,37,25,13,0,0,12,-25,-12,144,-13,12,299.9046666666667,25,299.9046666666667,0,12
1210,144,0,300,12,37,12,-13,0,0,25,-12,-25,625,13,25,182.336,12,182.336,0,25
1211,625,300,500,37,45,13,5,144,240,32,-13,-8,400,-5,8,789.304,25,549.304,12,20
1212,529,575,276,48,35,-2,11,625,300,37,2,13,144,-11,-13,852.1316666666667,23,552.1316666666667,25,12
1213,169,0,325,13,38,13,-12,0,0,25,-13,-25,625,12,25,199.894,13,199.894,0,25
1214,1,25,21,26,22,-24,-20,625,525,46,24,4,441,20,-4,547.92,1,22.91999999999996,25,21
1215,625,0,275,25,36,25,14,0,0,11,-25,-11,121,-14,11,287.286,25,287.286,0,11
1216,144,300,300,37,37,-13,-13,625,625,50,13,0,625,13,0,957.9703333333333,12,332.9703333333333,25,25
1217,625,0,625,25,50,25,0,0,0,25,-25,-25,625,0,25,463.967,25,463.967,0,25
1218,625,0,300,25,37,25,13,0,0,12,-25,-12,144,-13,12,300.35066666666665,25,300.35066666666665,0,12
1219,169,325,325,38,38,-12,-12,625,625,50,12,0,625,12,0,989.0346666666667,13,364.0346666666667,25,25
1220,625,0,0,25,25,25,25,0,0,0,-25,0,0,-25,0,149.89266666666666,25,149.89266666666666,0,0
1221,144,300,300,37,37,-13,-13,625,625,50,13,0,625,13,0,958.1156666666667,12,333.1156666666667,25,25
1222,625,0,625,25,50,25,0,0,0,25,-25,-25,625,0,25,462.4676666666667,25,462.4676666666667,0,25
1223,625,0,300,25,37,25,13,0,0,12,-25,-12,144,-13,12,299.1653333333333,25,299.1653333333333,0,12
1224,169,325,325,38,38,-12,-12,625,625,50,12,0,625,12,0,988.9606666666666,13,363.9606666666666,25,25
1225,1,25,25,26,26,-24,-24,625,625,50,24,0,625,24,0,650.0,1,25.0,25,25
1226,4,50,50,27,27,-23,-23,625,625,50,23,0,625,23,0,675.506,2,50.50599999999997,25,25
1227,1,12,0,13,1,-11,1,144,0,12,11,12,0,-1,-12,6.172,1,6.172,12,0
1228,49,175,84,32,19,-18,-5,625,300,37,18,13,144,5,-13,439.88,7,139.88,25,12
1229,625,0,0,25,25,25,25,0,0,0,-25,0,0,-25,0,150.05933333333334,25,150.05933333333334,0,0
1230,169,0,0,13,13,13,13,0,0,0,-13,0,0,-13,0,39.058,13,39.058,0,0
1231,1,25,0,26,1,-24,1,625,0,25,24,25,0,-1,-25,12.05,1,12.05,25,0
1232,4,50,0,27,2,-23,2,625,0,25,23,25,0,-2,-25,25.315333333333335,2,25.315333333333335,25,0
1233,289,425,289,42,34,-8,0,625,425,42,8,8,289,0,-8,849.6746666666667,17,424.67466666666667,25,17
1234,169,325,325,38,38,-12,-12,625,625,50,12,0,625,12,0,989.1406666666667,13,364.1406666666667,25,25
1235,625,625,300,50,37,0,13,625,300,37,0,13,144,-13,-13,912.1966666666667,25,612.1966666666667,25,12
1236,1,12,0,13,1,-11,1,144,0,12,11,12,0,-1,-12,5.828,1,5.828,12,0
1237,625,625,0,50,25,0,25,625,0,25,0,25,0,-25,-25,464.72266666666667,25,464.72266666666667,25,0
1238,144,0,300,12,37,12,-13,0,0,25,-12,-25,625,13,25,184.166,12,184.166,0,25
1239,625,0,625,25,50,25,0,0,0,25,-25,-25,625,0,25,461.28766666666667,25,461.28766666666667,0,25
1240,169,0,325,13,38,13,-12,0,0,25,-13,-25,625,12,25,200.617,13,200.617,0,25
1241,1,0,25,1,26,1,-24,0,0,25,-1,-25,625,24,25,12.391666666666667,1,12.391666666666667,0,25
1242,144,0,300,12,37,12,-13,0,0,25,-12,-25,625,13,25,183.40533333333335,12,183.40533333333335,0,25
1243,625,0,300,25,37,25,13,0,0,12,-25,-12,144,-13,12,299.99733333333336,25,299.99733333333336,0,12
1244,625,0,0,25,25,25,25,0,0,0,-25,0,0,-25,0,150.238,25,150.238,0,0
1245,625,0,300,25,37,25,13,0,0,12,-25,-12,144,-13,12,299.626,25,299.626,0,12
1246,1,25,21,26,22,-24,-20,625,525,46,24,4,441,20,-4,547.9893333333333,1,22.98933333333332,25,21
1247,625,0,0,25,25,25,25,0,0,0,-25,0,0,-25,0,149.764,25,149.764,0,0
1248,169,0,0,13,13,13,13,0,0,0,-13,0,0,-13,0,39.06666666666667,13,39.06666666666667,0,0
1249,1,25,25,26,26,-24,-24,625,625,50,24,0,625,24,0,650.0,1,25.0,25,25
1250,4,0,0,2,2,2,2,0,0,0,-2,0,0,-2,0,0.5013333333333333,2,0.5013333333333333,0,0
1251,1,0,25,1,26,1,-24,0,0,25,-1,-25,625,24,25,12.466666666666667,1,12.466666666666667,0,25
1252,169,0,0,13,13,13,13,0,0,0,-13,0,0,-13,0,38.93266666666667,13,38.93266666666667,0,0
1253,1,0,0,1,1,1,1,0,0,0,-1,0,0,-1,0,0.0,1,0.0,0,0
1254,1,0,0,1,1,1,1,0,0,0,-1,0,0,-1,0,0.0,1,0.0,0,0
1255,144,0,300,12,37,12,-13,0,0,25,-12,-25,625,13,25,183.91066666666666,12,183.91066666666666,0,25
1256,625,625,300,50,37,0,13,625,300,37,0,13,144,-13,-13,912.8783333333333,25,612.8783333333333,25,12
1257,324,450,288,43,34,-7,2,625,400,41,7,9,256,-2,-9,845.0433333333333,18,445.0433333333333,25,16
1258,625,0,300,25,37,25,13,0,0,12,-25,-12,144,-13,12,299.9046666666667,25,299.9046666666667,0,12
1259,144,0,300,12,37,12,-13,0,0,25,-12,-25,625,13,25,182.336,12,182.336,0,25
1260,625,300,500,37,45,13,5,144,240,32,-13,-8,400,-5,8,789.304,25,549.304,12,20
1261,529,575,276,48,35,-2,11,625,300,37,2,13,144,-11,-13,852.1316666666667,23,552.1316666666667,25,12
1262,169,0,325,13,38,13,-12,0,0,25,-13,-25,625,12,25,199.894,13,199.894,0,25
1263,1,25,21,26,22,-24,-20,625,525,46,24,4,441,20,-4,547.92,1,22.91999999999996,25,21
1264,625,0,275,25,36,25,14,0,0,11,-25,-11,121,-14,11,287.286,25,287.286,0,11
1265,144,300,300,37,37,-13,-13,625,625,50,13,0,625,13,0,957.9703333333333,12,332.9703333333333,25,25
1266,625,0,625,25,50,25,0,0,0,25,-25,-25,625,0,25,463.967,25,463.967,0,25
1267,625,0,300,25,37,25,13,0,0,12,-25,-12,144,-13,12,300.35066666666665,25,300.35066666666665,0,12
1268,169,325,325,38,38,-12,-12,625,625,50,12,0,625,12,0,989.0346666666667,13,364.0346666666667,25,25
1269,625,0,0,25,25,25,25,0,0,0,-25,0,0,-25,0,149.89266666666666,25,149.89266666666666,0,0
1270,144,300,300,37,37,-13,-13,625,625,50,13,0,625,13,0,958.1156666666667,12,333.1156666666667,25,25
1271,625,0,625,25,50,25,0,0,0,25,-25,-25,625,0,25,462.4676666666667,25,462.4676666666667,0,25
1272,625,0,300,25,37,25,13,0,0,12,-25,-12,144,-13,12,299.1653333333333,25,299.1653333333333,0,12
1273,169,325,325,38,38,-12,-12,625,625,50,12,0,625,12,0,988.9606666666666,13,363.9606666666666,25,25
1274,1,25,25,26,26,-24,-24,625,625,50,24,0,625,24,0,650.0,1,25.0,25,25
1275,4,50,50,27,27,-23,-23,625,625,50,23,0,625,23,0,675.506,2,50.50599999999997,25,25
1276,1,12,0,13,1,-11,1,144,0,12,11,12,0,-1,-12,6.172,1,6.172,12,0
1277,49,175,84,32,19,-18,-5,625,300,37,18,13,144,5,-13,439.88,7,139.88,25,12
1278,625,0,0,25,25,25,25,0,0,0,-25,0,0,-25,0,150.05933333333334,25,150.05933333333334,0,0
1279,169,0,0,13,13,13,13,0,0,0,-13,0,0,-13,0,39.058,13,39.058,0,0
1280,1,25,0,26,1,-24,1,625,0,25,24,25,0,-1,-25,12.05,1,12.05,25,0
1281,4,50,0,27,2,-23,2,625,0,25,23,25,0,-2,-25,25.315333333333335,2,25.315333333333335,25,0
1282,289,425,289,42,34,-8,0,625,425,42,8,8,289,0,-8,849.6746666666667,17,424.67466666666667,25,17
1283,169,325,325,38,38,-12,-12,625,625,50,12,0,625,12,0,989.1406666666667,13,364.1406666666667,25,25
1284,625,625,300,50,37,0,13,625,300,37,0,13,144,-13,-13,912.1966666666667,25,612.1966666666667,25,12
1285,1,12,0,13,1,-11,1,144,0,12,11,12,0,-1,-12,5.828,1,5.828,12,0
1286,625,625,0,50,25,0,25,625,0,25,0,25,0,-25,-25,464.72266666666667,25,464.72266666666667,25,0
1287,144,0,300,12,37,12,-13,0,0,25,-12,-25,625,13,25,184.166,12,184.166,0,25
1288,625,0,625,25,50,25,0,0,0,25,-25,-25,625,0,25,461.28766666666667,25,461.28766666666667,0,25
1289,169,0,325,13,38,13,-12,0,0,25,-13,-25,625,12,25,200.617,13,200.617,0,25
1290,1,0,25,1,26,1,-24,0,0,25,-1,-25,625,24,25,12.391666666666667,1,12.391666666666667,0,25
1291,144,0,300,12,37,12,-13,0,0,25,-12,-25,625,13,25,183.40533333333335,12,183.40533333333335,0,25
1292,625,0,300,25,37,25,13,0,0,12,-25,-12,144,-13,12,299.99733333333336,25,299.99733333333336,0,12
1293,625,0,0,25,25,25,25,0,0,0,-25,0,0,-25,0,150.238,25,150.238,0,0
1294,625,0,300,25,37,25,13,0,0,12,-25,-12,144,-13,12,299.626,25,299.626,0,12
1295,1,25,21,26,22,-24,-20,625,525,46,24,4,441,20,-4,547.9893333333333,1,22.98933333333332,25,21
1296,625,0,0,25,25,25,25,0,0,0,-25,0,0,-25,0,149.764,25,149.764,0,0
1297,169,0,0,13,13,13,13,0,0,0,-13,0,0,-13,0,39.06666666666667,13,39.06666666666667,0,0
1298,1,25,25,26,26,-24,-24,625,625,50,24,0,625,24,0,650.0,1,25.0,25,25
1299,4,0,0,2,2,2,2,0,0,0,-2,0,0,-2,0,0.5013333333333333,2,0.5013333333333333,0,0
1300,1,0,25,1,26,1,-24,0,0,25,-1,-25,625,24,25,12.466666666666667,1,12.466666666666667,0,25
1301,169,0,0,13,13,13,13,0,0,0,-13,0,0,-13,0,38.93266666666667,13,38.93266666666667,0,0
1302,1,0,0,1,1,1,1,0,0,0,-1,0,0,-1,0,0.0,1,0.0,0,0
1303,1,0,0,1,1,1,1,0,0,0,-1,0,0,-1,0,0.0,1,0.0,0,0
1304,144,0,300,12,37,12,-13,0,0,25,-12,-25,625,13,25,183.91066666666666,12,183.91066666666666,0,25
1305,625,625,300,50,37,0,13,625,300,37,0,13,144,-13,-13,912.8783333333333,25,612.8783333333333,25,12
1306,324,450,288,43,34,-7,2,625,400,41,7,9,256,-2,-9,845.0433333333333,18,445.0433333333333,25,16
1307,625,0,300,25,37,25,13,0,0,12,-25,-12,144,-13,12,299.9046666666667,25,299.9046666666667,0,12
1308,144,0,300,12,37,12,-13,0,0,25,-12,-25,625,13,25,182.336,12,182.336,0,25
1309,625,300,500,37,45,13,5,144,240,32,-13,-8,400,-5,8,789.304,25,549.304,12,20
1310,529,575,276,48,35,-2,11,625,300,37,2,13,144,-11,-13,852.1316666666667,23,552.1316666666667,25,12
1311,169,0,325,13,38,13,-12,0,0,25,-13,-25,625,12,25,199.894,13,199.894,0,25
1312,1,25,21,26,22,-24,-20,625,525,46,24,4,441,20,-4,547.92,1,22.91999999999996,25,21
1313,625,0,275,25,36,25,14,0,0,11,-25,-11,121,-14,11,287.286,25,287.286,0,11
1314,144,300,300,37,37,-13,-13,625,625,50,13,0,625,13,0,957.9703333333333,12,332.9703333333333,25,25
1315,625,0,625,25,50,25,0,0,0,25,-25,-25,625,0,25,463.967,25,463.967,0,25
1316,625,0,300,25,37,25,13,0,0,12,-25,-12,144,-13,12,300.35066666666665,25,300.35066666666665,0,12
1317,169,325,325,38,38,-12,-12,625,625,50,12,0,625,12,0,989.0346666666667,13,364.0346666666667,25,25
1318,625,0,0,25,25,25,25,0,0,0,-25,0,0,-25,0,149.89266666666666,25,149.89266666666666,0,0
1319,144,300,300,37,37,-13,-13,625,625,50,13,0,625,13,0,958.1156666666667,12,333.1156666666667,25,25
1320,625,0,625,25,50,25,0,0,0,25,-25,-25,625,0,25,462.4676666666667,25,462.4676666666667,0,25
1321,625,0,300,25,37,25,13,0,0,12,-25,-12,144,-13,12,299.1653333333333,25,299.1653333333333,0,12
1322,169,325,325,38,38,-12,-12,625,625,50,12,0,625,12,0,988.9606666666666,13,363.9606666666666,25,25
1323,1,25,25,26,26,-24,-24,625,625,50,24,0,625,24,0,650.0,1,25.0,25,25
1324,4,50,50,27,27,-23,-23,625,625,50,23,0,625,23,0,675.506,2,50.50599999999997,25,25
1325,1,12,0,13,1,-11,1,144,0,12,11,12,0,-1,-12,6.172,1,6.172,12,0
1326,49,175,84,32,19,-18,-5,625,300,37,18,13,144,5,-13,439.88,7,139.88,25,12
1327,625,0,0,25,25,25,25,0,0,0,-25,0,0,-25,0,150.05933333333334,25,150.05933333333334,0,0
1328,169,0,0,13,13,13,13,0,0,0,-13,0,0,-13,0,39.058,13,39.058,0,0
1329,1,25,0,26,1,-24,1,625,0,25,24,25,0,-1,-25,12.05,1,12.05,25,0
1330,4,50,0,27,2,-23,2,625,0,25,23,25,0,-2,-25,25.315333333333335,2,25.315333333333335,25,0
1331,289,425,289,42,34,-8,0,625,425,42,8,8,289,0,-8,849.6746666666667,17,424.67466666666667,25,17
1332,169,325,325,38,38,-12,-12,625,625,50,12,0,625,12,0,989.1406666666667,13,364.1406666666667,25,25
1333,625,625,300,50,37,0,13,625,300,37,0,13,144,-13,-13,912.1966666666667,25,612.1966666666667,25,12
1334,1,12,0,13,1,-11,1,144,0,12,11,12,0,-1,-12,5.828,1,5.828,12,0
1335,625,625,0,50,25,0,25,625,0,25,0,25,0,-25,-25,464.72266666666667,25,464.72266666666667,25,0
1336,144,0,300,12,37,12,-13,0,0,25,-12,-25,625,13,25,184.166,12,184.166,0,25
1337,625,0,625,25,50,25,0,0,0,25,-25,-25,625,0,25,461.28766666666667,25,461.28766666666667,0,25
1338,169,0,325,13,38,13,-12,0,0,25,-13,-25,625,12,25,200.617,13,200.617,0,25
1339,1,0,25,1,26,1,-24,0,0,25,-1,-25,625,24,25,12.391666666666667,1,12.391666666666667,0,25
1340,144,0,300,12,37,12,-13,0,0,25,-12,-25,625,13,25,183.40533333333335,12,183.40533333333335,0,25
1341,625,0,300,25,37,25,13,0,0,12,-25,-12,144,-13,12,299.99733333333336,25,299.99733333333336,0,12
1342,625,0,0,25,25,25,25,0,0,0,-25,0,0,-25,0,150.238,25,150.238,0,0
1343,625,0,300,25,37,25,13,0,0,12,-25,-12,144,-13,12,299.626,25,299.626,0,12
1344,1,25,21,26,22,-24,-20,625,525,46,24,4,441,20,-4,547.9893333333333,1,22.98933333333332,25,21
1345,625,0,0,25,25,25,25,0,0,0,-25,0,0,-25,0,149.764,25,149.764,0,0
1346,169,0,0,13,13,13,13,0,0,0,-13,0,0,-13,0,39.06666666666667,13,39.06666666666667,0,0
1347,1,25,25,26,26,-24,-24,625,625,50,24,0,625,24,0,650.0,1,25.0,25,25
1348,4,0,0,2,2,2,2,0,0,0,-2,0,0,-2,0,0.5013333333333333,2,0.5013333333333333,0,0
1349,1,0,25,1,26,1,-24,0,0,25,-1,-25,625,24,25,12.466666666666667,1,12.466666666666667,0,25
1350,169,0,0,13,13,13,13,0,0,0,-13,0,0,-13,0,38.93266666666667,13,38.93266666666667,0,0
1351,1,0,0,1,1,1,1,0,0,0,-1,0,0,-1,0,0.0,1,0.0,0,0
1352,1,0,0,1,1,1,1,0,0,0,-1,0,0,-1,0,0.0,1,0.0,0,0
1353,144,0,300,12,37,12,-13,0,0,25,-12,-25,625,13,25,183.91066666666666,12,183.91066666666666,0,25
1354,625,625,300,50,37,0,13,625,300,37,0,13,144,-13,-13,912.8783333333333,25,612.8783333333333,25,12
1355,324,450,288,43,34,-7,2,625,400,41,7,9,256,-2,-9,845.0433333333333,18,445.0433333333333,25,16
1356,625,0,300,25,37,25,13,0,0,12,-25,-12,144,-13,12,299.9046666666667,25,299.9046666666667,0,12
1357,144,0,300,12,37,12,-13,0,0,25,-12,-25,625,13,25,182.336,12,182.336,0,25
1358,625,300,500,37,45,13,5,144,240,32,-13,-8,400,-5,8,789.304,25,549.304,12,20
1359,529,575,276,48,35,-2,11,625,300,37,2,13,144,-11,-13,852.1316666666667,23,552.1316666666667,25,12
1360,169,0,325,13,38,13,-12,0,0,25,-13,-25,625,12,25,199.894,13,199.894,0,25
1361,1,25,21,26,22,-24,-20,625,525,46,24,4,441,20,-4,547.92,1,22.91999999999996,25,21
1362,625,0,275,25,36,25,14,0,0,11,-25,-11,121,-14,11,287.286,25,287.286,0,11
1363,144,300,300,37,37,-13,-13,625,625,50,13,0,625,13,0,957.9703333333333,12,332.9703333333333,25,25
1364,625,0,625,25,50,25,0,0,0,25,-25,-25,625,0,25,463.967,25,463.967,0,25
1365,625,0,300,25,37,25,13,0,0,12,-25,-12,144,-13,12,300.35066666666665,25,300.35066666666665,0,12
1366,169,325,325,38,38,-12,-12,625,625,50,12,0,625,12,0,989.0346666666667,13,364.0346666666667,25,25
1367,625,0,0,25,25,25,25,0,0,0,-25,0,0,-25,0,149.89266666666666,25,149.89266666666666,0,0
1368,144,300,300,37,37,-13,-13,625,625,50,13,0,625,13,0,958.1156666666667,12,333.1156666666667,25,25
1369,625,0,625,25,50,25,0,0,0,25,-25,-25,625,0,25,462.4676666666667,25,462.4676666666667,0,25
1370,625,0,300,25,37,25,13,0,0,12,-25,-12,144,-13,12,299.1653333333333,25,299.1653333333333,0,12
1371,169,325,325,38,38,-12,-12,625,625,50,12,0,625,12,0,988.9606666666666,13,363.9606666666666,25,25
1372,1,25,25,26,26,-24,-24,625,625,50,24,0,625,24,0,650.0,1,25.0,25,25
1373,4,50,50,27,27,-23,-23,625,625,50,23,0,625,23,0,675.506,2,50.50599999999997,25,25
1374,1,12,0,13,1,-11,1,144,0,12,11,12,0,-1,-12,6.172,1,6.172,12,0
1375,49,175,84,32,19,-18,-5,625,300,37,18,13,144,5,-13,439.88,7,139.88,25,12
1376,625,0,0,25,25,25,25,0,0,0,-25,0,0,-25,0,150.05933333333334,25,150.05933333333334,0,0
1377,169,0,0,13,13,13,13,0,0,0,-13,0,0,-13,0,39.058,13,39.058,0,0
1378,1,25,0,26,1,-24,1,625,0,25,24,25,0,-1,-25,12.05,1,12.05,25,0
1379,4,50,0,27,2,-23,2,625,0,25,23,25,0,-2,-25,25.315333333333335,2,25.315333333333335,25,0
1380,289,425,289,42,34,-8,0,625,425,42,8,8,289,0,-8,849.6746666666667,17,424.67466666666667,25,17
1381,169,325,325,38,38,-12,-12,625,625,50,12,0,625,12,0,989.1406666666667,13,364.1406666666667,25,25
1382,625,625,300,50,37,0,13,625,300,37,0,13,144,-13,-13,912.1966666666667,25,612.1966666666667,25,12
1383,1,12,0,13,1,-11,1,144,0,12,11,12,0,-1,-12,5.828,1,5.828,12,0
1384,625,625,0,50,25,0,25,625,0,25,0,25,0,-25,-25,464.72266666666667,25,464.72266666666667,25,0
1385,144,0,300,12,37,12,-13,0,0,25,-12,-25,625,13,25,184.166,12,184.166,0,25
1386,625,0,625,25,50,25,0,0,0,25,-25,-25,625,0,25,461.28766666666667,25,461.28766666666667,0,25
1387,169,0,325,13,38,13,-12,0,0,25,-13,-25,625,12,25,200.617,13,200.617,0,25
1388,1,0,25,1,26,1,-24,0,0,25,-1,-25,625,24,25,12.391666666666667,1,12.391666666666667,0,25
1389,144,0,300,12,37,12,-13,0,0,25,-12,-25,625,13,25,183.40533333333335,12,183.40533333333335,0,25
1390,625,0,300,25,37,25,13,0,0,12,-25,-12,144,-13,12,299.99733333333336,25,299.99733333333336,0,12
1391,625,0,0,25,25,25,25,0,0,0,-25,0,0,-25,0,150.238,25,150.238,0,0
1392,625,0,300,25,37,25,13,0,0,12,-25,-12,144,-13,12,299.626,25,299.626,0,12
1393,1,25,21,26,22,-24,-20,625,525,46,24,4,441,20,-4,547.9893333333333,1,22.98933333333332,25,21
1394,625,0,0,25,25,25,25,0,0,0,-25,0,0,-25,0,149.764,25,149.764,0,0
1395,169,0,0,13,13,13,13,0,0,0,-13,0,0,-13,0,39.06666666666667,13,39.06666666666667,0,0
1396,1,25,25,26,26,-24,-24,625,625,50,24,0,625,24,0,650.0,1,25.0,25,25
1397,4,0,0,2,2,2,2,0,0,0,-2,0,0,-2,0,0.5013333333333333,2,0.5013333333333333,0,0
1398,1,0,25,1,26,1,-24,0,0,25,-1,-25,625,24,25,12.466666666666667,1,12.466666666666667,0,25
1399,169,0,0,13,13,13,13,0,0,0,-13,0,0,-13,0,38.93266666666667,13,38.93266666666667,0,0
1400,1,0,0,1,1,1,1,0,0,0,-1,0,0,-1,0,0.0,1,0.0,0,0
1401,1,0,0,1,1,1,1,0,0,0,-1,0,0,-1,0,0.0,1,0.0,0,0
1402,144,0,300,12,37,12,-13,0,0,25,-12,-25,625,13,25,183.91066666666666,12,183.91066666666666,0,25
1403,625,625,300,50,37,0,13,625,300,37,0,13,144,-13,-13,912.8783333333333,25,612.8783333333333,25,12
1404,324,450,288,43,34,-7,2,625,400,41,7,9,256,-2,-9,845.0433333333333,18,445.0433333333333,25,16
1405,625,0,300,25,37,25,13,0,0,12,-25,-12,144,-13,12,299.9046666666667,25,299.9046666666667,0,12
1406,144,0,300,12,37,12,-13,0,0,25,-12,-25,625,13,25,182.336,12,182.336,0,25
1407,625,300,500,37,45,13,5,144,240,32,-13,-8,400,-5,8,789.304,25,549.304,12,20
1408,529,575,276,48,35,-2,11,625,300,37,2,13,144,-11,-13,852.1316666666667,23,552.1316666666667,25,12
1409,169,0,325,13,38,13,-12,0,0,25,-13,-25,625,12,25,199.894,13,199.894,0,25
1410,1,25,21,26,22,-24,-20,625,525,46,24,4,441,20,-4,547.92,1,22.91999999999996,25,21
1411,625,0,275,25,36,25,14,0,0,11,-25,-11,121,-14,11,287.286,25,287.286,0,11
1412,144,300,300,37,37,-13,-13,625,625,50,13,0,625,13,0,957.9703333333333,12,332.9703333333333,25,25
1413,625,0,625,25,50,25,0,0,0,25,-25,-25,625,0,25,463.967,25,463.967,0,25
1414,625,0,300,25,37,25,13,0,0,12,-25,-12,144,-13,12,300.35066666666665,25,300.35066666666665,0,12
1415,169,325,325,38,38,-12,-12,625,625,50,12,0,625,12,0,989.0346666666667,13,364.0346666666667,25,25
1416,625,0,0,25,25,25,25,0,0,0,-25,0,0,-25,0,149.89266666666666,25,149.89266666666666,0,0
1417,144,300,300,37,37,-13,-13,625,625,50,13,0,625,13,0,958.1156666666667,12,333.1156666666667,25,25
1418,625,0,625,25,50,25,0,0,0,25,-25,-25,625,0,25,462.4676666666667,25,462.4676666666667,0,25
1419,625,0,300,25,37,25,13,0,0,12,-25,-12,144,-13,12,299.1653333333333,25,299.1653333333333,0,12
1420,169,325,325,38,38,-12,-12,625,625,50,12,0,625,12,0,988.9606666666666,13,363.9606666666666,25,25
1421,1,25,25,26,26,-24,-24,625,625,50,24,0,625,24,0,650.0,1,25.0,25,25
1422,4,50,50,27,27,-23,-23,625,625,50,23,0,625,23,0,675.506,2,50.50599999999997,25,25
1423,1,12,0,13,1,-11,1,144,0,12,11,12,0,-1,-12,6.172,1,6.172,12,0
1424,49,175,84,32,19,-18,-5,625,300,37,18,13,144,5,-13,439.88,7,139.88,25,12
1425,625,0,0,25,25,25,25,0,0,0,-25,0,0,-25,0,150.05933333333334,25,150.05933333333334,0,0
1426,169,0,0,13,13,13,13,0,0,0,-13,0,0,-13,0,39.058,13,39.058,0,0
1427,1,25,0,26,1,-24,1,625,0,25,24,25,0,-1,-25,12.05,1,12.05,25,0
1428,4,50,0,27,2,-23,2,625,0,25,23,25,0,-2,-25,25.315333333333335,2,25.315333333333335,25,0
1429,289,425,289,42,34,-8,0,625,425,42,8,8,289,0,-8,849.6746666666667,17,424.67466666666667,25,17
1430,169,325,325,38,38,-12,-12,625,625,50,12,0,625,12,0,989.1406666666667,13,364.1406666666667,25,25
1431,625,625,300,50,37,0,13,625,300,37,0,13,144,-13,-13,912.1966666666667,25,612.1966666666667,25,12
1432,1,12,0,13,1,-11,1,144,0,12,11,12,0,-1,-12,5.828,1,5.828,12,0
1433,625,625,0,50,25,0,25,625,0,25,0,25,0,-25,-25,464.72266666666667,25,464.72266666666667,25,0
1434,144,0,300,12,37,12,-13,0,0,25,-12,-25,625,13,25,184.166,12,184.166,0,25
1435,625,0,625,25,50,25,0,0,0,25,-25,-25,625,0,25,461.28766666666667,25,461.28766666666667,0,25
1436,169,0,325,13,38,13,-12,0,0,25,-13,-25,625,12,25,200.617,13,200.617,0,25
1437,1,0,25,1,26,1,-24,0,0,25,-1,-25,625,24,25,12.391666666666667,1,12.391666666666667,0,25
1438,144,0,300,12,37,12,-13,0,0,25,-12,-25,625,13,25,183.40533333333335,12,183.40533333333335,0,25
1439,625,0,300,25,37,25,13,0,0,12,-25,-12,144,-13,12,299.99733333333336,25,299.99733333333336,0,12
1440,625,0,0,25,25,25,25,0,0,0,-25,0,0,-25,0,150.238,25,150.238,0,0
1441,625,0,300,25,37,25,13,0,0,12,-25,-12,144,-13,12,299.626,25,299.626,0,12
1442,1,25,21,26,22,-24,-20,625,525,46,24,4,441,20,-4,547.9893333333333,1,22.98933333333332,25,21
1443,625,0,0,25,25,25,25,0,0,0,-25,0,0,-25,0,149.764,25,149.764,0,0
1444,169,0,0,13,13,13,13,0,0,0,-13,0,0,-13,0,39.06666666666667,13,39.06666666666667,0,0
1445,1,25,25,26,26,-24,-24,625,625,50,24,0,625,24,0,650.0,1,25.0,25,25
1446,4,0,0,2,2,2,2,0,0,0,-2,0,0,-2,0,0.5013333333333333,2,0.5013333333333333,0,0
1447,1,0,25,1,26,1,-24,0,0,25,-1,-25,625,24,25,12.466666666666667,1,12.466666666666667,0,25
1448,169,0,0,13,13,13,13,0,0,0,-13,0,0,-13,0,38.93266666666667,13,38.93266666666667,0,0
1449,1,0,0,1,1,1,1,0,0,0,-1,0,0,-1,0,0.0,1,0.0,0,0
1450,1,0,0,1,1,1,1,0,0,0,-1,0,0,-1,0,0.0,1,0.0,0,0
1451,144,0,300,12,37,12,-13,0,0,25,-12,-25,625,13,25,183.91066666666666,12,183.91066666666666,0,25
1452,625,625,300,50,37,0,13,625,300,37,0,13,144,-13,-13,912.8783333333333,25,612.8783333333333,25,12
1453,324,450,288,43,34,-7,2,625,400,41,7,9,256,-2,-9,845.0433333333333,18,445.0433333333333,25,16
1454,625,0,300,25,37,25,13,0,0,12,-25,-12,144,-13,12,299.9046666666667,25,299.9046666666667,0,12
1455,144,0,300,12,37,12,-13,0,0,25,-12,-25,625,13,25,182.336,12,182.336,0,25
1456,625,300,500,37,45,13,5,144,240,32,-13,-8,400,-5,8,789.304,25,549.304,12,20
1457,529,575,276,48,35,-2,11,625,300,37,2,13,144,-11,-13,852.1316666666667,23,552.1316666666667,25,12
1458,169,0,325,13,38,13,-12,0,0,25,-13,-25,625,12,25,199.894,13,199.894,0,25
1459,1,25,21,26,22,-24,-20,625,525,46,24,4,441,20,-4,547.92,1,22.91999999999996,25,21
1460,625,0,275,25,36,25,14,0,0,11,-25,-11,121,-14,11,287.286,25,287.286,0,11
1461,144,300,300,37,37,-13,-13,625,625,50,13,0,625,13,0,957.9703333333333,12,332.9703333333333,25,25
1462,625,0,625,25,50,25,0,0,0,25,-25,-25,625,0,25,463.967,25,463.967,0,25
1463,625,0,300,25,37,25,13,0,0,12,-25,-12,144,-13,12,300.35066666666665,25,300.35066666666665,0,12
1464,169,325,325,38,38,-12,-12,625,625,50,12,0,625,12,0,989.0346666666667,13,364.0346666666667,25,25
1465,625,0,0,25,25,25,25,0,0,0,-25,0,0,-25,0,149.89266666666666,25,149.89266666666666,0,0
1466,144,300,300,37,37,-13,-13,625,625,50,13,0,625,13,0,958.1156666666667,12,333.1156666666667,25,25
1467,625,0,625,25,50,25,0,0,0,25,-25,-25,625,0,25,462.4676666666667,25,462.4676666666667,0,25
1468,625,0,300,25,37,25,13,0,0,12,-25,-12,144,-13,12,299.1653333333333,25,299.1653333333333,0,12
1469,169,325,325,38,38,-12,-12,625,625,50,12,0,625,12,0,988.9606666666666,13,363.9606666666666,25,25
0,49,133,56,26,15,-12,-1,361,152,27,12,11,64,1,-11,258.042,7,106.04199999999997,19,8
1,225,150,45,25,18,5,12,100,30,13,-5,7,9,-12,-7,179.871,15,149.871,10,3
2,169,143,130,24,23,2,3,121,110,21,-2,1,100,-3,-1,285.689,13,175.68900000000002,11,10
3,196,182,98,27,21,1,7,169,91,20,-1,6,49,-7,-6,276.857,14,185.85700000000003,13,7
4,256,240,128,31,24,1,8,225,120,23,-1,7,64,-8,-7,363.686,16,243.68599999999998,15,8
5,361,209,171,30,28,8,10,121,99,20,-8,2,81,-10,-2,374.854,19,275.854,11,9
6,9,30,18,13,9,-7,-3,100,60,16,7,4,36,3,-4,85.584,3,25.584000000000003,10,6
7,256,240,16,31,17,1,15,225,15,16,-1,14,1,-15,-14,203.022,16,188.022,15,1
8,81,81,108,18,21,0,-3,81,108,21,0,-3,144,3,3,220.459,9,112.459,9,12
9,196,182,280,27,34,1,-6,169,260,33,-1,-7,400,6,7,536.62,14,276.62,13,20
10,64,136,24,25,11,-9,5,289,51,20,9,14,9,-5,-14,145.277,8,94.27699999999999,17,3
11,9,33,33,14,14,-8,-8,121,121,22,8,0,121,8,0,155.56,3,34.56,11,11
12,16,0,48,4,16,4,-8,0,0,12,-4,-12,144,8,12,26.696,4,26.696,0,12
13,121,44,220,15,31,7,-9,16,80,24,-7,-16,400,9,16,238.954,11,158.954,4,20
14,9,3,57,4,22,2,-16,1,19,20,-2,-18,361,16,18,50.434,3,31.433999999999997,1,19
15,64,64,32,16,12,0,4,64,32,12,0,4,16,-4,-4,94.233,8,62.233000000000004,8,4
16,256,240,144,31,25,1,7,225,135,24,-1,6,81,-7,-6,387.598,16,252.598,15,9
17,25,30,65,11,18,-1,-8,36,78,19,1,-7,169,8,7,130.674,5,52.67400000000001,6,13
18,4,38,18,21,11,-17,-7,361,171,28,17,10,81,7,-10,199.093,2,28.09299999999999,19,9
19,9,21,45,10,18,-4,-12,49,105,22,4,-8,225,12,8,139.596,3,34.596000000000004,7,15
20,4,30,10,17,7,-13,-3,225,75,20,13,10,25,3,-10,95.583,2,20.583,15,5
21,64,64,80,16,18,0,-2,64,80,18,0,-2,100,2,2,165.859,8,85.85900000000001,8,10
22,81,108,162,21,27,-3,-9,144,216,30,3,-6,324,9,6,368.764,9,152.764,12,18
23,400,360,240,38,32,2,8,324,216,30,-2,6,144,-8,-6,611.281,20,395.28099999999995,18,12
24,16,72,56,22,18,-14,-10,324,252,32,14,4,196,10,-4,318.739,4,66.73899999999998,18,14
25,4,34,32,19,18,-15,-14,289,272,33,15,1,256,14,-1,305.482,2,33.48200000000003,17,16
26,169,13,182,14,27,12,-1,1,14,15,-12,-13,196,1,13,151.774,13,137.774,1,14
27,1,1,17,2,18,0,-16,1,17,18,0,-16,289,16,16,26.064,1,9.064,1,17
28,144,0,156,12,25,12,-1,0,0,13,-12,-13,169,1,13,109.714,12,109.714,0,13
29,324,252,216,32,30,4,6,196,168,26,-4,2,144,-6,-2,478.827,18,310.827,14,12
30,16,36,64,13,20,-5,-12,81,144,25,5,-7,256,12,7,196.876,4,52.876000000000005,9,16
31,169,208,65,29,18,-3,8,256,80,21,3,11,25,-8,-11,255.451,13,175.451,16,5
32,324,306,342,35,37,1,-1,289,323,36,-1,-2,361,1,2,722.967,18,399.967,17,19
33,225,270,210,33,29,-3,1,324,252,32,3,4,196,-1,-4,544.912,15,292.91200000000003,18,14
34,81,63,54,16,15,2,3,49,42,13,-2,1,36,-3,-1,118.572,9,76.572,7,6
35,324,36,198,20,29,16,7,4,22,13,-16,-9,121,-7,9,215.878,18,193.878,2,11
36,25,50,50,15,15,-5,-5,100,100,20,5,0,100,5,0,155.002,5,55.00200000000001,10,10
37,121,143,55,24,16,-2,6,169,65,18,2,8,25,-6,-8,191.106,11,126.106,13,5
38,4,32,26,18,15,-14,-11,256,208,29,14,3,169,11,-3,237.518,2,29.518,16,13
39,361,133,247,26,32,12,6,49,91,20,-12,-6,169,-6,6,367.716,19,276.716,7,13
40,100,30,90,13,19,7,1,9,27,12,-7,-6,81,-1,6,109.298,10,82.298,3,9
41,144,48,72,16,18,8,6,16,24,10,-8,-2,36,-6,2,117.229,12,93.229,4,6
42,81,162,99,27,20,-9,-2,324,198,29,9,7,121,2,-7,346.674,9,148.67399999999998,18,11
43,9,24,27,11,12,-5,-6,64,72,17,5,-1,81,6,1,98.971,3,26.971000000000004,8,9
44,225,180,270,27,33,3,-3,144,216,30,-3,-6,324,3,6,493.312,15,277.312,12,18
45,100,130,70,23,17,-3,3,169,91,20,3,6,49,-3,-6,213.86,10,122.86000000000001,13,7
46,256,208,48,29,19,3,13,169,39,16,-3,10,9,-13,-10,227.187,16,188.187,13,3
47,1,17,18,18,19,-16,-17,289,306,35,16,-1,324,17,1,323.533,1,17.533000000000015,17,18
0,1,25,0,26,1,-24,1,625,0,25,24,25,0,-1,-25,12.46111111111111,1,12.46111111111111,25,0
1,4,50,0,27,2,-23,2,625,0,25,23,25,0,-2,-25,25.19911111111111,2,25.19911111111111,25,0
2,1,12,0,13,1,-11,1,144,0,12,11,12,0,-1,-12,5.936,1,5.936,12,0
3,49,133,0,26,7,-12,7,361,0,19,12,19,0,-7,-19,76.544,7,76.544,19,0
4,1,0,25,1,26,1,-24,0,0,25,-1,-25,625,24,25,12.71111111111111,1,12.71111111111111,0,25
5,625,0,625,25,50,25,0,0,0,25,-25,-25,625,0,25,461.6502222222222,25,461.6502222222222,0,25
6,625,0,0,25,25,25,25,0,0,0,-25,0,0,-25,0,150.268,25,150.268,0,0
7,196,56,308,18,36,10,-8,16,88,26,-10,-18,484,8,18,314.56822222222223,14,226.56822222222223,4,22
8,225,0,285,15,34,15,-4,0,0,19,-15,-19,361,4,19,194.862,15,194.862,0,19
9,144,300,300,37,37,-13,-13,625,625,50,13,0,625,13,0,958.0591111111111,12,333.05911111111106,25,25
10,1,25,0,26,1,-24,1,625,0,25,24,25,0,-1,-25,12.333333333333334,1,12.333333333333334,25,0
11,4,50,0,27,2,-23,2,625,0,25,23,25,0,-2,-25,25.840888888888887,2,25.840888888888887,25,0
12,144,0,300,12,37,12,-13,0,0,25,-12,-25,625,13,25,182.72,12,182.72,0,25
13,144,0,300,12,37,12,-13,0,0,25,-12,-25,625,13,25,182.7302222222222,12,182.7302222222222,0,25
14,324,450,450,43,43,-7,-7,625,625,50,7,0,625,7,0,1151.399111111111,18,526.3991111111111,25,25
15,1,12,0,13,1,-11,1,144,0,12,11,12,0,-1,-12,5.896,1,5.896,12,0
16,625,625,0,50,25,0,25,625,0,25,0,25,0,-25,-25,461.4413333333333,25,461.4413333333333,25,0
17,625,0,300,25,37,25,13,0,0,12,-25,-12,144,-13,12,300.0751111111111,25,300.0751111111111,0,12
18,441,0,273,21,34,21,8,0,0,13,-21,-13,169,-8,13,240.94622222222222,21,240.94622222222222,0,13
19,1,0,25,1,26,1,-24,0,0,25,-1,-25,625,24,25,12.444444444444445,1,12.444444444444445,0,25
20,121,0,275,11,36,11,-14,0,0,25,-11,-25,625,14,25,165.03266666666667,11,165.03266666666667,0,25
21,625,0,625,25,50,25,0,0,0,25,-25,-25,625,0,25,463.7577777777778,25,463.7577777777778,0,25
22,625,0,275,25,36,25,14,0,0,11,-25,-11,121,-14,11,287.4182222222222,25,287.4182222222222,0,11
23,625,0,0,25,25,25,25,0,0,0,-25,0,0,-25,0,149.85288888888888,25,149.85288888888888,0,0
24,625,0,0,25,25,25,25,0,0,0,-25,0,0,-25,0,150.05733333333333,25,150.05733333333333,0,0
25,169,0,0,13,13,13,13,0,0,0,-13,0,0,-13,0,38.924,13,38.924,0,0
26,1,25,0,26,1,-24,1,625,0,25,24,25,0,-1,-25,12.5,1,12.5,25,0
27,4,0,0,2,2,2,2,0,0,0,-2,0,0,-2,0,0.5115555555555555,2,0.5115555555555555,0,0
28,1,25,0,26,1,-24,1,625,0,25,24,25,0,-1,-25,12.655555555555555,1,12.655555555555555,25,0
29,169,0,0,13,13,13,13,0,0,0,-13,0,0,-13,0,39.09377777777778,13,39.09377777777778,0,0
30,1,0,25,1,26,1,-24,0,0,25,-1,-25,625,24,25,12.633333333333333,1,12.633333333333333,0,25
31,1,0,0,1,1,1,1,0,0,0,-1,0,0,-1,0,0.0,1,0.0,0,0
32,144,0,300,12,37,12,-13,0,0,25,-12,-25,625,13,25,182.60755555555556,12,182.60755555555556,0,25
33,121,0,275,11,36,11,-14,0,0,25,-11,-25,625,14,25,164.42666666666668,11,164.42666666666668,0,25
34,625,625,275,50,36,0,14,625,275,36,0,14,121,-14,-14,875.0337777777778,25,600.0337777777778,25,11
35,1,25,12,26,13,-24,-11,625,300,37,24,13,144,11,-13,318.4393333333333,1,18.43933333333331,25,12
36,625,0,0,25,25,25,25,0,0,0,-25,0,0,-25,0,150.05377777777778,25,150.05377777777778,0,0
37,144,0,300,12,37,12,-13,0,0,25,-12,-25,625,13,25,182.58,12,182.58,0,25
38,144,0,300,12,37,12,-13,0,0,25,-12,-25,625,13,25,183.83377777777778,12,183.83377777777778,0,25
39,625,0,275,25,36,25,14,0,0,11,-25,-11,121,-14,11,286.9231111111111,25,286.9231111111111,0,11
40,1,0,0,1,1,1,1,0,0,0,-1,0,0,-1,0,0.0,1,0.0,0,0
41,625,0,0,25,25,25,25,0,0,0,-25,0,0,-25,0,149.93777777777777,25,149.93777777777777,0,0
42,625,625,275,50,36,0,14,625,275,36,0,14,121,-14,-14,874.9333333333333,25,599.9333333333333,25,11
43,289,425,289,42,34,-8,0,625,425,42,8,8,289,0,-8,849.8826666666666,17,424.88266666666664,25,17
44,144,300,300,37,37,-13,-13,625,625,50,13,0,625,13,0,957.994,12,332.994,25,25
45,144,300,300,37,37,-13,-13,625,625,50,13,0,625,13,0,958.0062222222223,12,333.0062222222223,25,25
46,144,300,300,37,37,-13,-13,625,625,50,13,0,625,13,0,958.0786666666667,12,333.07866666666666,25,25
47,625,0,625,25,50,25,0,0,0,25,-25,-25,625,0,25,463.60333333333335,25,463.60333333333335,0,25
48,1,25,0,26,1,-24,1,625,0,25,24,25,0,-1,-25,12.46111111111111,1,12.46111111111111,25,0
49,4,50,0,27,2,-23,2,625,0,25,23,25,0,-2,-25,25.19911111111111,2,25.19911111111111,25,0
50,1,12,0,13,1,-11,1,144,0,12,11,12,0,-1,-12,5.936,1,5.936,12,0
51,49,133,0,26,7,-12,7,361,0,19,12,19,0,-7,-19,76.544,7,76.544,19,0
52,1,0,25,1,26,1,-24,0,0,25,-1,-25,625,24,25,12.71111111111111,1,12.71111111111111,0,25
53,625,0,625,25,50,25,0,0,0,25,-25,-25,625,0,25,461.6502222222222,25,461.6502222222222,0,25
54,625,0,0,25,25,25,25,0,0,0,-25,0,0,-25,0,150.268,25,150.268,0,0
55,196,56,308,18,36,10,-8,16,88,26,-10,-18,484,8,18,314.56822222222223,14,226.56822222222223,4,22
56,225,0,285,15,34,15,-4,0,0,19,-15,-19,361,4,19,194.862,15,194.862,0,19
57,144,300,300,37,37,-13,-13,625,625,50,13,0,625,13,0,958.0591111111111,12,333.05911111111106,25,25
58,1,25,0,26,1,-24,1,625,0,25,24,25,0,-1,-25,12.333333333333334,1,12.333333333333334,25,0
59,4,50,0,27,2,-23,2,625,0,25,23,25,0,-2,-25,25.840888888888887,2,25.840888888888887,25,0
60,144,0,300,12,37,12,-13,0,0,25,-12,-25,625,13,25,182.72,12,182.72,0,25
61,144,0,300,12,37,12,-13,0,0,25,-12,-25,625,13,25,182.7302222222222,12,182.7302222222222,0,25
62,324,450,450,43,43,-7,-7,625,625,50,7,0,625,7,0,1151.399111111111,18,526.3991111111111,25,25
63,1,12,0,13,1,-11,1,144,0,12,11,12,0,-1,-12,5.896,1,5.896,12,0
64,625,625,0,50,25,0,25,625,0,25,0,25,0,-25,-25,461.4413333333333,25,461.4413333333333,25,0
65,625,0,300,25,37,25,13,0,0,12,-25,-12,144,-13,12,300.0751111111111,25,300.0751111111111,0,12
66,441,0,273,21,34,21,8,0,0,13,-21,-13,169,-8,13,240.94622222222222,21,240.94622222222222,0,13
67,1,0,25,1,26,1,-24,0,0,25,-1,-25,625,24,25,12.444444444444445,1,12.444444444444445,0,25
68,121,0,275,11,36,11,-14,0,0,25,-11,-25,625,14,25,165.03266666666667,11,165.03266666666667,0,25
69,625,0,625,25,50,25,0,0,0,25,-25,-25,625,0,25,463.7577777777778,25,463.7577777777778,0,25
70,625,0,275,25,36,25,14,0,0,11,-25,-11,121,-14,11,287.4182222222222,25,287.4182222222222,0,11
71,625,0,0,25,25,25,25,0,0,0,-25,0,0,-25,0,149.85288888888888,25,149.85288888888888,0,0
72,625,0,0,25,25,25,25,0,0,0,-25,0,0,-25,0,150.05733333333333,25,150.05733333333333,0,0
73,169,0,0,13,13,13,13,0,0,0,-13,0,0,-13,0,38.924,13,38.924,0,0
74,1,25,0,26,1,-24,1,625,0,25,24,25,0,-1,-25,12.5,1,12.5,25,0
75,4,0,0,2,2,2,2,0,0,0,-2,0,0,-2,0,0.5115555555555555,2,0.5115555555555555,0,0
76,1,25,0,26,1,-24,1,625,0,25,24,25,0,-1,-25,12.655555555555555,1,12.655555555555555,25,0
77,169,0,0,13,13,13,13,0,0,0,-13,0,0,-13,0,39.09377777777778,13,39.09377777777778,0,0
78,1,0,25,1,26,1,-24,0,0,25,-1,-25,625,24,25,12.633333333333333,1,12.633333333333333,0,25
79,1,0,0,1,1,1,1,0,0,0,-1,0,0,-1,0,0.0,1,0.0,0,0
80,144,0,300,12,37,12,-13,0,0,25,-12,-25,625,13,25,182.60755555555556,12,182.60755555555556,0,25
81,121,0,275,11,36,11,-14,0,0,25,-11,-25,625,14,25,164.42666666666668,11,164.42666666666668,0,25
82,625,625,275,50,36,0,14,625,275,36,0,14,121,-14,-14,875.0337777777778,25,600.0337777777778,25,11
83,1,25,12,26,13,-24,-11,625,300,37,24,13,144,11,-13,318.4393333333333,1,18.43933333333331,25,12
84,625,0,0,25,25,25,25,0,0,0,-25,0,0,-25,0,150.05377777777778,25,150.05377777777778,0,0
85,144,0,300,12,37,12,-13,0,0,25,-12,-25,625,13,25,182.58,12,182.58,0,25
86,144,0,300,12,37,12,-13,0,0,25,-12,-25,625,13,25,183.83377777777778,12,183.83377777777778,0,25
87,625,0,275,25,36,25,14,0,0,11,-25,-11,121,-14,11,286.9231111111111,25,286.9231111111111,0,11
88,1,0,0,1,1,1,1,0,0,0,-1,0,0,-1,0,0.0,1,0.0,0,0
89,625,0,0,25,25,25,25,0,0,0,-25,0,0,-25,0,149.93777777777777,25,149.93777777777777,0,0
90,625,625,275,50,36,0,14,625,275,36,0,14,121,-14,-14,874.9333333333333,25,599.9333333333333,25,11
91,289,425,289,42,34,-8,0,625,425,42,8,8,289,0,-8,849.8826666666666,17,424.88266666666664,25,17
92,144,300,300,37,37,-13,-13,625,625,50,13,0,625,13,0,957.994,12,332.994,25,25
93,144,300,300,37,37,-13,-13,625,625,50,13,0,625,13,0,958.0062222222223,12,333.0062222222223,25,25
94,144,300,300,37,37,-13,-13,625,625,50,13,0,625,13,0,958.0786666666667,12,333.07866666666666,25,25
95,625,0,625,25,50,25,0,0,0,25,-25,-25,625,0,25,463.60333333333335,25,463.60333333333335,0,25
96,1,25,0,26,1,-24,1,625,0,25,24,25,0,-1,-25,12.46111111111111,1,12.46111111111111,25,0
97,4,50,0,27,2,-23,2,625,0,25,23,25,0,-2,-25,25.19911111111111,2,25.19911111111111,25,0
98,1,12,0,13,1,-11,1,144,0,12,11,12,0,-1,-12,5.936,1,5.936,12,0
99,49,133,0,26,7,-12,7,361,0,19,12,19,0,-7,-19,76.544,7,76.544,19,0
100,1,0,25,1,26,1,-24,0,0,25,-1,-25,625,24,25,12.71111111111111,1,12.71111111111111,0,25
101,625,0,625,25,50,25,0,0,0,25,-25,-25,625,0,25,461.6502222222222,25,461.6502222222222,0,25
102,625,0,0,25,25,25,25,0,0,0,-25,0,0,-25,0,150.268,25,150.268,0,0
103,196,56,308,18,36,10,-8,16,88,26,-10,-18,484,8,18,314.56822222222223,14,226.56822222222223,4,22
104,225,0,285,15,34,15,-4,0,0,19,-15,-19,361,4,19,194.862,15,194.862,0,19
105,144,300,300,37,37,-13,-13,625,625,50,13,0,625,13,0,958.0591111111111,12,333.05911111111106,25,25
106,1,25,0,26,1,-24,1,625,0,25,24,25,0,-1,-25,12.333333333333334,1,12.333333333333334,25,0
107,4,50,0,27,2,-23,2,625,0,25,23,25,0,-2,-25,25.840888888888887,2,25.840888888888887,25,0
108,144,0,300,12,37,12,-13,0,0,25,-12,-25,625,13,25,182.72,12,182.72,0,25
109,144,0,300,12,37,12,-13,0,0,25,-12,-25,625,13,25,182.7302222222222,12,182.7302222222222,0,25
110,324,450,450,43,43,-7,-7,625,625,50,7,0,625,7,0,1151.399111111111,18,526.3991111111111,25,25
111,1,12,0,13,1,-11,1,144,0,12,11,12,0,-1,-12,5.896,1,5.896,12,0
112,625,625,0,50,25,0,25,625,0,25,0,25,0,-25,-25,461.4413333333333,25,461.4413333333333,25,0
113,625,0,300,25,37,25,13,0,0,12,-25,-12,144,-13,12,300.0751111111111,25,300.0751111111111,0,12
114,441,0,273,21,34,21,8,0,0,13,-21,-13,169,-8,13,240.94622222222222,21,240.94622222222222,0,13
115,1,0,25,1,26,1,-24,0,0,25,-1,-25,625,24,25,12.444444444444445,1,12.444444444444445,0,25
116,121,0,275,11,36,11,-14,0,0,25,-11,-25,625,14,25,165.03266666666667,11,165.03266666666667,0,25
117,625,0,625,25,50,25,0,0,0,25,-25,-25,625,0,25,463.7577777777778,25,463.7577777777778,0,25
118,625,0,275,25,36,25,14,0,0,11,-25,-11,121,-14,11,287.4182222222222,25,287.4182222222222,0,11
119,625,0,0,25,25,25,25,0,0,0,-25,0,0,-25,0,149.85288888888888,25,149.85288888888888,0,0
120,625,0,0,25,25,25,25,0,0,0,-25,0,0,-25,0,150.05733333333333,25,150.05733333333333,0,0
121,169,0,0,13,13,13,13,0,0,0,-13,0,0,-13,0,38.924,13,38.924,0,0
122,1,25,0,26,1,-24,1,625,0,25,24,25,0,-1,-25,12.5,1,12.5,25,0
123,4,0,0,2,2,2,2,0,0,0,-2,0,0,-2,0,0.5115555555555555,2,0.5115555555555555,0,0
124,1,25,0,26,1,-24,1,625,0,25,24,25,0,-1,-25,12.655555555555555,1,12.655555555555555,25,0
125,169,0,0,13,13,13,13,0,0,0,-13,0,0,-13,0,39.09377777777778,13,39.09377777777778,0,0
126,1,0,25,1,26,1,-24,0,0,25,-1,-25,625,24,25,12.633333333333333,1,12.633333333333333,0,25
127,1,0,0,1,1,1,1,0,0,0,-1,0,0,-1,0,0.0,1,0.0,0,0
128,144,0,300,12,37,12,-13,0,0,25,-12,-25,625,13,25,182.60755555555556,12,182.60755555555556,0,25
129,121,0,275,11,36,11,-14,0,0,25,-11,-25,625,14,25,164.42666666666668,11,164.42666666666668,0,25
130,625,625,275,50,36,0,14,625,275,36,0,14,121,-14,-14,875.0337777777778,25,600.0337777777778,25,11
131,1,25,12,26,13,-24,-11,625,300,37,24,13,144,11,-13,318.4393333333333,1,18.43933333333331,25,12
132,625,0,0,25,25,25,25,0,0,0,-25,0,0,-25,0,150.05377777777778,25,150.05377777777778,0,0
133,144,0,300,12,37,12,-13,0,0,25,-12,-25,625,13,25,182.58,12,182.58,0,25
134,144,0,300,12,37,12,-13,0,0,25,-12,-25,625,13,25,183.83377777777778,12,183.83377777777778,0,25
135,625,0,275,25,36,25,14,0,0,11,-25,-11,121,-14,11,286.9231111111111,25,286.9231111111111,0,11
136,1,0,0,1,1,1,1,0,0,0,-1,0,0,-1,0,0.0,1,0.0,0,0
137,625,0,0,25,25,25,25,0,0,0,-25,0,0,-25,0,149.93777777777777,25,149.93777777777777,0,0
138,625,625,275,50,36,0,14,625,275,36,0,14,121,-14,-14,874.9333333333333,25,599.9333333333333,25,11
139,289,425,289,42,34,-8,0,625,425,42,8,8,289,0,-8,849.8826666666666,17,424.88266666666664,25,17
140,144,300,300,37,37,-13,-13,625,625,50,13,0,625,13,0,957.994,12,332.994,25,25
141,144,300,300,37,37,-13,-13,625,625,50,13,0,625,13,0,958.0062222222223,12,333.0062222222223,25,25
142,144,300,300,37,37,-13,-13,625,625,50,13,0,625,13,0,958.0786666666667,12,333.07866666666666,25,25
143,625,0,625,25,50,25,0,0,0,25,-25,-25,625,0,25,463.60333333333335,25,463.60333333333335,0,25
144,1,25,0,26,1,-24,1,625,0,25,24,25,0,-1,-25,12.46111111111111,1,12.46111111111111,25,0
145,4,50,0,27,2,-23,2,625,0,25,23,25,0,-2,-25,25.19911111111111,2,25.19911111111111,25,0
146,1,12,0,13,1,-11,1,144,0,12,11,12,0,-1,-12,5.936,1,5.936,12,0
147,49,133,0,26,7,-12,7,361,0,19,12,19,0,-7,-19,76.544,7,76.544,19,0
148,1,0,25,1,26,1,-24,0,0,25,-1,-25,625,24,25,12.71111111111111,1,12.71111111111111,0,25
149,625,0,625,25,50,25,0,0,0,25,-25,-25,625,0,25,461.6502222222222,25,461.6502222222222,0,25
150,625,0,0,25,25,25,25,0,0,0,-25,0,0,-25,0,150.268,25,150.268,0,0
151,196,56,308,18,36,10,-8,16,88,26,-10,-18,484,8,18,314.56822222222223,14,226.56822222222223,4,22
152,225,0,285,15,34,15,-4,0,0,19,-15,-19,361,4,19,194.862,15,194.862,0,19
153,144,300,300,37,37,-13,-13,625,625,50,13,0,625,13,0,958.0591111111111,12,333.05911111111106,25,25
154,1,25,0,26,1,-24,1,625,0,25,24,25,0,-1,-25,12.333333333333334,1,12.333333333333334,25,0
155,4,50,0,27,2,-23,2,625,0,25,23,25,0,-2,-25,25.840888888888887,2,25.840888888888887,25,0
156,144,0,300,12,37,12,-13,0,0,25,-12,-25,625,13,25,182.72,12,182.72,0,25
157,144,0,300,12,37,12,-13,0,0,25,-12,-25,625,13,25,182.7302222222222,12,182.7302222222222,0,25
158,324,450,450,43,43,-7,-7,625,625,50,7,0,625,7,0,1151.399111111111,18,526.3991111111111,25,25
159,1,12,0,13,1,-11,1,144,0,12,11,12,0,-1,-12,5.896,1,5.896,12,0
160,625,625,0,50,25,0,25,625,0,25,0,25,0,-25,-25,461.4413333333333,25,461.4413333333333,25,0
161,625,0,300,25,37,25,13,0,0,12,-25,-12,144,-13,12,300.0751111111111,25,300.0751111111111,0,12
162,441,0,273,21,34,21,8,0,0,13,-21,-13,169,-8,13,240.94622222222222,21,240.94622222222222,0,13
163,1,0,25,1,26,1,-24,0,0,25,-1,-25,625,24,25,12.444444444444445,1,12.444444444444445,0,25
164,121,0,275,11,36,11,-14,0,0,25,-11,-25,625,14,25,165.03266666666667,11,165.03266666666667,0,25
165,625,0,625,25,50,25,0,0,0,25,-25,-25,625,0,25,463.7577777777778,25,463.7577777777778,0,25
166,625,0,275,25,36,25,14,0,0,11,-25,-11,121,-14,11,287.4182222222222,25,287.4182222222222,0,11
167,625,0,0,25,25,25,25,0,0,0,-25,0,0,-25,0,149.85288888888888,25,149.85288888888888,0,0
168,625,0,0,25,25,25,25,0,0,0,-25,0,0,-25,0,150.05733333333333,25,150.05733333333333,0,0
169,169,0,0,13,13,13,13,0,0,0,-13,0,0,-13,0,38.924,13,38.924,0,0
170,1,25,0,26,1,-24,1,625,0,25,24,25,0,-1,-25,12.5,1,12.5,25,0
171,4,0,0,2,2,2,2,0,0,0,-2,0,0,-2,0,0.5115555555555555,2,0.5115555555555555,0,0
172,1,25,0,26,1,-24,1,625,0,25,24,25,0,-1,-25,12.655555555555555,1,12.655555555555555,25,0
173,169,0,0,13,13,13,13,0,0,0,-13,0,0,-13,0,39.09377777777778,13,39.09377777777778,0,0
174,1,0,25,1,26,1,-24,0,0,25,-1,-25,625,24,25,12.633333333333333,1,12.633333333333333,0,25
175,1,0,0,1,1,1,1,0,0,0,-1,0,0,-1,0,0.0,1,0.0,0,0
176,144,0,300,12,37,12,-13,0,0,25,-12,-25,625,13,25,182.60755555555556,12,182.60755555555556,0,25
177,121,0,275,11,36,11,-14,0,0,25,-11,-25,625,14,25,164.42666666666668,11,164.42666666666668,0,25
178,625,625,275,50,36,0,14,625,275,36,0,14,121,-14,-14,875.0337777777778,25,600.0337777777778,25,11
179,1,25,12,26,13,-24,-11,625,300,37,24,13,144,11,-13,318.4393333333333,1,18.43933333333331,25,12
180,625,0,0,25,25,25,25,0,0,0,-25,0,0,-25,0,150.05377777777778,25,150.05377777777778,0,0
181,144,0,300,12,37,12,-13,0,0,25,-12,-25,625,13,25,182.58,12,182.58,0,25
182,144,0,300,12,37,12,-13,0,0,25,-12,-25,625,13,25,183.83377777777778,12,183.83377777777778,0,25
183,625,0,275,25,36,25,14,0,0,11,-25,-11,121,-14,11,286.9231111111111,25,286.9231111111111,0,11
184,1,0,0,1,1,1,1,0,0,0,-1,0,0,-1,0,0.0,1,0.0,0,0
185,625,0,0,25,25,25,25,0,0,0,-25,0,0,-25,0,149.93777777777777,25,149.93777777777777,0,0
186,625,625,275,50,36,0,14,625,275,36,0,14,121,-14,-14,874.9333333333333,25,599.9333333333333,25,11
187,289,425,289,42,34,-8,0,625,425,42,8,8,289,0,-8,849.8826666666666,17,424.88266666666664,25,17
188,144,300,300,37,37,-13,-13,625,625,50,13,0,625,13,0,957.994,12,332.994,25,25
189,144,300,300,37,37,-13,-13,625,625,50,13,0,625,13,0,958.0062222222223,12,333.0062222222223,25,25
190,144,300,300,37,37,-13,-13,625,625,50,13,0,625,13,0,958.0786666666667,12,333.07866666666666,25,25
191,625,0,625,25,50,25,0,0,0,25,-25,-25,625,0,25,463.60333333333335,25,463.60333333333335,0,25
192,1,25,0,26,1,-24,1,625,0,25,24,25,0,-1,-25,12.46111111111111,1,12.46111111111111,25,0
193,4,50,0,27,2,-23,2,625,0,25,23,25,0,-2,-25,25.19911111111111,2,25.19911111111111,25,0
194,1,12,0,13,1,-11,1,144,0,12,11,12,0,-1,-12,5.936,1,5.936,12,0
195,49,133,0,26,7,-12,7,361,0,19,12,19,0,-7,-19,76.544,7,76.544,19,0
196,1,0,25,1,26,1,-24,0,0,25,-1,-25,625,24,25,12.71111111111111,1,12.71111111111111,0,25
197,625,0,625,25,50,25,0,0,0,25,-25,-25,625,0,25,461.6502222222222,25,461.6502222222222,0,25
198,625,0,0,25,25,25,25,0,0,0,-25,0,0,-25,0,150.268,25,150.268,0,0
199,196,56,308,18,36,10,-8,16,88,26,-10,-18,484,8,18,314.56822222222223,14,226.56822222222223,4,22
200,225,0,285,15,34,15,-4,0,0,19,-15,-19,361,4,19,194.862,15,194.862,0,19
201,144,300,300,37,37,-13,-13,625,625,50,13,0,625,13,0,958.0591111111111,12,333.05911111111106,25,25
202,1,25,0,26,1,-24,1,625,0,25,24,25,0,-1,-25,12.333333333333334,1,12.333333333333334,25,0
203,4,50,0,27,2,-23,2,625,0,25,23,25,0,-2,-25,25.840888888888887,2,25.840888888888887,25,0
204,144,0,300,12,37,12,-13,0,0,25,-12,-25,625,13,25,182.72,12,182.72,0,25
205,144,0,300,12,37,12,-13,0,0,25,-12,-25,625,13,25,182.7302222222222,12,182.7302222222222,0,25
206,324,450,450,43,43,-7,-7,625,625,50,7,0,625,7,0,1151.399111111111,18,526.3991111111111,25,25
207,1,12,0,13,1,-11,1,144,0,12,11,12,0,-1,-12,5.896,1,5.896,12,0
208,625,625,0,50,25,0,25,625,0,25,0,25,0,-25,-25,461.4413333333333,25,461.4413333333333,25,0
209,625,0,300,25,37,25,13,0,0,12,-25,-12,144,-13,12,300.0751111111111,25,300.0751111111111,0,12
210,441,0,273,21,34,21,8,0,0,13,-21,-13,169,-8,13,240.94622222222222,21,240.94622222222222,0,13
211,1,0,25,1,26,1,-24,0,0,25,-1,-25,625,24,25,12.444444444444445,1,12.444444444444445,0,25
212,121,0,275,11,36,11,-14,0,0,25,-11,-25,625,14,25,165.03266666666667,11,165.03266666666667,0,25
213,625,0,625,25,50,25,0,0,0,25,-25,-25,625,0,25,463.7577777777778,25,463.7577777777778,0,25
214,625,0,275,25,36,25,14,0,0,11,-25,-11,121,-14,11,287.4182222222222,25,287.4182222222222,0,11
215,625,0,0,25,25,25,25,0,0,0,-25,0,0,-25,0,149.85288888888888,25,149.85288888888888,0,0
216,625,0,0,25,25,25,25,0,0,0,-25,0,0,-25,0,150.05733333333333,25,150.05733333333333,0,0
217,169,0,0,13,13,13,13,0,0,0,-13,0,0,-13,0,38.924,13,38.924,0,0
218,1,25,0,26,1,-24,1,625,0,25,24,25,0,-1,-25,12.5,1,12.5,25,0
219,4,0,0,2,2,2,2,0,0,0,-2,0,0,-2,0,0.5115555555555555,2,0.5115555555555555,0,0
220,1,25,0,26,1,-24,1,625,0,25,24,25,0,-1,-25,12.655555555555555,1,12.655555555555555,25,0
221,169,0,0,13,13,13,13,0,0,0,-13,0,0,-13,0,39.09377777777778,13,39.09377777777778,0,0
222,1,0,25,1,26,1,-24,0,0,25,-1,-25,625,24,25,12.633333333333333,1,12.633333333333333,0,25
223,1,0,0,1,1,1,1,0,0,0,-1,0,0,-1,0,0.0,1,0.0,0,0
224,144,0,300,12,37,12,-13,0,0,25,-12,-25,625,13,25,182.60755555555556,12,182.60755555555556,0,25
225,121,0,275,11,36,11,-14,0,0,25,-11,-25,625,14,25,164.42666666666668,11,164.42666666666668,0,25
226,625,625,275,50,36,0,14,625,275,36,0,14,121,-14,-14,875.0337777777778,25,600.0337777777778,25,11
227,1,25,12,26,13,-24,-11,625,300,37,24,13,144,11,-13,318.4393333333333,1,18.43933333333331,25,12
228,625,0,0,25,25,25,25,0,0,0,-25,0,0,-25,0,150.05377777777778,25,150.05377777777778,0,0
229,144,0,300,12,37,12,-13,0,0,25,-12,-25,625,13,25,182.58,12,182.58,0,25
230,144,0,300,12,37,12,-13,0,0,25,-12,-25,625,13,25,183.83377777777778,12,183.83377777777778,0,25
231,625,0,275,25,36,25,14,0,0,11,-25,-11,121,-14,11,286.9231111111111,25,286.9231111111111,0,11
232,1,0,0,1,1,1,1,0,0,0,-1,0,0,-1,0,0.0,1,0.0,0,0
233,625,0,0,25,25,25,25,0,0,0,-25,0,0,-25,0,149.93777777777777,25,149.93777777777777,0,0
234,625,625,275,50,36,0,14,625,275,36,0,14,121,-14,-14,874.9333333333333,25,599.9333333333333,25,11
235,289,425,289,42,34,-8,0,625,425,42,8,8,289,0,-8,849.8826666666666,17,424.88266666666664,25,17
236,144,300,300,37,37,-13,-13,625,625,50,13,0,625,13,0,957.994,12,332.994,25,25
237,144,300,300,37,37,-13,-13,625,625,50,13,0,625,13,0,958.0062222222223,12,333.0062222222223,25,25
238,144,300,300,37,37,-13,-13,625,625,50,13,0,625,13,0,958.0786666666667,12,333.07866666666666,25,25
239,625,0,625,25,50,25,0,0,0,25,-25,-25,625,0,25,463.60333333333335,25,463.60333333333335,0,25
240,1,25,0,26,1,-24,1,625,0,25,24,25,0,-1,-25,12.46111111111111,1,12.46111111111111,25,0
241,4,50,0,27,2,-23,2,625,0,25,23,25,0,-2,-25,25.19911111111111,2,25.19911111111111,25,0
242,1,12,0,13,1,-11,1,144,0,12,11,12,0,-1,-12,5.936,1,5.936,12,0
243,49,133,0,26,7,-12,7,361,0,19,12,19,0,-7,-19,76.544,7,76.544,19,0
244,1,0,25,1,26,1,-24,0,0,25,-1,-25,625,24,25,12.71111111111111,1,12.71111111111111,0,25
245,625,0,625,25,50,25,0,0,0,25,-25,-25,625,0,25,461.6502222222222,25,461.6502222222222,0,25
246,625,0,0,25,25,25,25,0,0,0,-25,0,0,-25,0,150.268,25,150.268,0,0
247,196,56,308,18,36,10,-8,16,88,26,-10,-18,484,8,18,314.56822222222223,14,226.56822222222223,4,22
248,225,0,285,15,34,15,-4,0,0,19,-15,-19,361,4,19,194.862,15,194.862,0,19
249,144,300,300,37,37,-13,-13,625,625,50,13,0,625,13,0,958.0591111111111,12,333.05911111111106,25,25
250,1,25,0,26,1,-24,1,625,0,25,24,25,0,-1,-25,12.333333333333334,1,12.333333333333334,25,0
251,4,50,0,27,2,-23,2,625,0,25,23,25,0,-2,-25,25.840888888888887,2,25.840888888888887,25,0
252,144,0,300,12,37,12,-13,0,0,25,-12,-25,625,13,25,182.72,12,182.72,0,25
253,144,0,300,12,37,12,-13,0,0,25,-12,-25,625,13,25,182.7302222222222,12,182.7302222222222,0,25
254,324,450,450,43,43,-7,-7,625,625,50,7,0,625,7,0,1151.399111111111,18,526.3991111111111,25,25
255,1,12,0,13,1,-11,1,144,0,12,11,12,0,-1,-12,5.896,1,5.896,12,0
256,625,625,0,50,25,0,25,625,0,25,0,25,0,-25,-25,461.4413333333333,25,461.4413333333333,25,0
257,625,0,300,25,37,25,13,0,0,12,-25,-12,144,-13,12,300.0751111111111,25,300.0751111111111,0,12
258,441,0,273,21,34,21,8,0,0,13,-21,-13,169,-8,13,240.94622222222222,21,240.94622222222222,0,13
259,1,0,25,1,26,1,-24,0,0,25,-1,-25,625,24,25,12.444444444444445,1,12.444444444444445,0,25
260,121,0,275,11,36,11,-14,0,0,25,-11,-25,625,14,25,165.03266666666667,11,165.03266666666667,0,25
261,625,0,625,25,50,25,0,0,0,25,-25,-25,625,0,25,463.7577777777778,25,463.7577777777778,0,25
262,625,0,275,25,36,25,14,0,0,11,-25,-11,121,-14,11,287.4182222222222,25,287.4182222222222,0,11
263,625,0,0,25,25,25,25,0,0,0,-25,0,0,-25,0,149.85288888888888,25,149.85288888888888,0,0
264,625,0,0,25,25,25,25,0,0,0,-25,0,0,-25,0,150.05733333333333,25,150.05733333333333,0,0
265,169,0,0,13,13,13,13,0,0,0,-13,0,0,-13,0,38.924,13,38.924,0,0
266,1,25,0,26,1,-24,1,625,0,25,24,25,0,-1,-25,12.5,1,12.5,25,0
267,4,0,0,2,2,2,2,0,0,0,-2,0,0,-2,0,0.5115555555555555,2,0.5115555555555555,0,0
268,1,25,0,26,1,-24,1,625,0,25,24,25,0,-1,-25,12.655555555555555,1,12.655555555555555,25,0
269,169,0,0,13,13,13,13,0,0,0,-13,0,0,-13,0,39.09377777777778,13,39.09377777777778,0,0
270,1,0,25,1,26,1,-24,0,0,25,-1,-25,625,24,25,12.633333333333333,1,12.633333333333333,0,25
271,1,0,0,1,1,1,1,0,0,0,-1,0,0,-1,0,0.0,1,0.0,0,0
272,144,0,300,12,37,12,-13,0,0,25,-12,-25,625,13,25,182.60755555555556,12,182.60755555555556,0,25
273,121,0,275,11,36,11,-14,0,0,25,-11,-25,625,14,25,164.42666666666668,11,164.42666666666668,0,25
274,625,625,275,50,36,0,14,625,275,36,0,14,121,-14,-14,875.0337777777778,25,600.0337777777778,25,11
275,1,25,12,26,13,-24,-11,625,300,37,24,13,144,11,-13,318.4393333333333,1,18.43933333333331,25,12
276,625,0,0,25,25,25,25,0,0,0,-25,0,0,-25,0,150.05377777777778,25,150.05377777777778,0,0
277,144,0,300,12,37,12,-13,0,0,25,-12,-25,625,13,25,182.58,12,182.58,0,25
278,144,0,300,12,37,12,-13,0,0,25,-12,-25,625,13,25,183.83377777777778,12,183.83377777777778,0,25
279,625,0,275,25,36,25,14,0,0,11,-25,-11,121,-14,11,286.9231111111111,25,286.9231111111111,0,11
280,1,0,0,1,1,1,1,0,0,0,-1,0,0,-1,0,0.0,1,0.0,0,0
281,625,0,0,25,25,25,25,0,0,0,-25,0,0,-25,0,149.93777777777777,25,149.93777777777777,0,0
282,625,625,275,50,36,0,14,625,275,36,0,14,121,-14,-14,874.9333333333333,25,599.9333333333333,25,11
283,289,425,289,42,34,-8,0,625,425,42,8,8,289,0,-8,849.8826666666666,17,424.88266666666664,25,17
284,144,300,300,37,37,-13,-13,625,625,50,13,0,625,13,0,957.994,12,332.994,25,25
285,144,300,300,37,37,-13,-13,625,625,50,13,0,625,13,0,958.0062222222223,12,333.0062222222223,25,25
286,144,300,300,37,37,-13,-13,625,625,50,13,0,625,13,0,958.0786666666667,12,333.07866666666666,25,25
287,625,0,625,25,50,25,0,0,0,25,-25,-25,625,0,25,463.60333333333335,25,463.60333333333335,0,25
288,1,25,0,26,1,-24,1,625,0,25,24,25,0,-1,-25,12.46111111111111,1,12.46111111111111,25,0
289,4,50,0,27,2,-23,2,625,0,25,23,25,0,-2,-25,25.19911111111111,2,25.19911111111111,25,0
290,1,12,0,13,1,-11,1,144,0,12,11,12,0,-1,-12,5.936,1,5.936,12,0
291,49,133,0,26,7,-12,7,361,0,19,12,19,0,-7,-19,76.544,7,76.544,19,0
292,1,0,25,1,26,1,-24,0,0,25,-1,-25,625,24,25,12.71111111111111,1,12.71111111111111,0,25
293,625,0,625,25,50,25,0,0,0,25,-25,-25,625,0,25,461.6502222222222,25,461.6502222222222,0,25
294,625,0,0,25,25,25,25,0,0,0,-25,0,0,-25,0,150.268,25,150.268,0,0
295,196,56,308,18,36,10,-8,16,88,26,-10,-18,484,8,18,314.56822222222223,14,226.56822222222223,4,22
296,225,0,285,15,34,15,-4,0,0,19,-15,-19,361,4,19,194.862,15,194.862,0,19
297,144,300,300,37,37,-13,-13,625,625,50,13,0,625,13,0,958.0591111111111,12,333.05911111111106,25,25
298,1,25,0,26,1,-24,1,625,0,25,24,25,0,-1,-25,12.333333333333334,1,12.333333333333334,25,0
299,4,50,0,27,2,-23,2,625,0,25,23,25,0,-2,-25,25.840888888888887,2,25.840888888888887,25,0
300,144,0,300,12,37,12,-13,0,0,25,-12,-25,625,13,25,182.72,12,182.72,0,25
301,144,0,300,12,37,12,-13,0,0,25,-12,-25,625,13,25,182.7302222222222,12,182.7302222222222,0,25
302,324,450,450,43,43,-7,-7,625,625,50,7,0,625,7,0,1151.399111111111,18,526.3991111111111,25,25
303,1,12,0,13,1,-11,1,144,0,12,11,12,0,-1,-12,5.896,1,5.896,12,0
304,625,625,0,50,25,0,25,625,0,25,0,25,0,-25,-25,461.4413333333333,25,461.4413333333333,25,0
305,625,0,300,25,37,25,13,0,0,12,-25,-12,144,-13,12,300.0751111111111,25,300.0751111111111,0,12
306,441,0,273,21,34,21,8,0,0,13,-21,-13,169,-8,13,240.94622222222222,21,240.94622222222222,0,13
307,1,0,25,1,26,1,-24,0,0,25,-1,-25,625,24,25,12.444444444444445,1,12.444444444444445,0,25
308,121,0,275,11,36,11,-14,0,0,25,-11,-25,625,14,25,165.03266666666667,11,165.03266666666667,0,25
309,625,0,625,25,50,25,0,0,0,25,-25,-25,625,0,25,463.7577777777778,25,463.7577777777778,0,25
310,625,0,275,25,36,25,14,0,0,11,-25,-11,121,-14,11,287.4182222222222,25,287.4182222222222,0,11
311,625,0,0,25,25,25,25,0,0,0,-25,0,0,-25,0,149.85288888888888,25,149.85288888888888,0,0
312,625,0,0,25,25,25,25,0,0,0,-25,0,0,-25,0,150.05733333333333,25,150.05733333333333,0,0
313,169,0,0,13,13,13,13,0,0,0,-13,0,0,-13,0,38.924,13,38.924,0,0
314,1,25,0,26,1,-24,1,625,0,25,24,25,0,-1,-25,12.5,1,12.5,25,0
315,4,0,0,2,2,2,2,0,0,0,-2,0,0,-2,0,0.5115555555555555,2,0.5115555555555555,0,0
316,1,25,0,26,1,-24,1,625,0,25,24,25,0,-1,-25,12.655555555555555,1,12.655555555555555,25,0
317,169,0,0,13,13,13,13,0,0,0,-13,0,0,-13,0,39.09377777777778,13,39.09377777777778,0,0
318,1,0,25,1,26,1,-24,0,0,25,-1,-25,625,24,25,12.633333333333333,1,12.633333333333333,0,25
319,1,0,0,1,1,1,1,0,0,0,-1,0,0,-1,0,0.0,1,0.0,0,0
320,144,0,300,12,37,12,-13,0,0,25,-12,-25,625,13,25,182.60755555555556,12,182.60755555555556,0,25
321,121,0,275,11,36,11,-14,0,0,25,-11,-25,625,14,25,164.42666666666668,11,164.42666666666668,0,25
322,625,625,275,50,36,0,14,625,275,36,0,14,121,-14,-14,875.0337777777778,25,600.0337777777778,25,11
323,1,25,12,26,13,-24,-11,625,300,37,24,13,144,11,-13,318.4393333333333,1,18.43933333333331,25,12
324,625,0,0,25,25,25,25,0,0,0,-25,0,0,-25,0,150.05377777777778,25,150.05377777777778,0,0
325,144,0,300,12,37,12,-13,0,0,25,-12,-25,625,13,25,182.58,12,182.58,0,25
326,144,0,300,12,37,12,-13,0,0,25,-12,-25,625,13,25,183.83377777777778,12,183.83377777777778,0,25
327,625,0,275,25,36,25,14,0,0,11,-25,-11,121,-14,11,286.9231111111111,25,286.9231111111111,0,11
328,1,0,0,1,1,1,1,0,0,0,-1,0,0,-1,0,0.0,1,0.0,0,0
329,625,0,0,25,25,25,25,0,0,0,-25,0,0,-25,0,149.93777777777777,25,149.93777777777777,0,0
330,625,625,275,50,36,0,14,625,275,36,0,14,121,-14,-14,874.9333333333333,25,599.9333333333333,25,11
331,289,425,289,42,34,-8,0,625,425,42,8,8,289,0,-8,849.8826666666666,17,424.88266666666664,25,17
332,144,300,300,37,37,-13,-13,625,625,50,13,0,625,13,0,957.994,12,332.994,25,25
333,144,300,300,37,37,-13,-13,625,625,50,13,0,625,13,0,958.0062222222223,12,333.0062222222223,25,25
334,144,300,300,37,37,-13,-13,625,625,50,13,0,625,13,0,958.0786666666667,12,333.07866666666666,25,25
335,625,0,625,25,50,25,0,0,0,25,-25,-25,625,0,25,463.60333333333335,25,463.60333333333335,0,25
336,1,25,0,26,1,-24,1,625,0,25,24,25,0,-1,-25,12.46111111111111,1,12.46111111111111,25,0
337,4,50,0,27,2,-23,2,625,0,25,23,25,0,-2,-25,25.19911111111111,2,25.19911111111111,25,0
338,1,12,0,13,1,-11,1,144,0,12,11,12,0,-1,-12,5.936,1,5.936,12,0
339,49,133,0,26,7,-12,7,361,0,19,12,19,0,-7,-19,76.544,7,76.544,19,0
340,1,0,25,1,26,1,-24,0,0,25,-1,-25,625,24,25,12.71111111111111,1,12.71111111111111,0,25
341,625,0,625,25,50,25,0,0,0,25,-25,-25,625,0,25,461.6502222222222,25,461.6502222222222,0,25
342,625,0,0,25,25,25,25,0,0,0,-25,0,0,-25,0,150.268,25,150.268,0,0
343,196,56,308,18,36,10,-8,16,88,26,-10,-18,484,8,18,314.56822222222223,14,226.56822222222223,4,22
344,225,0,285,15,34,15,-4,0,0,19,-15,-19,361,4,19,194.862,15,194.862,0,19
345,144,300,300,37,37,-13,-13,625,625,50,13,0,625,13,0,958.0591111111111,12,333.05911111111106,25,25
346,1,25,0,26,1,-24,1,625,0,25,24,25,0,-1,-25,12.333333333333334,1,12.333333333333334,25,0
347,4,50,0,27,2,-23,2,625,0,25,23,25,0,-2,-25,25.840888888888887,2,25.840888888888887,25,0
348,144,0,300,12,37,12,-13,0,0,25,-12,-25,625,13,25,182.72,12,182.72,0,25
349,144,0,300,12,37,12,-13,0,0,25,-12,-25,625,13,25,182.7302222222222,12,182.7302222222222,0,25
350,324,450,450,43,43,-7,-7,625,625,50,7,0,625,7,0,1151.399111111111,18,526.3991111111111,25,25
351,1,12,0,13,1,-11,1,144,0,12,11,12,0,-1,-12,5.896,1,5.896,12,0
352,625,625,0,50,25,0,25,625,0,25,0,25,0,-25,-25,461.4413333333333,25,461.4413333333333,25,0
353,625,0,300,25,37,25,13,0,0,12,-25,-12,144,-13,12,300.0751111111111,25,300.0751111111111,0,12
354,441,0,273,21,34,21,8,0,0,13,-21,-13,169,-8,13,240.94622222222222,21,240.94622222222222,0,13
355,1,0,25,1,26,1,-24,0,0,25,-1,-25,625,24,25,12.444444444444445,1,12.444444444444445,0,25
356,121,0,275,11,36,11,-14,0,0,25,-11,-25,625,14,25,165.03266666666667,11,165.03266666666667,0,25
357,625,0,625,25,50,25,0,0,0,25,-25,-25,625,0,25,463.7577777777778,25,463.7577777777778,0,25
358,625,0,275,25,36,25,14,0,0,11,-25,-11,121,-14,11,287.4182222222222,25,287.4182222222222,0,11
359,625,0,0,25,25,25,25,0,0,0,-25,0,0,-25,0,149.85288888888888,25,149.85288888888888,0,0
360,625,0,0,25,25,25,25,0,0,0,-25,0,0,-25,0,150.05733333333333,25,150.05733333333333,0,0
361,169,0,0,13,13,13,13,0,0,0,-13,0,0,-13,0,38.924,13,38.924,0,0
362,1,25,0,26,1,-24,1,625,0,25,24,25,0,-1,-25,12.5,1,12.5,25,0
363,4,0,0,2,2,2,2,0,0,0,-2,0,0,-2,0,0.5115555555555555,2,0.5115555555555555,0,0
364,1,25,0,26,1,-24,1,625,0,25,24,25,0,-1,-25,12.655555555555555,1,12.655555555555555,25,0
365,169,0,0,13,13,13,13,0,0,0,-13,0,0,-13,0,39.09377777777778,13,39.09377777777778,0,0
366,1,0,25,1,26,1,-24,0,0,25,-1,-25,625,24,25,12.633333333333333,1,12.633333333333333,0,25
367,1,0,0,1,1,1,1,0,0,0,-1,0,0,-1,0,0.0,1,0.0,0,0
368,144,0,300,12,37,12,-13,0,0,25,-12,-25,625,13,25,182.60755555555556,12,182.60755555555556,0,25
369,121,0,275,11,36,11,-14,0,0,25,-11,-25,625,14,25,164.42666666666668,11,164.42666666666668,0,25
370,625,625,275,50,36,0,14,625,275,36,0,14,121,-14,-14,875.0337777777778,25,600.0337777777778,25,11
371,1,25,12,26,13,-24,-11,625,300,37,24,13,144,11,-13,318.4393333333333,1,18.43933333333331,25,12
372,625,0,0,25,25,25,25,0,0,0,-25,0,0,-25,0,150.05377777777778,25,150.05377777777778,0,0
373,144,0,300,12,37,12,-13,0,0,25,-12,-25,625,13,25,182.58,12,182.58,0,25
374,144,0,300,12,37,12,-13,0,0,25,-12,-25,625,13,25,183.83377777777778,12,183.83377777777778,0,25
375,625,0,275,25,36,25,14,0,0,11,-25,-11,121,-14,11,286.9231111111111,25,286.9231111111111,0,11
376,1,0,0,1,1,1,1,0,0,0,-1,0,0,-1,0,0.0,1,0.0,0,0
377,625,0,0,25,25,25,25,0,0,0,-25,0,0,-25,0,149.93777777777777,25,149.93777777777777,0,0
378,625,625,275,50,36,0,14,625,275,36,0,14,121,-14,-14,874.9333333333333,25,599.9333333333333,25,11
379,289,425,289,42,34,-8,0,625,425,42,8,8,289,0,-8,849.8826666666666,17,424.88266666666664,25,17
380,144,300,300,37,37,-13,-13,625,625,50,13,0,625,13,0,957.994,12,332.994,25,25
381,144,300,300,37,37,-13,-13,625,625,50,13,0,625,13,0,958.0062222222223,12,333.0062222222223,25,25
382,144,300,300,37,37,-13,-13,625,625,50,13,0,625,13,0,958.0786666666667,12,333.07866666666666,25,25
383,625,0,625,25,50,25,0,0,0,25,-25,-25,625,0,25,463.60333333333335,25,463.60333333333335,0,25
384,1,25,0,26,1,-24,1,625,0,25,24,25,0,-1,-25,12.46111111111111,1,12.46111111111111,25,0
385,4,50,0,27,2,-23,2,625,0,25,23,25,0,-2,-25,25.19911111111111,2,25.19911111111111,25,0
386,1,12,0,13,1,-11,1,144,0,12,11,12,0,-1,-12,5.936,1,5.936,12,0
387,49,133,0,26,7,-12,7,361,0,19,12,19,0,-7,-19,76.544,7,76.544,19,0
388,1,0,25,1,26,1,-24,0,0,25,-1,-25,625,24,25,12.71111111111111,1,12.71111111111111,0,25
389,625,0,625,25,50,25,0,0,0,25,-25,-25,625,0,25,461.6502222222222,25,461.6502222222222,0,25
390,625,0,0,25,25,25,25,0,0,0,-25,0,0,-25,0,150.268,25,150.268,0,0
391,196,56,308,18,36,10,-8,16,88,26,-10,-18,484,8,18,314.56822222222223,14,226.56822222222223,4,22
392,225,0,285,15,34,15,-4,0,0,19,-15,-19,361,4,19,194.862,15,194.862,0,19
393,144,300,300,37,37,-13,-13,625,625,50,13,0,625,13,0,958.0591111111111,12,333.05911111111106,25,25
394,1,25,0,26,1,-24,1,625,0,25,24,25,0,-1,-25,12.333333333333334,1,12.333333333333334,25,0
395,4,50,0,27,2,-23,2,625,0,25,23,25,0,-2,-25,25.840888888888887,2,25.840888888888887,25,0
396,144,0,300,12,37,12,-13,0,0,25,-12,-25,625,13,25,182.72,12,182.72,0,25
397,144,0,300,12,37,12,-13,0,0,25,-12,-25,625,13,25,182.7302222222222,12,182.7302222222222,0,25
398,324,450,450,43,43,-7,-7,625,625,50,7,0,625,7,0,1151.399111111111,18,526.3991111111111,25,25
399,1,12,0,13,1,-11,1,144,0,12,11,12,0,-1,-12,5.896,1,5.896,12,0
400,625,625,0,50,25,0,25,625,0,25,0,25,0,-25,-25,461.4413333333333,25,461.4413333333333,25,0
401,625,0,300,25,37,25,13,0,0,12,-25,-12,144,-13,12,300.0751111111111,25,300.0751111111111,0,12
402,441,0,273,21,34,21,8,0,0,13,-21,-13,169,-8,13,240.94622222222222,21,240.94622222222222,0,13
403,1,0,25,1,26,1,-24,0,0,25,-1,-25,625,24,25,12.444444444444445,1,12.444444444444445,0,25
404,121,0,275,11,36,11,-14,0,0,25,-11,-25,625,14,25,165.03266666666667,11,165.03266666666667,0,25
405,625,0,625,25,50,25,0,0,0,25,-25,-25,625,0,25,463.7577777777778,25,463.7577777777778,0,25
406,625,0,275,25,36,25,14,0,0,11,-25,-11,121,-14,11,287.4182222222222,25,287.4182222222222,0,11
407,625,0,0,25,25,25,25,0,0,0,-25,0,0,-25,0,149.85288888888888,25,149.85288888888888,0,0
408,625,0,0,25,25,25,25,0,0,0,-25,0,0,-25,0,150.05733333333333,25,150.05733333333333,0,0
409,169,0,0,13,13,13,13,0,0,0,-13,0,0,-13,0,38.924,13,38.924,0,0
410,1,25,0,26,1,-24,1,625,0,25,24,25,0,-1,-25,12.5,1,12.5,25,0
411,4,0,0,2,2,2,2,0,0,0,-2,0,0,-2,0,0.5115555555555555,2,0.5115555555555555,0,0
412,1,25,0,26,1,-24,1,625,0,25,24,25,0,-1,-25,12.655555555555555,1,12.655555555555555,25,0
413,169,0,0,13,13,13,13,0,0,0,-13,0,0,-13,0,39.09377777777778,13,39.09377777777778,0,0
414,1,0,25,1,26,1,-24,0,0,25,-1,-25,625,24,25,12.633333333333333,1,12.633333333333333,0,25
415,1,0,0,1,1,1,1,0,0,0,-1,0,0,-1,0,0.0,1,0.0,0,0
416,144,0,300,12,37,12,-13,0,0,25,-12,-25,625,13,25,182.60755555555556,12,182.60755555555556,0,25
417,121,0,275,11,36,11,-14,0,0,25,-11,-25,625,14,25,164.42666666666668,11,164.42666666666668,0,25
418,625,625,275,50,36,0,14,625,275,36,0,14,121,-14,-14,875.0337777777778,25,600.0337777777778,25,11
419,1,25,12,26,13,-24,-11,625,300,37,24,13,144,11,-13,318.4393333333333,1,18.43933333333331,25,12
420,625,0,0,25,25,25,25,0,0,0,-25,0,0,-25,0,150.05377777777778,25,150.05377777777778,0,0
421,144,0,300,12,37,12,-13,0,0,25,-12,-25,625,13,25,182.58,12,182.58,0,25
422,144,0,300,12,37,12,-13,0,0,25,-12,-25,625,13,25,183.83377777777778,12,183.83377777777778,0,25
423,625,0,275,25,36,25,14,0,0,11,-25,-11,121,-14,11,286.9231111111111,25,286.9231111111111,0,11
424,1,0,0,1,1,1,1,0,0,0,-1,0,0,-1,0,0.0,1,0.0,0,0
425,625,0,0,25,25,25,25,0,0,0,-25,0,0,-25,0,149.93777777777777,25,149.93777777777777,0,0
426,625,625,275,50,36,0,14,625,275,36,0,14,121,-14,-14,874.9333333333333,25,599.9333333333333,25,11
427,289,425,289,42,34,-8,0,625,425,42,8,8,289,0,-8,849.8826666666666,17,424.88266666666664,25,17
428,144,300,300,37,37,-13,-13,625,625,50,13,0,625,13,0,957.994,12,332.994,25,25
429,144,300,300,37,37,-13,-13,625,625,50,13,0,625,13,0,958.0062222222223,12,333.0062222222223,25,25
430,144,300,300,37,37,-13,-13,625,625,50,13,0,625,13,0,958.0786666666667,12,333.07866666666666,25,25
431,625,0,625,25,50,25,0,0,0,25,-25,-25,625,0,25,463.60333333333335,25,463.60333333333335,0,25
432,1,25,0,26,1,-24,1,625,0,25,24,25,0,-1,-25,12.46111111111111,1,12.46111111111111,25,0
433,4,50,0,27,2,-23,2,625,0,25,23,25,0,-2,-25,25.19911111111111,2,25.19911111111111,25,0
434,1,12,0,13,1,-11,1,144,0,12,11,12,0,-1,-12,5.936,1,5.936,12,0
435,49,133,0,26,7,-12,7,361,0,19,12,19,0,-7,-19,76.544,7,76.544,19,0
436,1,0,25,1,26,1,-24,0,0,25,-1,-25,625,24,25,12.71111111111111,1,12.71111111111111,0,25
437,625,0,625,25,50,25,0,0,0,25,-25,-25,625,0,25,461.6502222222222,25,461.6502222222222,0,25
438,625,0,0,25,25,25,25,0,0,0,-25,0,0,-25,0,150.268,25,150.268,0,0
439,196,56,308,18,36,10,-8,16,88,26,-10,-18,484,8,18,314.56822222222223,14,226.56822222222223,4,22
440,225,0,285,15,34,15,-4,0,0,19,-15,-19,361,4,19,194.862,15,194.862,0,19
441,144,300,300,37,37,-13,-13,625,625,50,13,0,625,13,0,958.0591111111111,12,333.05911111111106,25,25
442,1,25,0,26,1,-24,1,625,0,25,24,25,0,-1,-25,12.333333333333334,1,12.333333333333334,25,0
443,4,50,0,27,2,-23,2,625,0,25,23,25,0,-2,-25,25.840888888888887,2,25.840888888888887,25,0
444,144,0,300,12,37,12,-13,0,0,25,-12,-25,625,13,25,182.72,12,182.72,0,25
445,144,0,300,12,37,12,-13,0,0,25,-12,-25,625,13,25,182.7302222222222,12,182.7302222222222,0,25
446,324,450,450,43,43,-7,-7,625,625,50,7,0,625,7,0,1151.399111111111,18,526.3991111111111,25,25
447,1,12,0,13,1,-11,1,144,0,12,11,12,0,-1,-12,5.896,1,5.896,12,0
448,625,625,0,50,25,0,25,625,0,25,0,25,0,-25,-25,461.4413333333333,25,461.4413333333333,25,0
449,625,0,300,25,37,25,13,0,0,12,-25,-12,144,-13,12,300.0751111111111,25,300.0751111111111,0,12
450,441,0,273,21,34,21,8,0,0,13,-21,-13,169,-8,13,240.94622222222222,21,240.94622222222222,0,13
451,1,0,25,1,26,1,-24,0,0,25,-1,-25,625,24,25,12.444444444444445,1,12.444444444444445,0,25
452,121,0,275,11,36,11,-14,0,0,25,-11,-25,625,14,25,165.03266666666667,11,165.03266666666667,0,25
453,625,0,625,25,50,25,0,0,0,25,-25,-25,625,0,25,463.7577777777778,25,463.7577777777778,0,25
454,625,0,275,25,36,25,14,0,0,11,-25,-11,121,-14,11,287.4182222222222,25,287.4182222222222,0,11
455,625,0,0,25,25,25,25,0,0,0,-25,0,0,-25,0,149.85288888888888,25,149.85288888888888,0,0
456,625,0,0,25,25,25,25,0,0,0,-25,0,0,-25,0,150.05733333333333,25,150.05733333333333,0,0
457,169,0,0,13,13,13,13,0,0,0,-13,0,0,-13,0,38.924,13,38.924,0,0
458,1,25,0,26,1,-24,1,625,0,25,24,25,0,-1,-25,12.5,1,12.5,25,0
459,4,0,0,2,2,2,2,0,0,0,-2,0,0,-2,0,0.5115555555555555,2,0.5115555555555555,0,0
460,1,25,0,26,1,-24,1,625,0,25,24,25,0,-1,-25,12.655555555555555,1,12.655555555555555,25,0
461,169,0,0,13,13,13,13,0,0,0,-13,0,0,-13,0,39.09377777777778,13,39.09377777777778,0,0
462,1,0,25,1,26,1,-24,0,0,25,-1,-25,625,24,25,12.633333333333333,1,12.633333333333333,0,25
463,1,0,0,1,1,1,1,0,0,0,-1,0,0,-1,0,0.0,1,0.0,0,0
464,144,0,300,12,37,12,-13,0,0,25,-12,-25,625,13,25,182.60755555555556,12,182.60755555555556,0,25
465,121,0,275,11,36,11,-14,0,0,25,-11,-25,625,14,25,164.42666666666668,11,164.42666666666668,0,25
466,625,625,275,50,36,0,14,625,275,36,0,14,121,-14,-14,875.0337777777778,25,600.0337777777778,25,11
467,1,25,12,26,13,-24,-11,625,300,37,24,13,144,11,-13,318.4393333333333,1,18.43933333333331,25,12
468,625,0,0,25,25,25,25,0,0,0,-25,0,0,-25,0,150.05377777777778,25,150.05377777777778,0,0
469,144,0,300,12,37,12,-13,0,0,25,-12,-25,625,13,25,182.58,12,182.58,0,25
470,144,0,300,12,37,12,-13,0,0,25,-12,-25,625,13,25,183.83377777777778,12,183.83377777777778,0,25
471,625,0,275,25,36,25,14,0,0,11,-25,-11,121,-14,11,286.9231111111111,25,286.9231111111111,0,11
472,1,0,0,1,1,1,1,0,0,0,-1,0,0,-1,0,0.0,1,0.0,0,0
473,625,0,0,25,25,25,25,0,0,0,-25,0,0,-25,0,149.93777777777777,25,149.93777777777777,0,0
474,625,625,275,50,36,0,14,625,275,36,0,14,121,-14,-14,874.9333333333333,25,599.9333333333333,25,11
475,289,425,289,42,34,-8,0,625,425,42,8,8,289,0,-8,849.8826666666666,17,424.88266666666664,25,17
476,144,300,300,37,37,-13,-13,625,625,50,13,0,625,13,0,957.994,12,332.994,25,25
477,144,300,300,37,37,-13,-13,625,625,50,13,0,625,13,0,958.0062222222223,12,333.0062222222223,25,25
478,144,300,300,37,37,-13,-13,625,625,50,13,0,625,13,0,958.0786666666667,12,333.07866666666666,25,25
479,625,0,625,25,50,25,0,0,0,25,-25,-25,625,0,25,463.60333333333335,25,463.60333333333335,0,25
480,1,25,0,26,1,-24,1,625,0,25,24,25,0,-1,-25,12.46111111111111,1,12.46111111111111,25,0
481,4,50,0,27,2,-23,2,625,0,25,23,25,0,-2,-25,25.19911111111111,2,25.19911111111111,25,0
482,1,12,0,13,1,-11,1,144,0,12,11,12,0,-1,-12,5.936,1,5.936,12,0
483,49,133,0,26,7,-12,7,361,0,19,12,19,0,-7,-19,76.544,7,76.544,19,0
484,1,0,25,1,26,1,-24,0,0,25,-1,-25,625,24,25,12.71111111111111,1,12.71111111111111,0,25
485,625,0,625,25,50,25,0,0,0,25,-25,-25,625,0,25,461.6502222222222,25,461.6502222222222,0,25
486,625,0,0,25,25,25,25,0,0,0,-25,0,0,-25,0,150.268,25,150.268,0,0
487,196,56,308,18,36,10,-8,16,88,26,-10,-18,484,8,18,314.56822222222223,14,226.56822222222223,4,22
488,225,0,285,15,34,15,-4,0,0,19,-15,-19,361,4,19,194.862,15,194.862,0,19
489,144,300,300,37,37,-13,-13,625,625,50,13,0,625,13,0,958.0591111111111,12,333.05911111111106,25,25
490,1,25,0,26,1,-24,1,625,0,25,24,25,0,-1,-25,12.333333333333334,1,12.333333333333334,25,0
491,4,50,0,27,2,-23,2,625,0,25,23,25,0,-2,-25,25.840888888888887,2,25.840888888888887,25,0
492,144,0,300,12,37,12,-13,0,0,25,-12,-25,625,13,25,182.72,12,182.72,0,25
493,144,0,300,12,37,12,-13,0,0,25,-12,-25,625,13,25,182.7302222222222,12,182.7302222222222,0,25
494,324,450,450,43,43,-7,-7,625,625,50,7,0,625,7,0,1151.399111111111,18,526.3991111111111,25,25
495,1,12,0,13,1,-11,1,144,0,12,11,12,0,-1,-12,5.896,1,5.896,12,0
496,625,625,0,50,25,0,25,625,0,25,0,25,0,-25,-25,461.4413333333333,25,461.4413333333333,25,0
497,625,0,300,25,37,25,13,0,0,12,-25,-12,144,-13,12,300.0751111111111,25,300.0751111111111,0,12
498,441,0,273,21,34,21,8,0,0,13,-21,-13,169,-8,13,240.94622222222222,21,240.94622222222222,0,13
499,1,0,25,1,26,1,-24,0,0,25,-1,-25,625,24,25,12.444444444444445,1,12.444444444444445,0,25
500,121,0,275,11,36,11,-14,0,0,25,-11,-25,625,14,25,165.03266666666667,11,165.03266666666667,0,25
501,625,0,625,25,50,25,0,0,0,25,-25,-25,625,0,25,463.7577777777778,25,463.7577777777778,0,25
502,625,0,275,25,36,25,14,0,0,11,-25,-11,121,-14,11,287.4182222222222,25,287.4182222222222,0,11
503,625,0,0,25,25,25,25,0,0,0,-25,0,0,-25,0,149.85288888888888,25,149.85288888888888,0,0
504,625,0,0,25,25,25,25,0,0,0,-25,0,0,-25,0,150.05733333333333,25,150.05733333333333,0,0
505,169,0,0,13,13,13,13,0,0,0,-13,0,0,-13,0,38.924,13,38.924,0,0
506,1,25,0,26,1,-24,1,625,0,25,24,25,0,-1,-25,12.5,1,12.5,25,0
507,4,0,0,2,2,2,2,0,0,0,-2,0,0,-2,0,0.5115555555555555,2,0.5115555555555555,0,0
508,1,25,0,26,1,-24,1,625,0,25,24,25,0,-1,-25,12.655555555555555,1,12.655555555555555,25,0
509,169,0,0,13,13,13,13,0,0,0,-13,0,0,-13,0,39.09377777777778,13,39.09377777777778,0,0
510,1,0,25,1,26,1,-24,0,0,25,-1,-25,625,24,25,12.633333333333333,1,12.633333333333333,0,25
511,1,0,0,1,1,1,1,0,0,0,-1,0,0,-1,0,0.0,1,0.0,0,0
512,144,0,300,12,37,12,-13,0,0,25,-12,-25,625,13,25,182.60755555555556,12,182.60755555555556,0,25
513,121,0,275,11,36,11,-14,0,0,25,-11,-25,625,14,25,164.42666666666668,11,164.42666666666668,0,25
514,625,625,275,50,36,0,14,625,275,36,0,14,121,-14,-14,875.0337777777778,25,600.0337777777778,25,11
515,1,25,12,26,13,-24,-11,625,300,37,24,13,144,11,-13,318.4393333333333,1,18.43933333333331,25,12
516,625,0,0,25,25,25,25,0,0,0,-25,0,0,-25,0,150.05377777777778,25,150.05377777777778,0,0
517,144,0,300,12,37,12,-13,0,0,25,-12,-25,625,13,25,182.58,12,182.58,0,25
518,144,0,300,12,37,12,-13,0,0,25,-12,-25,625,13,25,183.83377777777778,12,183.83377777777778,0,25
519,625,0,275,25,36,25,14,0,0,11,-25,-11,121,-14,11,286.9231111111111,25,286.9231111111111,0,11
520,1,0,0,1,1,1,1,0,0,0,-1,0,0,-1,0,0.0,1,0.0,0,0
521,625,0,0,25,25,25,25,0,0,0,-25,0,0,-25,0,149.93777777777777,25,149.93777777777777,0,0
522,625,625,275,50,36,0,14,625,275,36,0,14,121,-14,-14,874.9333333333333,25,599.9333333333333,25,11
523,289,425,289,42,34,-8,0,625,425,42,8,8,289,0,-8,849.8826666666666,17,424.88266666666664,25,17
524,144,300,300,37,37,-13,-13,625,625,50,13,0,625,13,0,957.994,12,332.994,25,25
525,144,300,300,37,37,-13,-13,625,625,50,13,0,625,13,0,958.0062222222223,12,333.0062222222223,25,25
526,144,300,300,37,37,-13,-13,625,625,50,13,0,625,13,0,958.0786666666667,12,333.07866666666666,25,25
527,625,0,625,25,50,25,0,0,0,25,-25,-25,625,0,25,463.60333333333335,25,463.60333333333335,0,25
528,1,25,0,26,1,-24,1,625,0,25,24,25,0,-1,-25,12.46111111111111,1,12.46111111111111,25,0
529,4,50,0,27,2,-23,2,625,0,25,23,25,0,-2,-25,25.19911111111111,2,25.19911111111111,25,0
530,1,12,0,13,1,-11,1,144,0,12,11,12,0,-1,-12,5.936,1,5.936,12,0
531,49,133,0,26,7,-12,7,361,0,19,12,19,0,-7,-19,76.544,7,76.544,19,0
532,1,0,25,1,26,1,-24,0,0,25,-1,-25,625,24,25,12.71111111111111,1,12.71111111111111,0,25
533,625,0,625,25,50,25,0,0,0,25,-25,-25,625,0,25,461.6502222222222,25,461.6502222222222,0,25
534,625,0,0,25,25,25,25,0,0,0,-25,0,0,-25,0,150.268,25,150.268,0,0
535,196,56,308,18,36,10,-8,16,88,26,-10,-18,484,8,18,314.56822222222223,14,226.56822222222223,4,22
536,225,0,285,15,34,15,-4,0,0,19,-15,-19,361,4,19,194.862,15,194.862,0,19
537,144,300,300,37,37,-13,-13,625,625,50,13,0,625,13,0,958.0591111111111,12,333.05911111111106,25,25
538,1,25,0,26,1,-24,1,625,0,25,24,25,0,-1,-25,12.333333333333334,1,12.333333333333334,25,0
539,4,50,0,27,2,-23,2,625,0,25,23,25,0,-2,-25,25.840888888888887,2,25.840888888888887,25,0
540,144,0,300,12,37,12,-13,0,0,25,-12,-25,625,13,25,182.72,12,182.72,0,25
541,144,0,300,12,37,12,-13,0,0,25,-12,-25,625,13,25,182.7302222222222,12,182.7302222222222,0,25
542,324,450,450,43,43,-7,-7,625,625,50,7,0,625,7,0,1151.399111111111,18,526.3991111111111,25,25
543,1,12,0,13,1,-11,1,144,0,12,11,12,0,-1,-12,5.896,1,5.896,12,0
544,625,625,0,50,25,0,25,625,0,25,0,25,0,-25,-25,461.4413333333333,25,461.4413333333333,25,0
545,625,0,300,25,37,25,13,0,0,12,-25,-12,144,-13,12,300.0751111111111,25,300.0751111111111,0,12
546,441,0,273,21,34,21,8,0,0,13,-21,-13,169,-8,13,240.94622222222222,21,240.94622222222222,0,13
547,1,0,25,1,26,1,-24,0,0,25,-1,-25,625,24,25,12.444444444444445,1,12.444444444444445,0,25
548,121,0,275,11,36,11,-14,0,0,25,-11,-25,625,14,25,165.03266666666667,11,165.03266666666667,0,25
549,625,0,625,25,50,25,0,0,0,25,-25,-25,625,0,25,463.7577777777778,25,463.7577777777778,0,25
550,625,0,275,25,36,25,14,0,0,11,-25,-11,121,-14,11,287.4182222222222,25,287.4182222222222,0,11
551,625,0,0,25,25,25,25,0,0,0,-25,0,0,-25,0,149.85288888888888,25,149.85288888888888,0,0
552,625,0,0,25,25,25,25,0,0,0,-25,0,0,-25,0,150.05733333333333,25,150.05733333333333,0,0
553,169,0,0,13,13,13,13,0,0,0,-13,0,0,-13,0,38.924,13,38.924,0,0
554,1,25,0,26,1,-24,1,625,0,25,24,25,0,-1,-25,12.5,1,12.5,25,0
555,4,0,0,2,2,2,2,0,0,0,-2,0,0,-2,0,0.5115555555555555,2,0.5115555555555555,0,0
556,1,25,0,26,1,-24,1,625,0,25,24,25,0,-1,-25,12.655555555555555,1,12.655555555555555,25,0
557,169,0,0,13,13,13,13,0,0,0,-13,0,0,-13,0,39.09377777777778,13,39.09377777777778,0,0
558,1,0,25,1,26,1,-24,0,0,25,-1,-25,625,24,25,12.633333333333333,1,12.633333333333333,0,25
559,1,0,0,1,1,1,1,0,0,0,-1,0,0,-1,0,0.0,1,0.0,0,0
560,144,0,300,12,37,12,-13,0,0,25,-12,-25,625,13,25,182.60755555555556,12,182.60755555555556,0,25
561,121,0,275,11,36,11,-14,0,0,25,-11,-25,625,14,25,164.42666666666668,11,164.42666666666668,0,25
562,625,625,275,50,36,0,14,625,275,36,0,14,121,-14,-14,875.0337777777778,25,600.0337777777778,25,11
563,1,25,12,26,13,-24,-11,625,300,37,24,13,144,11,-13,318.4393333333333,1,18.43933333333331,25,12
564,625,0,0,25,25,25,25,0,0,0,-25,0,0,-25,0,150.05377777777778,25,150.05377777777778,0,0
565,144,0,300,12,37,12,-13,0,0,25,-12,-25,625,13,25,182.58,12,182.58,0,25
566,144,0,300,12,37,12,-13,0,0,25,-12,-25,625,13,25,183.83377777777778,12,183.83377777777778,0,25
567,625,0,275,25,36,25,14,0,0,11,-25,-11,121,-14,11,286.9231111111111,25,286.9231111111111,0,11
568,1,0,0,1,1,1,1,0,0,0,-1,0,0,-1,0,0.0,1,0.0,0,0
569,625,0,0,25,25,25,25,0,0,0,-25,0,0,-25,0,149.93777777777777,25,149.93777777777777,0,0
570,625,625,275,50,36,0,14,625,275,36,0,14,121,-14,-14,874.9333333333333,25,599.9333333333333,25,11
571,289,425,289,42,34,-8,0,625,425,42,8,8,289,0,-8,849.8826666666666,17,424.88266666666664,25,17
572,144,300,300,37,37,-13,-13,625,625,50,13,0,625,13,0,957.994,12,332.994,25,25
573,144,300,300,37,37,-13,-13,625,625,50,13,0,625,13,0,958.0062222222223,12,333.0062222222223,25,25
574,144,300,300,37,37,-13,-13,625,625,50,13,0,625,13,0,958.0786666666667,12,333.07866666666666,25,25
575,625,0,625,25,50,25,0,0,0,25,-25,-25,625,0,25,463.60333333333335,25,463.60333333333335,0,25
576,1,25,0,26,1,-24,1,625,0,25,24,25,0,-1,-25,12.46111111111111,1,12.46111111111111,25,0
577,4,50,0,27,2,-23,2,625,0,25,23,25,0,-2,-25,25.19911111111111,2,25.19911111111111,25,0
578,1,12,0,13,1,-11,1,144,0,12,11,12,0,-1,-12,5.936,1,5.936,12,0
579,49,133,0,26,7,-12,7,361,0,19,12,19,0,-7,-19,76.544,7,76.544,19,0
580,1,0,25,1,26,1,-24,0,0,25,-1,-25,625,24,25,12.71111111111111,1,12.71111111111111,0,25
581,625,0,625,25,50,25,0,0,0,25,-25,-25,625,0,25,461.6502222222222,25,461.6502222222222,0,25
582,625,0,0,25,25,25,25,0,0,0,-25,0,0,-25,0,150.268,25,150.268,0,0
583,196,56,308,18,36,10,-8,16,88,26,-10,-18,484,8,18,314.56822222222223,14,226.56822222222223,4,22
584,225,0,285,15,34,15,-4,0,0,19,-15,-19,361,4,19,194.862,15,194.862,0,19
585,144,300,300,37,37,-13,-13,625,625,50,13,0,625,13,0,958.0591111111111,12,333.05911111111106,25,25
586,1,25,0,26,1,-24,1,625,0,25,24,25,0,-1,-25,12.333333333333334,1,12.333333333333334,25,0
587,4,50,0,27,2,-23,2,625,0,25,23,25,0,-2,-25,25.840888888888887,2,25.840888888888887,25,0
588,144,0,300,12,37,12,-13,0,0,25,-12,-25,625,13,25,182.72,12,182.72,0,25
589,144,0,300,12,37,12,-13,0,0,25,-12,-25,625,13,25,182.7302222222222,12,182.7302222222222,0,25
590,324,450,450,43,43,-7,-7,625,625,50,7,0,625,7,0,1151.399111111111,18,526.3991111111111,25,25
591,1,12,0,13,1,-11,1,144,0,12,11,12,0,-1,-12,5.896,1,5.896,12,0
592,625,625,0,50,25,0,25,625,0,25,0,25,0,-25,-25,461.4413333333333,25,461.4413333333333,25,0
593,625,0,300,25,37,25,13,0,0,12,-25,-12,144,-13,12,300.0751111111111,25,300.0751111111111,0,12
594,441,0,273,21,34,21,8,0,0,13,-21,-13,169,-8,13,240.94622222222222,21,240.94622222222222,0,13
595,1,0,25,1,26,1,-24,0,0,25,-1,-25,625,24,25,12.444444444444445,1,12.444444444444445,0,25
596,121,0,275,11,36,11,-14,0,0,25,-11,-25,625,14,25,165.03266666666667,11,165.03266666666667,0,25
597,625,0,625,25,50,25,0,0,0,25,-25,-25,625,0,25,463.7577777777778,25,463.7577777777778,0,25
598,625,0,275,25,36,25,14,0,0,11,-25,-11,121,-14,11,287.4182222222222,25,287.4182222222222,0,11
599,625,0,0,25,25,25,25,0,0,0,-25,0,0,-25,0,149.85288888888888,25,149.85288888888888,0,0
600,625,0,0,25,25,25,25,0,0,0,-25,0,0,-25,0,150.05733333333333,25,150.05733333333333,0,0
601,169,0,0,13,13,13,13,0,0,0,-13,0,0,-13,0,38.924,13,38.924,0,0
602,1,25,0,26,1,-24,1,625,0,25,24,25,0,-1,-25,12.5,1,12.5,25,0
603,4,0,0,2,2,2,2,0,0,0,-2,0,0,-2,0,0.5115555555555555,2,0.5115555555555555,0,0
604,1,25,0,26,1,-24,1,625,0,25,24,25,0,-1,-25,12.655555555555555,1,12.655555555555555,25,0
605,169,0,0,13,13,13,13,0,0,0,-13,0,0,-13,0,39.09377777777778,13,39.09377777777778,0,0
606,1,0,25,1,26,1,-24,0,0,25,-1,-25,625,24,25,12.633333333333333,1,12.633333333333333,0,25
607,1,0,0,1,1,1,1,0,0,0,-1,0,0,-1,0,0.0,1,0.0,0,0
608,144,0,300,12,37,12,-13,0,0,25,-12,-25,625,13,25,182.60755555555556,12,182.60755555555556,0,25
609,121,0,275,11,36,11,-14,0,0,25,-11,-25,625,14,25,164.42666666666668,11,164.42666666666668,0,25
610,625,625,275,50,36,0,14,625,275,36,0,14,121,-14,-14,875.0337777777778,25,600.0337777777778,25,11
611,1,25,12,26,13,-24,-11,625,300,37,24,13,144,11,-13,318.4393333333333,1,18.43933333333331,25,12
612,625,0,0,25,25,25,25,0,0,0,-25,0,0,-25,0,150.05377777777778,25,150.05377777777778,0,0
613,144,0,300,12,37,12,-13,0,0,25,-12,-25,625,13,25,182.58,12,182.58,0,25
614,144,0,300,12,37,12,-13,0,0,25,-12,-25,625,13,25,183.83377777777778,12,183.83377777777778,0,25
615,625,0,275,25,36,25,14,0,0,11,-25,-11,121,-14,11,286.9231111111111,25,286.9231111111111,0,11
616,1,0,0,1,1,1,1,0,0,0,-1,0,0,-1,0,0.0,1,0.0,0,0
617,625,0,0,25,25,25,25,0,0,0,-25,0,0,-25,0,149.93777777777777,25,149.93777777777777,0,0
618,625,625,275,50,36,0,14,625,275,36,0,14,121,-14,-14,874.9333333333333,25,599.9333333333333,25,11
619,289,425,289,42,34,-8,0,625,425,42,8,8,289,0,-8,849.8826666666666,17,424.88266666666664,25,17
620,144,300,300,37,37,-13,-13,625,625,50,13,0,625,13,0,957.994,12,332.994,25,25
621,144,300,300,37,37,-13,-13,625,625,50,13,0,625,13,0,958.0062222222223,12,333.0062222222223,25,25
622,144,300,300,37,37,-13,-13,625,625,50,13,0,625,13,0,958.0786666666667,12,333.07866666666666,25,25
623,625,0,625,25,50,25,0,0,0,25,-25,-25,625,0,25,463.60333333333335,25,463.60333333333335,0,25
624,1,25,0,26,1,-24,1,625,0,25,24,25,0,-1,-25,12.46111111111111,1,12.46111111111111,25,0
625,4,50,0,27,2,-23,2,625,0,25,23,25,0,-2,-25,25.19911111111111,2,25.19911111111111,25,0
626,1,12,0,13,1,-11,1,144,0,12,11,12,0,-1,-12,5.936,1,5.936,12,0
627,49,133,0,26,7,-12,7,361,0,19,12,19,0,-7,-19,76.544,7,76.544,19,0
628,1,0,25,1,26,1,-24,0,0,25,-1,-25,625,24,25,12.71111111111111,1,12.71111111111111,0,25
629,625,0,625,25,50,25,0,0,0,25,-25,-25,625,0,25,461.6502222222222,25,461.6502222222222,0,25
630,625,0,0,25,25,25,25,0,0,0,-25,0,0,-25,0,150.268,25,150.268,0,0
631,196,56,308,18,36,10,-8,16,88,26,-10,-18,484,8,18,314.56822222222223,14,226.56822222222223,4,22
632,225,0,285,15,34,15,-4,0,0,19,-15,-19,361,4,19,194.862,15,194.862,0,19
633,144,300,300,37,37,-13,-13,625,625,50,13,0,625,13,0,958.0591111111111,12,333.05911111111106,25,25
634,1,25,0,26,1,-24,1,625,0,25,24,25,0,-1,-25,12.333333333333334,1,12.333333333333334,25,0
635,4,50,0,27,2,-23,2,625,0,25,23,25,0,-2,-25,25.840888888888887,2,25.840888888888887,25,0
636,144,0,300,12,37,12,-13,0,0,25,-12,-25,625,13,25,182.72,12,182.72,0,25
637,144,0,300,12,37,12,-13,0,0,25,-12,-25,625,13,25,182.7302222222222,12,182.7302222222222,0,25
638,324,450,450,43,43,-7,-7,625,625,50,7,0,625,7,0,1151.399111111111,18,526.3991111111111,25,25
639,1,12,0,13,1,-11,1,144,0,12,11,12,0,-1,-12,5.896,1,5.896,12,0
640,625,625,0,50,25,0,25,625,0,25,0,25,0,-25,-25,461.4413333333333,25,461.4413333333333,25,0
641,625,0,300,25,37,25,13,0,0,12,-25,-12,144,-13,12,300.0751111111111,25,300.0751111111111,0,12
642,441,0,273,21,34,21,8,0,0,13,-21,-13,169,-8,13,240.94622222222222,21,240.94622222222222,0,13
643,1,0,25,1,26,1,-24,0,0,25,-1,-25,625,24,25,12.444444444444445,1,12.444444444444445,0,25
644,121,0,275,11,36,11,-14,0,0,25,-11,-25,625,14,25,165.03266666666667,11,165.03266666666667,0,25
645,625,0,625,25,50,25,0,0,0,25,-25,-25,625,0,25,463.7577777777778,25,463.7577777777778,0,25
646,625,0,275,25,36,25,14,0,0,11,-25,-11,121,-14,11,287.4182222222222,25,287.4182222222222,0,11
647,625,0,0,25,25,25,25,0,0,0,-25,0,0,-25,0,149.85288888888888,25,149.85288888888888,0,0
648,625,0,0,25,25,25,25,0,0,0,-25,0,0,-25,0,150.05733333333333,25,150.05733333333333,0,0
649,169,0,0,13,13,13,13,0,0,0,-13,0,0,-13,0,38.924,13,38.924,0,0
650,1,25,0,26,1,-24,1,625,0,25,24,25,0,-1,-25,12.5,1,12.5,25,0
651,4,0,0,2,2,2,2,0,0,0,-2,0,0,-2,0,0.5115555555555555,2,0.5115555555555555,0,0
652,1,25,0,26,1,-24,1,625,0,25,24,25,0,-1,-25,12.655555555555555,1,12.655555555555555,25,0
653,169,0,0,13,13,13,13,0,0,0,-13,0,0,-13,0,39.09377777777778,13,39.09377777777778,0,0
654,1,0,25,1,26,1,-24,0,0,25,-1,-25,625,24,25,12.633333333333333,1,12.633333333333333,0,25
655,1,0,0,1,1,1,1,0,0,0,-1,0,0,-1,0,0.0,1,0.0,0,0
656,144,0,300,12,37,12,-13,0,0,25,-12,-25,625,13,25,182.60755555555556,12,182.60755555555556,0,25
657,121,0,275,11,36,11,-14,0,0,25,-11,-25,625,14,25,164.42666666666668,11,164.42666666666668,0,25
658,625,625,275,50,36,0,14,625,275,36,0,14,121,-14,-14,875.0337777777778,25,600.0337777777778,25,11
659,1,25,12,26,13,-24,-11,625,300,37,24,13,144,11,-13,318.4393333333333,1,18.43933333333331,25,12
660,625,0,0,25,25,25,25,0,0,0,-25,0,0,-25,0,150.05377777777778,25,150.05377777777778,0,0
661,144,0,300,12,37,12,-13,0,0,25,-12,-25,625,13,25,182.58,12,182.58,0,25
662,144,0,300,12,37,12,-13,0,0,25,-12,-25,625,13,25,183.83377777777778,12,183.83377777777778,0,25
663,625,0,275,25,36,25,14,0,0,11,-25,-11,121,-14,11,286.9231111111111,25,286.9231111111111,0,11
664,1,0,0,1,1,1,1,0,0,0,-1,0,0,-1,0,0.0,1,0.0,0,0
665,625,0,0,25,25,25,25,0,0,0,-25,0,0,-25,0,149.93777777777777,25,149.93777777777777,0,0
666,625,625,275,50,36,0,14,625,275,36,0,14,121,-14,-14,874.9333333333333,25,599.9333333333333,25,11
667,289,425,289,42,34,-8,0,625,425,42,8,8,289,0,-8,849.8826666666666,17,424.88266666666664,25,17
668,144,300,300,37,37,-13,-13,625,625,50,13,0,625,13,0,957.994,12,332.994,25,25
669,144,300,300,37,37,-13,-13,625,625,50,13,0,625,13,0,958.0062222222223,12,333.0062222222223,25,25
670,144,300,300,37,37,-13,-13,625,625,50,13,0,625,13,0,958.0786666666667,12,333.07866666666666,25,25
671,625,0,625,25,50,25,0,0,0,25,-25,-25,625,0,25,463.60333333333335,25,463.60333333333335,0,25
672,1,25,0,26,1,-24,1,625,0,25,24,25,0,-1,-25,12.46111111111111,1,12.46111111111111,25,0
673,4,50,0,27,2,-23,2,625,0,25,23,25,0,-2,-25,25.19911111111111,2,25.19911111111111,25,0
674,1,12,0,13,1,-11,1,144,0,12,11,12,0,-1,-12,5.936,1,5.936,12,0
675,49,133,0,26,7,-12,7,361,0,19,12,19,0,-7,-19,76.544,7,76.544,19,0
676,1,0,25,1,26,1,-24,0,0,25,-1,-25,625,24,25,12.71111111111111,1,12.71111111111111,0,25
677,625,0,625,25,50,25,0,0,0,25,-25,-25,625,0,25,461.6502222222222,25,461.6502222222222,0,25
678,625,0,0,25,25,25,25,0,0,0,-25,0,0,-25,0,150.268,25,150.268,0,0
679,196,56,308,18,36,10,-8,16,88,26,-10,-18,484,8,18,314.56822222222223,14,226.56822222222223,4,22
680,225,0,285,15,34,15,-4,0,0,19,-15,-19,361,4,19,194.862,15,194.862,0,19
681,144,300,300,37,37,-13,-13,625,625,50,13,0,625,13,0,958.0591111111111,12,333.05911111111106,25,25
682,1,25,0,26,1,-24,1,625,0,25,24,25,0,-1,-25,12.333333333333334,1,12.333333333333334,25,0
683,4,50,0,27,2,-23,2,625,0,25,23,25,0,-2,-25,25.840888888888887,2,25.840888888888887,25,0
684,144,0,300,12,37,12,-13,0,0,25,-12,-25,625,13,25,182.72,12,182.72,0,25
685,144,0,300,12,37,12,-13,0,0,25,-12,-25,625,13,25,182.7302222222222,12,182.7302222222222,0,25
686,324,450,450,43,43,-7,-7,625,625,50,7,0,625,7,0,1151.399111111111,18,526.3991111111111,25,25
687,1,12,0,13,1,-11,1,144,0,12,11,12,0,-1,-12,5.896,1,5.896,12,0
688,625,625,0,50,25,0,25,625,0,25,0,25,0,-25,-25,461.4413333333333,25,461.4413333333333,25,0
689,625,0,300,25,37,25,13,0,0,12,-25,-12,144,-13,12,300.0751111111111,25,300.0751111111111,0,12
690,441,0,273,21,34,21,8,0,0,13,-21,-13,169,-8,13,240.94622222222222,21,240.94622222222222,0,13
691,1,0,25,1,26,1,-24,0,0,25,-1,-25,625,24,25,12.444444444444445,1,12.444444444444445,0,25
692,121,0,275,11,36,11,-14,0,0,25,-11,-25,625,14,25,165.03266666666667,11,165.03266666666667,0,25
693,625,0,625,25,50,25,0,0,0,25,-25,-25,625,0,25,463.7577777777778,25,463.7577777777778,0,25
694,625,0,275,25,36,25,14,0,0,11,-25,-11,121,-14,11,287.4182222222222,25,287.4182222222222,0,11
695,625,0,0,25,25,25,25,0,0,0,-25,0,0,-25,0,149.85288888888888,25,149.85288888888888,0,0
696,625,0,0,25,25,25,25,0,0,0,-25,0,0,-25,0,150.05733333333333,25,150.05733333333333,0,0
697,169,0,0,13,13,13,13,0,0,0,-13,0,0,-13,0,38.924,13,38.924,0,0
698,1,25,0,26,1,-24,1,625,0,25,24,25,0,-1,-25,12.5,1,12.5,25,0
699,4,0,0,2,2,2,2,0,0,0,-2,0,0,-2,0,0.5115555555555555,2,0.5115555555555555,0,0
700,1,25,0,26,1,-24,1,625,0,25,24,25,0,-1,-25,12.655555555555555,1,12.655555555555555,25,0
701,169,0,0,13,13,13,13,0,0,0,-13,0,0,-13,0,39.09377777777778,13,39.09377777777778,0,0
702,1,0,25,1,26,1,-24,0,0,25,-1,-25,625,24,25,12.633333333333333,1,12.633333333333333,0,25
703,1,0,0,1,1,1,1,0,0,0,-1,0,0,-1,0,0.0,1,0.0,0,0
704,144,0,300,12,37,12,-13,0,0,25,-12,-25,625,13,25,182.60755555555556,12,182.60755555555556,0,25
705,121,0,275,11,36,11,-14,0,0,25,-11,-25,625,14,25,164.42666666666668,11,164.42666666666668,0,25
706,625,625,275,50,36,0,14,625,275,36,0,14,121,-14,-14,875.0337777777778,25,600.0337777777778,25,11
707,1,25,12,26,13,-24,-11,625,300,37,24,13,144,11,-13,318.4393333333333,1,18.43933333333331,25,12
708,625,0,0,25,25,25,25,0,0,0,-25,0,0,-25,0,150.05377777777778,25,150.05377777777778,0,0
709,144,0,300,12,37,12,-13,0,0,25,-12,-25,625,13,25,182.58,12,182.58,0,25
710,144,0,300,12,37,12,-13,0,0,25,-12,-25,625,13,25,183.83377777777778,12,183.83377777777778,0,25
711,625,0,275,25,36,25,14,0,0,11,-25,-11,121,-14,11,286.9231111111111,25,286.9231111111111,0,11
712,1,0,0,1,1,1,1,0,0,0,-1,0,0,-1,0,0.0,1,0.0,0,0
713,625,0,0,25,25,25,25,0,0,0,-25,0,0,-25,0,149.93777777777777,25,149.93777777777777,0,0
714,625,625,275,50,36,0,14,625,275,36,0,14,121,-14,-14,874.9333333333333,25,599.9333333333333,25,11
715,289,425,289,42,34,-8,0,625,425,42,8,8,289,0,-8,849.8826666666666,17,424.88266666666664,25,17
716,144,300,300,37,37,-13,-13,625,625,50,13,0,625,13,0,957.994,12,332.994,25,25
717,144,300,300,37,37,-13,-13,625,625,50,13,0,625,13,0,958.0062222222223,12,333.0062222222223,25,25
718,144,300,300,37,37,-13,-13,625,625,50,13,0,625,13,0,958.0786666666667,12,333.07866666666666,25,25
719,625,0,625,25,50,25,0,0,0,25,-25,-25,625,0,25,463.60333333333335,25,463.60333333333335,0,25
720,1,25,0,26,1,-24,1,625,0,25,24,25,0,-1,-25,12.46111111111111,1,12.46111111111111,25,0
721,4,50,0,27,2,-23,2,625,0,25,23,25,0,-2,-25,25.19911111111111,2,25.19911111111111,25,0
722,1,12,0,13,1,-11,1,144,0,12,11,12,0,-1,-12,5.936,1,5.936,12,0
723,49,133,0,26,7,-12,7,361,0,19,12,19,0,-7,-19,76.544,7,76.544,19,0
724,1,0,25,1,26,1,-24,0,0,25,-1,-25,625,24,25,12.71111111111111,1,12.71111111111111,0,25
725,625,0,625,25,50,25,0,0,0,25,-25,-25,625,0,25,461.6502222222222,25,461.6502222222222,0,25
726,625,0,0,25,25,25,25,0,0,0,-25,0,0,-25,0,150.268,25,150.268,0,0
727,196,56,308,18,36,10,-8,16,88,26,-10,-18,484,8,18,314.56822222222223,14,226.56822222222223,4,22
728,225,0,285,15,34,15,-4,0,0,19,-15,-19,361,4,19,194.862,15,194.862,0,19
729,144,300,300,37,37,-13,-13,625,625,50,13,0,625,13,0,958.0591111111111,12,333.05911111111106,25,25
730,1,25,0,26,1,-24,1,625,0,25,24,25,0,-1,-25,12.333333333333334,1,12.333333333333334,25,0
731,4,50,0,27,2,-23,2,625,0,25,23,25,0,-2,-25,25.840888888888887,2,25.840888888888887,25,0
732,144,0,300,12,37,12,-13,0,0,25,-12,-25,625,13,25,182.72,12,182.72,0,25
733,144,0,300,12,37,12,-13,0,0,25,-12,-25,625,13,25,182.7302222222222,12,182.7302222222222,0,25
734,324,450,450,43,43,-7,-7,625,625,50,7,0,625,7,0,1151.399111111111,18,526.3991111111111,25,25
735,1,12,0,13,1,-11,1,144,0,12,11,12,0,-1,-12,5.896,1,5.896,12,0
736,625,625,0,50,25,0,25,625,0,25,0,25,0,-25,-25,461.4413333333333,25,461.4413333333333,25,0
737,625,0,300,25,37,25,13,0,0,12,-25,-12,144,-13,12,300.0751111111111,25,300.0751111111111,0,12
738,441,0,273,21,34,21,8,0,0,13,-21,-13,169,-8,13,240.94622222222222,21,240.94622222222222,0,13
739,1,0,25,1,26,1,-24,0,0,25,-1,-25,625,24,25,12.444444444444445,1,12.444444444444445,0,25
740,121,0,275,11,36,11,-14,0,0,25,-11,-25,625,14,25,165.03266666666667,11,165.03266666666667,0,25
741,625,0,625,25,50,25,0,0,0,25,-25,-25,625,0,25,463.7577777777778,25,463.7577777777778,0,25
742,625,0,275,25,36,25,14,0,0,11,-25,-11,121,-14,11,287.4182222222222,25,287.4182222222222,0,11
743,625,0,0,25,25,25,25,0,0,0,-25,0,0,-25,0,149.85288888888888,25,149.85288888888888,0,0
744,625,0,0,25,25,25,25,0,0,0,-25,0,0,-25,0,150.05733333333333,25,150.05733333333333,0,0
745,169,0,0,13,13,13,13,0,0,0,-13,0,0,-13,0,38.924,13,38.924,0,0
746,1,25,0,26,1,-24,1,625,0,25,24,25,0,-1,-25,12.5,1,12.5,25,0
747,4,0,0,2,2,2,2,0,0,0,-2,0,0,-2,0,0.5115555555555555,2,0.5115555555555555,0,0
748,1,25,0,26,1,-24,1,625,0,25,24,25,0,-1,-25,12.655555555555555,1,12.655555555555555,25,0
749,169,0,0,13,13,13,13,0,0,0,-13,0,0,-13,0,39.09377777777778,13,39.09377777777778,0,0
750,1,0,25,1,26,1,-24,0,0,25,-1,-25,625,24,25,12.633333333333333,1,12.633333333333333,0,25
751,1,0,0,1,1,1,1,0,0,0,-1,0,0,-1,0,0.0,1,0.0,0,0
752,144,0,300,12,37,12,-13,0,0,25,-12,-25,625,13,25,182.60755555555556,12,182.60755555555556,0,25
753,121,0,275,11,36,11,-14,0,0,25,-11,-25,625,14,25,164.42666666666668,11,164.42666666666668,0,25
754,625,625,275,50,36,0,14,625,275,36,0,14,121,-14,-14,875.0337777777778,25,600.0337777777778,25,11
755,1,25,12,26,13,-24,-11,625,300,37,24,13,144,11,-13,318.4393333333333,1,18.43933333333331,25,12
756,625,0,0,25,25,25,25,0,0,0,-25,0,0,-25,0,150.05377777777778,25,150.05377777777778,0,0
757,144,0,300,12,37,12,-13,0,0,25,-12,-25,625,13,25,182.58,12,182.58,0,25
758,144,0,300,12,37,12,-13,0,0,25,-12,-25,625,13,25,183.83377777777778,12,183.83377777777778,0,25
759,625,0,275,25,36,25,14,0,0,11,-25,-11,121,-14,11,286.9231111111111,25,286.9231111111111,0,11
760,1,0,0,1,1,1,1,0,0,0,-1,0,0,-1,0,0.0,1,0.0,0,0
761,625,0,0,25,25,25,25,0,0,0,-25,0,0,-25,0,149.93777777777777,25,149.93777777777777,0,0
762,625,625,275,50,36,0,14,625,275,36,0,14,121,-14,-14,874.9333333333333,25,599.9333333333333,25,11
763,289,425,289,42,34,-8,0,625,425,42,8,8,289,0,-8,849.8826666666666,17,424.88266666666664,25,17
764,144,300,300,37,37,-13,-13,625,625,50,13,0,625,13,0,957.994,12,332.994,25,25
765,144,300,300,37,37,-13,-13,625,625,50,13,0,625,13,0,958.0062222222223,12,333.0062222222223,25,25
766,144,300,300,37,37,-13,-13,625,625,50,13,0,625,13,0,958.0786666666667,12,333.07866666666666,25,25
767,625,0,625,25,50,25,0,0,0,25,-25,-25,625,0,25,463.60333333333335,25,463.60333333333335,0,25
768,1,25,0,26,1,-24,1,625,0,25,24,25,0,-1,-25,12.46111111111111,1,12.46111111111111,25,0
769,4,50,0,27,2,-23,2,625,0,25,23,25,0,-2,-25,25.19911111111111,2,25.19911111111111,25,0
770,1,12,0,13,1,-11,1,144,0,12,11,12,0,-1,-12,5.936,1,5.936,12,0
771,49,133,0,26,7,-12,7,361,0,19,12,19,0,-7,-19,76.544,7,76.544,19,0
772,1,0,25,1,26,1,-24,0,0,25,-1,-25,625,24,25,12.71111111111111,1,12.71111111111111,0,25
773,625,0,625,25,50,25,0,0,0,25,-25,-25,625,0,25,461.6502222222222,25,461.6502222222222,0,25
774,625,0,0,25,25,25,25,0,0,0,-25,0,0,-25,0,150.268,25,150.268,0,0
775,196,56,308,18,36,10,-8,16,88,26,-10,-18,484,8,18,314.56822222222223,14,226.56822222222223,4,22
776,225,0,285,15,34,15,-4,0,0,19,-15,-19,361,4,19,194.862,15,194.862,0,19
777,144,300,300,37,37,-13,-13,625,625,50,13,0,625,13,0,958.0591111111111,12,333.05911111111106,25,25
778,1,25,0,26,1,-24,1,625,0,25,24,25,0,-1,-25,12.333333333333334,1,12.333333333333334,25,0
779,4,50,0,27,2,-23,2,625,0,25,23,25,0,-2,-25,25.840888888888887,2,25.840888888888887,25,0
780,144,0,300,12,37,12,-13,0,0,25,-12,-25,625,13,25,182.72,12,182.72,0,25
781,144,0,300,12,37,12,-13,0,0,25,-12,-25,625,13,25,182.7302222222222,12,182.7302222222222,0,25
782,324,450,450,43,43,-7,-7,625,625,50,7,0,625,7,0,1151.399111111111,18,526.3991111111111,25,25
783,1,12,0,13,1,-11,1,144,0,12,11,12,0,-1,-12,5.896,1,5.896,12,0
784,625,625,0,50,25,0,25,625,0,25,0,25,0,-25,-25,461.4413333333333,25,461.4413333333333,25,0
785,625,0,300,25,37,25,13,0,0,12,-25,-12,144,-13,12,300.0751111111111,25,300.0751111111111,0,12
786,441,0,273,21,34,21,8,0,0,13,-21,-13,169,-8,13,240.94622222222222,21,240.94622222222222,0,13
787,1,0,25,1,26,1,-24,0,0,25,-1,-25,625,24,25,12.444444444444445,1,12.444444444444445,0,25
788,121,0,275,11,36,11,-14,0,0,25,-11,-25,625,14,25,165.03266666666667,11,165.03266666666667,0,25
789,625,0,625,25,50,25,0,0,0,25,-25,-25,625,0,25,463.7577777777778,25,463.7577777777778,0,25
790,625,0,275,25,36,25,14,0,0,11,-25,-11,121,-14,11,287.4182222222222,25,287.4182222222222,0,11
791,625,0,0,25,25,25,25,0,0,0,-25,0,0,-25,0,149.85288888888888,25,149.85288888888888,0,0
792,625,0,0,25,25,25,25,0,0,0,-25,0,0,-25,0,150.05733333333333,25,150.05733333333333,0,0
793,169,0,0,13,13,13,13,0,0,0,-13,0,0,-13,0,38.924,13,38.924,0,0
794,1,25,0,26,1,-24,1,625,0,25,24,25,0,-1,-25,12.5,1,12.5,25,0
795,4,0,0,2,2,2,2,0,0,0,-2,0,0,-2,0,0.5115555555555555,2,0.5115555555555555,0,0
796,1,25,0,26,1,-24,1,625,0,25,24,25,0,-1,-25,12.655555555555555,1,12.655555555555555,25,0
797,169,0,0,13,13,13,13,0,0,0,-13,0,0,-13,0,39.09377777777778,13,39.09377777777778,0,0
798,1,0,25,1,26,1,-24,0,0,25,-1,-25,625,24,25,12.633333333333333,1,12.633333333333333,0,25
799,1,0,0,1,1,1,1,0,0,0,-1,0,0,-1,0,0.0,1,0.0,0,0
800,144,0,300,12,37,12,-13,0,0,25,-12,-25,625,13,25,182.60755555555556,12,182.60755555555556,0,25
801,121,0,275,11,36,11,-14,0,0,25,-11,-25,625,14,25,164.42666666666668,11,164.42666666666668,0,25
802,625,625,275,50,36,0,14,625,275,36,0,14,121,-14,-14,875.0337777777778,25,600.0337777777778,25,11
803,1,25,12,26,13,-24,-11,625,300,37,24,13,144,11,-13,318.4393333333333,1,18.43933333333331,25,12
804,625,0,0,25,25,25,25,0,0,0,-25,0,0,-25,0,150.05377777777778,25,150.05377777777778,0,0
805,144,0,300,12,37,12,-13,0,0,25,-12,-25,625,13,25,182.58,12,182.58,0,25
806,144,0,300,12,37,12,-13,0,0,25,-12,-25,625,13,25,183.83377777777778,12,183.83377777777778,0,25
807,625,0,275,25,36,25,14,0,0,11,-25,-11,121,-14,11,286.9231111111111,25,286.9231111111111,0,11
808,1,0,0,1,1,1,1,0,0,0,-1,0,0,-1,0,0.0,1,0.0,0,0
809,625,0,0,25,25,25,25,0,0,0,-25,0,0,-25,0,149.93777777777777,25,149.93777777777777,0,0
810,625,625,275,50,36,0,14,625,275,36,0,14,121,-14,-14,874.9333333333333,25,599.9333333333333,25,11
811,289,425,289,42,34,-8,0,625,425,42,8,8,289,0,-8,849.8826666666666,17,424.88266666666664,25,17
812,144,300,300,37,37,-13,-13,625,625,50,13,0,625,13,0,957.994,12,332.994,25,25
813,144,300,300,37,37,-13,-13,625,625,50,13,0,625,13,0,958.0062222222223,12,333.0062222222223,25,25
814,144,300,300,37,37,-13,-13,625,625,50,13,0,625,13,0,958.0786666666667,12,333.07866666666666,25,25
815,625,0,625,25,50,25,0,0,0,25,-25,-25,625,0,25,463.60333333333335,25,463.60333333333335,0,25
816,1,25,0,26,1,-24,1,625,0,25,24,25,0,-1,-25,12.46111111111111,1,12.46111111111111,25,0
817,4,50,0,27,2,-23,2,625,0,25,23,25,0,-2,-25,25.19911111111111,2,25.19911111111111,25,0
818,1,12,0,13,1,-11,1,144,0,12,11,12,0,-1,-12,5.936,1,5.936,12,0
819,49,133,0,26,7,-12,7,361,0,19,12,19,0,-7,-19,76.544,7,76.544,19,0
820,1,0,25,1,26,1,-24,0,0,25,-1,-25,625,24,25,12.71111111111111,1,12.71111111111111,0,25
821,625,0,625,25,50,25,0,0,0,25,-25,-25,625,0,25,461.6502222222222,25,461.6502222222222,0,25
822,625,0,0,25,25,25,25,0,0,0,-25,0,0,-25,0,150.268,25,150.268,0,0
823,196,56,308,18,36,10,-8,16,88,26,-10,-18,484,8,18,314.56822222222223,14,226.56822222222223,4,22
824,225,0,285,15,34,15,-4,0,0,19,-15,-19,361,4,19,194.862,15,194.862,0,19
825,144,300,300,37,37,-13,-13,625,625,50,13,0,625,13,0,958.0591111111111,12,333.05911111111106,25,25
826,1,25,0,26,1,-24,1,625,0,25,24,25,0,-1,-25,12.333333333333334,1,12.333333333333334,25,0
827,4,50,0,27,2,-23,2,625,0,25,23,25,0,-2,-25,25.840888888888887,2,25.840888888888887,25,0
828,144,0,300,12,37,12,-13,0,0,25,-12,-25,625,13,25,182.72,12,182.72,0,25
829,144,0,300,12,37,12,-13,0,0,25,-12,-25,625,13,25,182.7302222222222,12,182.7302222222222,0,25
830,324,450,450,43,43,-7,-7,625,625,50,7,0,625,7,0,1151.399111111111,18,526.3991111111111,25,25
831,1,12,0,13,1,-11,1,144,0,12,11,12,0,-1,-12,5.896,1,5.896,12,0
832,625,625,0,50,25,0,25,625,0,25,0,25,0,-25,-25,461.4413333333333,25,461.4413333333333,25,0
833,625,0,300,25,37,25,13,0,0,12,-25,-12,144,-13,12,300.0751111111111,25,300.0751111111111,0,12
834,441,0,273,21,34,21,8,0,0,13,-21,-13,169,-8,13,240.94622222222222,21,240.94622222222222,0,13
835,1,0,25,1,26,1,-24,0,0,25,-1,-25,625,24,25,12.444444444444445,1,12.444444444444445,0,25
836,121,0,275,11,36,11,-14,0,0,25,-11,-25,625,14,25,165.03266666666667,11,165.03266666666667,0,25
837,625,0,625,25,50,25,0,0,0,25,-25,-25,625,0,25,463.7577777777778,25,463.7577777777778,0,25
838,625,0,275,25,36,25,14,0,0,11,-25,-11,121,-14,11,287.4182222222222,25,287.4182222222222,0,11
839,625,0,0,25,25,25,25,0,0,0,-25,0,0,-25,0,149.85288888888888,25,149.85288888888888,0,0
840,625,0,0,25,25,25,25,0,0,0,-25,0,0,-25,0,150.05733333333333,25,150.05733333333333,0,0
841,169,0,0,13,13,13,13,0,0,0,-13,0,0,-13,0,38.924,13,38.924,0,0
842,1,25,0,26,1,-24,1,625,0,25,24,25,0,-1,-25,12.5,1,12.5,25,0
843,4,0,0,2,2,2,2,0,0,0,-2,0,0,-2,0,0.5115555555555555,2,0.5115555555555555,0,0
844,1,25,0,26,1,-24,1,625,0,25,24,25,0,-1,-25,12.655555555555555,1,12.655555555555555,25,0
845,169,0,0,13,13,13,13,0,0,0,-13,0,0,-13,0,39.09377777777778,13,39.09377777777778,0,0
846,1,0,25,1,26,1,-24,0,0,25,-1,-25,625,24,25,12.633333333333333,1,12.633333333333333,0,25
847,1,0,0,1,1,1,1,0,0,0,-1,0,0,-1,0,0.0,1,0.0,0,0
848,144,0,300,12,37,12,-13,0,0,25,-12,-25,625,13,25,182.60755555555556,12,182.60755555555556,0,25
849,121,0,275,11,36,11,-14,0,0,25,-11,-25,625,14,25,164.42666666666668,11,164.42666666666668,0,25
850,625,625,275,50,36,0,14,625,275,36,0,14,121,-14,-14,875.0337777777778,25,600.0337777777778,25,11
851,1,25,12,26,13,-24,-11,625,300,37,24,13,144,11,-13,318.4393333333333,1,18.43933333333331,25,12
852,625,0,0,25,25,25,25,0,0,0,-25,0,0,-25,0,150.05377777777778,25,150.05377777777778,0,0
853,144,0,300,12,37,12,-13,0,0,25,-12,-25,625,13,25,182.58,12,182.58,0,25
854,144,0,300,12,37,12,-13,0,0,25,-12,-25,625,13,25,183.83377777777778,12,183.83377777777778,0,25
855,625,0,275,25,36,25,14,0,0,11,-25,-11,121,-14,11,286.9231111111111,25,286.9231111111111,0,11
856,1,0,0,1,1,1,1,0,0,0,-1,0,0,-1,0,0.0,1,0.0,0,0
857,625,0,0,25,25,25,25,0,0,0,-25,0,0,-25,0,149.93777777777777,25,149.93777777777777,0,0
858,625,625,275,50,36,0,14,625,275,36,0,14,121,-14,-14,874.9333333333333,25,599.9333333333333,25,11
859,289,425,289,42,34,-8,0,625,425,42,8,8,289,0,-8,849.8826666666666,17,424.88266666666664,25,17
860,144,300,300,37,37,-13,-13,625,625,50,13,0,625,13,0,957.994,12,332.994,25,25
861,144,300,300,37,37,-13,-13,625,625,50,13,0,625,13,0,958.0062222222223,12,333.0062222222223,25,25
862,144,300,300,37,37,-13,-13,625,625,50,13,0,625,13,0,958.0786666666667,12,333.07866666666666,25,25
863,625,0,625,25,50,25,0,0,0,25,-25,-25,625,0,25,463.60333333333335,25,463.60333333333335,0,25
864,1,25,0,26,1,-24,1,625,0,25,24,25,0,-1,-25,12.46111111111111,1,12.46111111111111,25,0
865,4,50,0,27,2,-23,2,625,0,25,23,25,0,-2,-25,25.19911111111111,2,25.19911111111111,25,0
866,1,12,0,13,1,-11,1,144,0,12,11,12,0,-1,-12,5.936,1,5.936,12,0
867,49,133,0,26,7,-12,7,361,0,19,12,19,0,-7,-19,76.544,7,76.544,19,0
868,1,0,25,1,26,1,-24,0,0,25,-1,-25,625,24,25,12.71111111111111,1,12.71111111111111,0,25
869,625,0,625,25,50,25,0,0,0,25,-25,-25,625,0,25,461.6502222222222,25,461.6502222222222,0,25
870,625,0,0,25,25,25,25,0,0,0,-25,0,0,-25,0,150.268,25,150.268,0,0
871,196,56,308,18,36,10,-8,16,88,26,-10,-18,484,8,18,314.56822222222223,14,226.56822222222223,4,22
872,225,0,285,15,34,15,-4,0,0,19,-15,-19,361,4,19,194.862,15,194.862,0,19
873,144,300,300,37,37,-13,-13,625,625,50,13,0,625,13,0,958.0591111111111,12,333.05911111111106,25,25
874,1,25,0,26,1,-24,1,625,0,25,24,25,0,-1,-25,12.333333333333334,1,12.333333333333334,25,0
875,4,50,0,27,2,-23,2,625,0,25,23,25,0,-2,-25,25.840888888888887,2,25.840888888888887,25,0
876,144,0,300,12,37,12,-13,0,0,25,-12,-25,625,13,25,182.72,12,182.72,0,25
877,144,0,300,12,37,12,-13,0,0,25,-12,-25,625,13,25,182.7302222222222,12,182.7302222222222,0,25
878,324,450,450,43,43,-7,-7,625,625,50,7,0,625,7,0,1151.399111111111,18,526.3991111111111,25,25
879,1,12,0,13,1,-11,1,144,0,12,11,12,0,-1,-12,5.896,1,5.896,12,0
880,625,625,0,50,25,0,25,625,0,25,0,25,0,-25,-25,461.4413333333333,25,461.4413333333333,25,0
881,625,0,300,25,37,25,13,0,0,12,-25,-12,144,-13,12,300.0751111111111,25,300.0751111111111,0,12
882,441,0,273,21,34,21,8,0,0,13,-21,-13,169,-8,13,240.94622222222222,21,240.94622222222222,0,13
883,1,0,25,1,26,1,-24,0,0,25,-1,-25,625,24,25,12.444444444444445,1,12.444444444444445,0,25
884,121,0,275,11,36,11,-14,0,0,25,-11,-25,625,14,25,165.03266666666667,11,165.03266666666667,0,25
885,625,0,625,25,50,25,0,0,0,25,-25,-25,625,0,25,463.7577777777778,25,463.7577777777778,0,25
886,625,0,275,25,36,25,14,0,0,11,-25,-11,121,-14,11,287.4182222222222,25,287.4182222222222,0,11
887,625,0,0,25,25,25,25,0,0,0,-25,0,0,-25,0,149.85288888888888,25,149.85288888888888,0,0
888,625,0,0,25,25,25,25,0,0,0,-25,0,0,-25,0,150.05733333333333,25,150.05733333333333,0,0
889,169,0,0,13,13,13,13,0,0,0,-13,0,0,-13,0,38.924,13,38.924,0,0
890,1,25,0,26,1,-24,1,625,0,25,24,25,0,-1,-25,12.5,1,12.5,25,0
891,4,0,0,2,2,2,2,0,0,0,-2,0,0,-2,0,0.5115555555555555,2,0.5115555555555555,0,0
892,1,25,0,26,1,-24,1,625,0,25,24,25,0,-1,-25,12.655555555555555,1,12.655555555555555,25,0
893,169,0,0,13,13,13,13,0,0,0,-13,0,0,-13,0,39.09377777777778,13,39.09377777777778,0,0
894,1,0,25,1,26,1,-24,0,0,25,-1,-25,625,24,25,12.633333333333333,1,12.633333333333333,0,25
895,1,0,0,1,1,1,1,0,0,0,-1,0,0,-1,0,0.0,1,0.0,0,0
896,144,0,300,12,37,12,-13,0,0,25,-12,-25,625,13,25,182.60755555555556,12,182.60755555555556,0,25
897,121,0,275,11,36,11,-14,0,0,25,-11,-25,625,14,25,164.42666666666668,11,164.42666666666668,0,25
898,625,625,275,50,36,0,14,625,275,36,0,14,121,-14,-14,875.0337777777778,25,600.0337777777778,25,11
899,1,25,12,26,13,-24,-11,625,300,37,24,13,144,11,-13,318.4393333333333,1,18.43933333333331,25,12
900,625,0,0,25,25,25,25,0,0,0,-25,0,0,-25,0,150.05377777777778,25,150.05377777777778,0,0
901,144,0,300,12,37,12,-13,0,0,25,-12,-25,625,13,25,182.58,12,182.58,0,25
902,144,0,300,12,37,12,-13,0,0,25,-12,-25,625,13,25,183.83377777777778,12,183.83377777777778,0,25
903,625,0,275,25,36,25,14,0,0,11,-25,-11,121,-14,11,286.9231111111111,25,286.9231111111111,0,11
904,1,0,0,1,1,1,1,0,0,0,-1,0,0,-1,0,0.0,1,0.0,0,0
905,625,0,0,25,25,25,25,0,0,0,-25,0,0,-25,0,149.93777777777777,25,149.93777777777777,0,0
906,625,625,275,50,36,0,14,625,275,36,0,14,121,-14,-14,874.9333333333333,25,599.9333333333333,25,11
907,289,425,289,42,34,-8,0,625,425,42,8,8,289,0,-8,849.8826666666666,17,424.88266666666664,25,17
908,144,300,300,37,37,-13,-13,625,625,50,13,0,625,13,0,957.994,12,332.994,25,25
909,144,300,300,37,37,-13,-13,625,625,50,13,0,625,13,0,958.0062222222223,12,333.0062222222223,25,25
910,144,300,300,37,37,-13,-13,625,625,50,13,0,625,13,0,958.0786666666667,12,333.07866666666666,25,25
911,625,0,625,25,50,25,0,0,0,25,-25,-25,625,0,25,463.60333333333335,25,463.60333333333335,0,25
912,1,25,0,26,1,-24,1,625,0,25,24,25,0,-1,-25,12.46111111111111,1,12.46111111111111,25,0
913,4,50,0,27,2,-23,2,625,0,25,23,25,0,-2,-25,25.19911111111111,2,25.19911111111111,25,0
914,1,12,0,13,1,-11,1,144,0,12,11,12,0,-1,-12,5.936,1,5.936,12,0
915,49,133,0,26,7,-12,7,361,0,19,12,19,0,-7,-19,76.544,7,76.544,19,0
916,1,0,25,1,26,1,-24,0,0,25,-1,-25,625,24,25,12.71111111111111,1,12.71111111111111,0,25
917,625,0,625,25,50,25,0,0,0,25,-25,-25,625,0,25,461.6502222222222,25,461.6502222222222,0,25
918,625,0,0,25,25,25,25,0,0,0,-25,0,0,-25,0,150.268,25,150.268,0,0
919,196,56,308,18,36,10,-8,16,88,26,-10,-18,484,8,18,314.56822222222223,14,226.56822222222223,4,22
920,225,0,285,15,34,15,-4,0,0,19,-15,-19,361,4,19,194.862,15,194.862,0,19
921,144,300,300,37,37,-13,-13,625,625,50,13,0,625,13,0,958.0591111111111,12,333.05911111111106,25,25
922,1,25,0,26,1,-24,1,625,0,25,24,25,0,-1,-25,12.333333333333334,1,12.333333333333334,25,0
923,4,50,0,27,2,-23,2,625,0,25,23,25,0,-2,-25,25.840888888888887,2,25.840888888888887,25,0
924,144,0,300,12,37,12,-13,0,0,25,-12,-25,625,13,25,182.72,12,182.72,0,25
925,144,0,300,12,37,12,-13,0,0,25,-12,-25,625,13,25,182.7302222222222,12,182.7302222222222,0,25
926,324,450,450,43,43,-7,-7,625,625,50,7,0,625,7,0,1151.399111111111,18,526.3991111111111,25,25
927,1,12,0,13,1,-11,1,144,0,12,11,12,0,-1,-12,5.896,1,5.896,12,0
928,625,625,0,50,25,0,25,625,0,25,0,25,0,-25,-25,461.4413333333333,25,461.4413333333333,25,0
929,625,0,300,25,37,25,13,0,0,12,-25,-12,144,-13,12,300.0751111111111,25,300.0751111111111,0,12
930,441,0,273,21,34,21,8,0,0,13,-21,-13,169,-8,13,240.94622222222222,21,240.94622222222222,0,13
931,1,0,25,1,26,1,-24,0,0,25,-1,-25,625,24,25,12.444444444444445,1,12.444444444444445,0,25
932,121,0,275,11,36,11,-14,0,0,25,-11,-25,625,14,25,165.03266666666667,11,165.03266666666667,0,25
933,625,0,625,25,50,25,0,0,0,25,-25,-25,625,0,25,463.7577777777778,25,463.7577777777778,0,25
934,625,0,275,25,36,25,14,0,0,11,-25,-11,121,-14,11,287.4182222222222,25,287.4182222222222,0,11
935,625,0,0,25,25,25,25,0,0,0,-25,0,0,-25,0,149.85288888888888,25,149.85288888888888,0,0
936,625,0,0,25,25,25,25,0,0,0,-25,0,0,-25,0,150.05733333333333,25,150.05733333333333,0,0
937,169,0,0,13,13,13,13,0,0,0,-13,0,0,-13,0,38.924,13,38.924,0,0
938,1,25,0,26,1,-24,1,625,0,25,24,25,0,-1,-25,12.5,1,12.5,25,0
939,4,0,0,2,2,2,2,0,0,0,-2,0,0,-2,0,0.5115555555555555,2,0.5115555555555555,0,0
940,1,25,0,26,1,-24,1,625,0,25,24,25,0,-1,-25,12.655555555555555,1,12.655555555555555,25,0
941,169,0,0,13,13,13,13,0,0,0,-13,0,0,-13,0,39.09377777777778,13,39.09377777777778,0,0
942,1,0,25,1,26,1,-24,0,0,25,-1,-25,625,24,25,12.633333333333333,1,12.633333333333333,0,25
943,1,0,0,1,1,1,1,0,0,0,-1,0,0,-1,0,0.0,1,0.0,0,0
944,144,0,300,12,37,12,-13,0,0,25,-12,-25,625,13,25,182.60755555555556,12,182.60755555555556,0,25
945,121,0,275,11,36,11,-14,0,0,25,-11,-25,625,14,25,164.42666666666668,11,164.42666666666668,0,25
946,625,625,275,50,36,0,14,625,275,36,0,14,121,-14,-14,875.0337777777778,25,600.0337777777778,25,11
947,1,25,12,26,13,-24,-11,625,300,37,24,13,144,11,-13,318.4393333333333,1,18.43933333333331,25,12
948,625,0,0,25,25,25,25,0,0,0,-25,0,0,-25,0,150.05377777777778,25,150.05377777777778,0,0
949,144,0,300,12,37,12,-13,0,0,25,-12,-25,625,13,25,182.58,12,182.58,0,25
950,144,0,300,12,37,12,-13,0,0,25,-12,-25,625,13,25,183.83377777777778,12,183.83377777777778,0,25
951,625,0,275,25,36,25,14,0,0,11,-25,-11,121,-14,11,286.9231111111111,25,286.9231111111111,0,11
952,1,0,0,1,1,1,1,0,0,0,-1,0,0,-1,0,0.0,1,0.0,0,0
953,625,0,0,25,25,25,25,0,0,0,-25,0,0,-25,0,149.93777777777777,25,149.93777777777777,0,0
954,625,625,275,50,36,0,14,625,275,36,0,14,121,-14,-14,874.9333333333333,25,599.9333333333333,25,11
955,289,425,289,42,34,-8,0,625,425,42,8,8,289,0,-8,849.8826666666666,17,424.88266666666664,25,17
956,144,300,300,37,37,-13,-13,625,625,50,13,0,625,13,0,957.994,12,332.994,25,25
957,144,300,300,37,37,-13,-13,625,625,50,13,0,625,13,0,958.0062222222223,12,333.0062222222223,25,25
958,144,300,300,37,37,-13,-13,625,625,50,13,0,625,13,0,958.0786666666667,12,333.07866666666666,25,25
959,625,0,625,25,50,25,0,0,0,25,-25,-25,625,0,25,463.60333333333335,25,463.60333333333335,0,25
960,1,25,0,26,1,-24,1,625,0,25,24,25,0,-1,-25,12.46111111111111,1,12.46111111111111,25,0
961,4,50,0,27,2,-23,2,625,0,25,23,25,0,-2,-25,25.19911111111111,2,25.19911111111111,25,0
962,1,12,0,13,1,-11,1,144,0,12,11,12,0,-1,-12,5.936,1,5.936,12,0
963,49,133,0,26,7,-12,7,361,0,19,12,19,0,-7,-19,76.544,7,76.544,19,0
964,1,0,25,1,26,1,-24,0,0,25,-1,-25,625,24,25,12.71111111111111,1,12.71111111111111,0,25
965,625,0,625,25,50,25,0,0,0,25,-25,-25,625,0,25,461.6502222222222,25,461.6502222222222,0,25
966,625,0,0,25,25,25,25,0,0,0,-25,0,0,-25,0,150.268,25,150.268,0,0
967,196,56,308,18,36,10,-8,16,88,26,-10,-18,484,8,18,314.56822222222223,14,226.56822222222223,4,22
968,225,0,285,15,34,15,-4,0,0,19,-15,-19,361,4,19,194.862,15,194.862,0,19
969,144,300,300,37,37,-13,-13,625,625,50,13,0,625,13,0,958.0591111111111,12,333.05911111111106,25,25
970,1,25,0,26,1,-24,1,625,0,25,24,25,0,-1,-25,12.333333333333334,1,12.333333333333334,25,0
971,4,50,0,27,2,-23,2,625,0,25,23,25,0,-2,-25,25.840888888888887,2,25.840888888888887,25,0
972,144,0,300,12,37,12,-13,0,0,25,-12,-25,625,13,25,182.72,12,182.72,0,25
973,144,0,300,12,37,12,-13,0,0,25,-12,-25,625,13,25,182.7302222222222,12,182.7302222222222,0,25
974,324,450,450,43,43,-7,-7,625,625,50,7,0,625,7,0,1151.399111111111,18,526.3991111111111,25,25
975,1,12,0,13,1,-11,1,144,0,12,11,12,0,-1,-12,5.896,1,5.896,12,0
976,625,625,0,50,25,0,25,625,0,25,0,25,0,-25,-25,461.4413333333333,25,461.4413333333333,25,0
977,625,0,300,25,37,25,13,0,0,12,-25,-12,144,-13,12,300.0751111111111,25,300.0751111111111,0,12
978,441,0,273,21,34,21,8,0,0,13,-21,-13,169,-8,13,240.94622222222222,21,240.94622222222222,0,13
979,1,0,25,1,26,1,-24,0,0,25,-1,-25,625,24,25,12.444444444444445,1,12.444444444444445,0,25
980,121,0,275,11,36,11,-14,0,0,25,-11,-25,625,14,25,165.03266666666667,11,165.03266666666667,0,25
981,625,0,625,25,50,25,0,0,0,25,-25,-25,625,0,25,463.7577777777778,25,463.7577777777778,0,25
982,625,0,275,25,36,25,14,0,0,11,-25,-11,121,-14,11,287.4182222222222,25,287.4182222222222,0,11
983,625,0,0,25,25,25,25,0,0,0,-25,0,0,-25,0,149.85288888888888,25,149.85288888888888,0,0
984,625,0,0,25,25,25,25,0,0,0,-25,0,0,-25,0,150.05733333333333,25,150.05733333333333,0,0
985,169,0,0,13,13,13,13,0,0,0,-13,0,0,-13,0,38.924,13,38.924,0,0
986,1,25,0,26,1,-24,1,625,0,25,24,25,0,-1,-25,12.5,1,12.5,25,0
987,4,0,0,2,2,2,2,0,0,0,-2,0,0,-2,0,0.5115555555555555,2,0.5115555555555555,0,0
988,1,25,0,26,1,-24,1,625,0,25,24,25,0,-1,-25,12.655555555555555,1,12.655555555555555,25,0
989,169,0,0,13,13,13,13,0,0,0,-13,0,0,-13,0,39.09377777777778,13,39.09377777777778,0,0
990,1,0,25,1,26,1,-24,0,0,25,-1,-25,625,24,25,12.633333333333333,1,12.633333333333333,0,25
991,1,0,0,1,1,1,1,0,0,0,-1,0,0,-1,0,0.0,1,0.0,0,0
992,144,0,300,12,37,12,-13,0,0,25,-12,-25,625,13,25,182.60755555555556,12,182.60755555555556,0,25
993,121,0,275,11,36,11,-14,0,0,25,-11,-25,625,14,25,164.42666666666668,11,164.42666666666668,0,25
994,625,625,275,50,36,0,14,625,275,36,0,14,121,-14,-14,875.0337777777778,25,600.0337777777778,25,11
995,1,25,12,26,13,-24,-11,625,300,37,24,13,144,11,-13,318.4393333333333,1,18.43933333333331,25,12
996,625,0,0,25,25,25,25,0,0,0,-25,0,0,-25,0,150.05377777777778,25,150.05377777777778,0,0
997,144,0,300,12,37,12,-13,0,0,25,-12,-25,625,13,25,182.58,12,182.58,0,25
998,144,0,300,12,37,12,-13,0,0,25,-12,-25,625,13,25,183.83377777777778,12,183.83377777777778,0,25
999,625,0,275,25,36,25,14,0,0,11,-25,-11,121,-14,11,286.9231111111111,25,286.9231111111111,0,11
1000,1,0,0,1,1,1,1,0,0,0,-1,0,0,-1,0,0.0,1,0.0,0,0
1001,625,0,0,25,25,25,25,0,0,0,-25,0,0,-25,0,149.93777777777777,25,149.93777777777777,0,0
1002,625,625,275,50,36,0,14,625,275,36,0,14,121,-14,-14,874.9333333333333,25,599.9333333333333,25,11
1003,289,425,289,42,34,-8,0,625,425,42,8,8,289,0,-8,849.8826666666666,17,424.88266666666664,25,17
1004,144,300,300,37,37,-13,-13,625,625,50,13,0,625,13,0,957.994,12,332.994,25,25
1005,144,300,300,37,37,-13,-13,625,625,50,13,0,625,13,0,958.0062222222223,12,333.0062222222223,25,25
1006,144,300,300,37,37,-13,-13,625,625,50,13,0,625,13,0,958.0786666666667,12,333.07866666666666,25,25
1007,625,0,625,25,50,25,0,0,0,25,-25,-25,625,0,25,463.60333333333335,25,463.60333333333335,0,25
1008,1,25,0,26,1,-24,1,625,0,25,24,25,0,-1,-25,12.46111111111111,1,12.46111111111111,25,0
1009,4,50,0,27,2,-23,2,625,0,25,23,25,0,-2,-25,25.19911111111111,2,25.19911111111111,25,0
1010,1,12,0,13,1,-11,1,144,0,12,11,12,0,-1,-12,5.936,1,5.936,12,0
1011,49,133,0,26,7,-12,7,361,0,19,12,19,0,-7,-19,76.544,7,76.544,19,0
1012,1,0,25,1,26,1,-24,0,0,25,-1,-25,625,24,25,12.71111111111111,1,12.71111111111111,0,25
1013,625,0,625,25,50,25,0,0,0,25,-25,-25,625,0,25,461.6502222222222,25,461.6502222222222,0,25
1014,625,0,0,25,25,25,25,0,0,0,-25,0,0,-25,0,150.268,25,150.268,0,0
1015,196,56,308,18,36,10,-8,16,88,26,-10,-18,484,8,18,314.56822222222223,14,226.56822222222223,4,22
1016,225,0,285,15,34,15,-4,0,0,19,-15,-19,361,4,19,194.862,15,194.862,0,19
1017,144,300,300,37,37,-13,-13,625,625,50,13,0,625,13,0,958.0591111111111,12,333.05911111111106,25,25
1018,1,25,0,26,1,-24,1,625,0,25,24,25,0,-1,-25,12.333333333333334,1,12.333333333333334,25,0
1019,4,50,0,27,2,-23,2,625,0,25,23,25,0,-2,-25,25.840888888888887,2,25.840888888888887,25,0
1020,144,0,300,12,37,12,-13,0,0,25,-12,-25,625,13,25,182.72,12,182.72,0,25
1021,144,0,300,12,37,12,-13,0,0,25,-12,-25,625,13,25,182.7302222222222,12,182.7302222222222,0,25
1022,324,450,450,43,43,-7,-7,625,625,50,7,0,625,7,0,1151.399111111111,18,526.3991111111111,25,25
1023,1,12,0,13,1,-11,1,144,0,12,11,12,0,-1,-12,5.896,1,5.896,12,0
1024,625,625,0,50,25,0,25,625,0,25,0,25,0,-25,-25,461.4413333333333,25,461.4413333333333,25,0
1025,625,0,300,25,37,25,13,0,0,12,-25,-12,144,-13,12,300.0751111111111,25,300.0751111111111,0,12
1026,441,0,273,21,34,21,8,0,0,13,-21,-13,169,-8,13,240.94622222222222,21,240.94622222222222,0,13
1027,1,0,25,1,26,1,-24,0,0,25,-1,-25,625,24,25,12.444444444444445,1,12.444444444444445,0,25
1028,121,0,275,11,36,11,-14,0,0,25,-11,-25,625,14,25,165.03266666666667,11,165.03266666666667,0,25
1029,625,0,625,25,50,25,0,0,0,25,-25,-25,625,0,25,463.7577777777778,25,463.7577777777778,0,25
1030,625,0,275,25,36,25,14,0,0,11,-25,-11,121,-14,11,287.4182222222222,25,287.4182222222222,0,11
1031,625,0,0,25,25,25,25,0,0,0,-25,0,0,-25,0,149.85288888888888,25,149.85288888888888,0,0
1032,625,0,0,25,25,25,25,0,0,0,-25,0,0,-25,0,150.05733333333333,25,150.05733333333333,0,0
1033,169,0,0,13,13,13,13,0,0,0,-13,0,0,-13,0,38.924,13,38.924,0,0
1034,1,25,0,26,1,-24,1,625,0,25,24,25,0,-1,-25,12.5,1,12.5,25,0
1035,4,0,0,2,2,2,2,0,0,0,-2,0,0,-2,0,0.5115555555555555,2,0.5115555555555555,0,0
1036,1,25,0,26,1,-24,1,625,0,25,24,25,0,-1,-25,12.655555555555555,1,12.655555555555555,25,0
1037,169,0,0,13,13,13,13,0,0,0,-13,0,0,-13,0,39.09377777777778,13,39.09377777777778,0,0
1038,1,0,25,1,26,1,-24,0,0,25,-1,-25,625,24,25,12.633333333333333,1,12.633333333333333,0,25
1039,1,0,0,1,1,1,1,0,0,0,-1,0,0,-1,0,0.0,1,0.0,0,0
1040,144,0,300,12,37,12,-13,0,0,25,-12,-25,625,13,25,182.60755555555556,12,182.60755555555556,0,25
1041,121,0,275,11,36,11,-14,0,0,25,-11,-25,625,14,25,164.42666666666668,11,164.42666666666668,0,25
1042,625,625,275,50,36,0,14,625,275,36,0,14,121,-14,-14,875.0337777777778,25,600.0337777777778,25,11
1043,1,25,12,26,13,-24,-11,625,300,37,24,13,144,11,-13,318.4393333333333,1,18.43933333333331,25,12
1044,625,0,0,25,25,25,25,0,0,0,-25,0,0,-25,0,150.05377777777778,25,150.05377777777778,0,0
1045,144,0,300,12,37,12,-13,0,0,25,-12,-25,625,13,25,182.58,12,182.58,0,25
1046,144,0,300,12,37,12,-13,0,0,25,-12,-25,625,13,25,183.83377777777778,12,183.83377777777778,0,25
1047,625,0,275,25,36,25,14,0,0,11,-25,-11,121,-14,11,286.9231111111111,25,286.9231111111111,0,11
1048,1,0,0,1,1,1,1,0,0,0,-1,0,0,-1,0,0.0,1,0.0,0,0
1049,625,0,0,25,25,25,25,0,0,0,-25,0,0,-25,0,149.93777777777777,25,149.93777777777777,0,0
1050,625,625,275,50,36,0,14,625,275,36,0,14,121,-14,-14,874.9333333333333,25,599.9333333333333,25,11
1051,289,425,289,42,34,-8,0,625,425,42,8,8,289,0,-8,849.8826666666666,17,424.88266666666664,25,17
1052,144,300,300,37,37,-13,-13,625,625,50,13,0,625,13,0,957.994,12,332.994,25,25
1053,144,300,300,37,37,-13,-13,625,625,50,13,0,625,13,0,958.0062222222223,12,333.0062222222223,25,25
1054,144,300,300,37,37,-13,-13,625,625,50,13,0,625,13,0,958.0786666666667,12,333.07866666666666,25,25
1055,625,0,625,25,50,25,0,0,0,25,-25,-25,625,0,25,463.60333333333335,25,463.60333333333335,0,25
1056,1,25,0,26,1,-24,1,625,0,25,24,25,0,-1,-25,12.46111111111111,1,12.46111111111111,25,0
1057,4,50,0,27,2,-23,2,625,0,25,23,25,0,-2,-25,25.19911111111111,2,25.19911111111111,25,0
1058,1,12,0,13,1,-11,1,144,0,12,11,12,0,-1,-12,5.936,1,5.936,12,0
1059,49,133,0,26,7,-12,7,361,0,19,12,19,0,-7,-19,76.544,7,76.544,19,0
1060,1,0,25,1,26,1,-24,0,0,25,-1,-25,625,24,25,12.71111111111111,1,12.71111111111111,0,25
1061,625,0,625,25,50,25,0,0,0,25,-25,-25,625,0,25,461.6502222222222,25,461.6502222222222,0,25
1062,625,0,0,25,25,25,25,0,0,0,-25,0,0,-25,0,150.268,25,150.268,0,0
1063,196,56,308,18,36,10,-8,16,88,26,-10,-18,484,8,18,314.56822222222223,14,226.56822222222223,4,22
1064,225,0,285,15,34,15,-4,0,0,19,-15,-19,361,4,19,194.862,15,194.862,0,19
1065,144,300,300,37,37,-13,-13,625,625,50,13,0,625,13,0,958.0591111111111,12,333.05911111111106,25,25
1066,1,25,0,26,1,-24,1,625,0,25,24,25,0,-1,-25,12.333333333333334,1,12.333333333333334,25,0
1067,4,50,0,27,2,-23,2,625,0,25,23,25,0,-2,-25,25.840888888888887,2,25.840888888888887,25,0
1068,144,0,300,12,37,12,-13,0,0,25,-12,-25,625,13,25,182.72,12,182.72,0,25
1069,144,0,300,12,37,12,-13,0,0,25,-12,-25,625,13,25,182.7302222222222,12,182.7302222222222,0,25
1070,324,450,450,43,43,-7,-7,625,625,50,7,0,625,7,0,1151.399111111111,18,526.3991111111111,25,25
1071,1,12,0,13,1,-11,1,144,0,12,11,12,0,-1,-12,5.896,1,5.896,12,0
1072,625,625,0,50,25,0,25,625,0,25,0,25,0,-25,-25,461.4413333333333,25,461.4413333333333,25,0
1073,625,0,300,25,37,25,13,0,0,12,-25,-12,144,-13,12,300.0751111111111,25,300.0751111111111,0,12
1074,441,0,273,21,34,21,8,0,0,13,-21,-13,169,-8,13,240.94622222222222,21,240.94622222222222,0,13
1075,1,0,25,1,26,1,-24,0,0,25,-1,-25,625,24,25,12.444444444444445,1,12.444444444444445,0,25
1076,121,0,275,11,36,11,-14,0,0,25,-11,-25,625,14,25,165.03266666666667,11,165.03266666666667,0,25
1077,625,0,625,25,50,25,0,0,0,25,-25,-25,625,0,25,463.7577777777778,25,463.7577777777778,0,25
1078,625,0,275,25,36,25,14,0,0,11,-25,-11,121,-14,11,287.4182222222222,25,287.4182222222222,0,11
1079,625,0,0,25,25,25,25,0,0,0,-25,0,0,-25,0,149.85288888888888,25,149.85288888888888,0,0
1080,625,0,0,25,25,25,25,0,0,0,-25,0,0,-25,0,150.05733333333333,25,150.05733333333333,0,0
1081,169,0,0,13,13,13,13,0,0,0,-13,0,0,-13,0,38.924,13,38.924,0,0
1082,1,25,0,26,1,-24,1,625,0,25,24,25,0,-1,-25,12.5,1,12.5,25,0
1083,4,0,0,2,2,2,2,0,0,0,-2,0,0,-2,0,0.5115555555555555,2,0.5115555555555555,0,0
1084,1,25,0,26,1,-24,1,625,0,25,24,25,0,-1,-25,12.655555555555555,1,12.655555555555555,25,0
1085,169,0,0,13,13,13,13,0,0,0,-13,0,0,-13,0,39.09377777777778,13,39.09377777777778,0,0
1086,1,0,25,1,26,1,-24,0,0,25,-1,-25,625,24,25,12.633333333333333,1,12.633333333333333,0,25
1087,1,0,0,1,1,1,1,0,0,0,-1,0,0,-1,0,0.0,1,0.0,0,0
1088,144,0,300,12,37,12,-13,0,0,25,-12,-25,625,13,25,182.60755555555556,12,182.60755555555556,0,25
1089,121,0,275,11,36,11,-14,0,0,25,-11,-25,625,14,25,164.42666666666668,11,164.42666666666668,0,25
1090,625,625,275,50,36,0,14,625,275,36,0,14,121,-14,-14,875.0337777777778,25,600.0337777777778,25,11
1091,1,25,12,26,13,-24,-11,625,300,37,24,13,144,11,-13,318.4393333333333,1,18.43933333333331,25,12
1092,625,0,0,25,25,25,25,0,0,0,-25,0,0,-25,0,150.05377777777778,25,150.05377777777778,0,0
1093,144,0,300,12,37,12,-13,0,0,25,-12,-25,625,13,25,182.58,12,182.58,0,25
1094,144,0,300,12,37,12,-13,0,0,25,-12,-25,625,13,25,183.83377777777778,12,183.83377777777778,0,25
1095,625,0,275,25,36,25,14,0,0,11,-25,-11,121,-14,11,286.9231111111111,25,286.9231111111111,0,11
1096,1,0,0,1,1,1,1,0,0,0,-1,0,0,-1,0,0.0,1,0.0,0,0
1097,625,0,0,25,25,25,25,0,0,0,-25,0,0,-25,0,149.93777777777777,25,149.93777777777777,0,0
1098,625,625,275,50,36,0,14,625,275,36,0,14,121,-14,-14,874.9333333333333,25,599.9333333333333,25,11
1099,289,425,289,42,34,-8,0,625,425,42,8,8,289,0,-8,849.8826666666666,17,424.88266666666664,25,17
1100,144,300,300,37,37,-13,-13,625,625,50,13,0,625,13,0,957.994,12,332.994,25,25
1101,144,300,300,37,37,-13,-13,625,625,50,13,0,625,13,0,958.0062222222223,12,333.0062222222223,25,25
1102,144,300,300,37,37,-13,-13,625,625,50,13,0,625,13,0,958.0786666666667,12,333.07866666666666,25,25
1103,625,0,625,25,50,25,0,0,0,25,-25,-25,625,0,25,463.60333333333335,25,463.60333333333335,0,25
1104,1,25,0,26,1,-24,1,625,0,25,24,25,0,-1,-25,12.46111111111111,1,12.46111111111111,25,0
1105,4,50,0,27,2,-23,2,625,0,25,23,25,0,-2,-25,25.19911111111111,2,25.19911111111111,25,0
1106,1,12,0,13,1,-11,1,144,0,12,11,12,0,-1,-12,5.936,1,5.936,12,0
1107,49,133,0,26,7,-12,7,361,0,19,12,19,0,-7,-19,76.544,7,76.544,19,0
1108,1,0,25,1,26,1,-24,0,0,25,-1,-25,625,24,25,12.71111111111111,1,12.71111111111111,0,25
1109,625,0,625,25,50,25,0,0,0,25,-25,-25,625,0,25,461.6502222222222,25,461.6502222222222,0,25
1110,625,0,0,25,25,25,25,0,0,0,-25,0,0,-25,0,150.268,25,150.268,0,0
1111,196,56,308,18,36,10,-8,16,88,26,-10,-18,484,8,18,314.56822222222223,14,226.56822222222223,4,22
1112,225,0,285,15,34,15,-4,0,0,19,-15,-19,361,4,19,194.862,15,194.862,0,19
1113,144,300,300,37,37,-13,-13,625,625,50,13,0,625,13,0,958.0591111111111,12,333.05911111111106,25,25
1114,1,25,0,26,1,-24,1,625,0,25,24,25,0,-1,-25,12.333333333333334,1,12.333333333333334,25,0
1115,4,50,0,27,2,-23,2,625,0,25,23,25,0,-2,-25,25.840888888888887,2,25.840888888888887,25,0
1116,144,0,300,12,37,12,-13,0,0,25,-12,-25,625,13,25,182.72,12,182.72,0,25
1117,144,0,300,12,37,12,-13,0,0,25,-12,-25,625,13,25,182.7302222222222,12,182.7302222222222,0,25
1118,324,450,450,43,43,-7,-7,625,625,50,7,0,625,7,0,1151.399111111111,18,526.3991111111111,25,25
1119,1,12,0,13,1,-11,1,144,0,12,11,12,0,-1,-12,5.896,1,5.896,12,0
1120,625,625,0,50,25,0,25,625,0,25,0,25,0,-25,-25,461.4413333333333,25,461.4413333333333,25,0
1121,625,0,300,25,37,25,13,0,0,12,-25,-12,144,-13,12,300.0751111111111,25,300.0751111111111,0,12
1122,441,0,273,21,34,21,8,0,0,13,-21,-13,169,-8,13,240.94622222222222,21,240.94622222222222,0,13
1123,1,0,25,1,26,1,-24,0,0,25,-1,-25,625,24,25,12.444444444444445,1,12.444444444444445,0,25
1124,121,0,275,11,36,11,-14,0,0,25,-11,-25,625,14,25,165.03266666666667,11,165.03266666666667,0,25
1125,625,0,625,25,50,25,0,0,0,25,-25,-25,625,0,25,463.7577777777778,25,463.7577777777778,0,25
1126,625,0,275,25,36,25,14,0,0,11,-25,-11,121,-14,11,287.4182222222222,25,287.4182222222222,0,11
1127,625,0,0,25,25,25,25,0,0,0,-25,0,0,-25,0,149.85288888888888,25,149.85288888888888,0,0
1128,625,0,0,25,25,25,25,0,0,0,-25,0,0,-25,0,150.05733333333333,25,150.05733333333333,0,0
1129,169,0,0,13,13,13,13,0,0,0,-13,0,0,-13,0,38.924,13,38.924,0,0
1130,1,25,0,26,1,-24,1,625,0,25,24,25,0,-1,-25,12.5,1,12.5,25,0
1131,4,0,0,2,2,2,2,0,0,0,-2,0,0,-2,0,0.5115555555555555,2,0.5115555555555555,0,0
1132,1,25,0,26,1,-24,1,625,0,25,24,25,0,-1,-25,12.655555555555555,1,12.655555555555555,25,0
1133,169,0,0,13,13,13,13,0,0,0,-13,0,0,-13,0,39.09377777777778,13,39.09377777777778,0,0
1134,1,0,25,1,26,1,-24,0,0,25,-1,-25,625,24,25,12.633333333333333,1,12.633333333333333,0,25
1135,1,0,0,1,1,1,1,0,0,0,-1,0,0,-1,0,0.0,1,0.0,0,0
1136,144,0,300,12,37,12,-13,0,0,25,-12,-25,625,13,25,182.60755555555556,12,182.60755555555556,0,25
1137,121,0,275,11,36,11,-14,0,0,25,-11,-25,625,14,25,164.42666666666668,11,164.42666666666668,0,25
1138,625,625,275,50,36,0,14,625,275,36,0,14,121,-14,-14,875.0337777777778,25,600.0337777777778,25,11
1139,1,25,12,26,13,-24,-11,625,300,37,24,13,144,11,-13,318.4393333333333,1,18.43933333333331,25,12
1140,625,0,0,25,25,25,25,0,0,0,-25,0,0,-25,0,150.05377777777778,25,150.05377777777778,0,0
1141,144,0,300,12,37,12,-13,0,0,25,-12,-25,625,13,25,182.58,12,182.58,0,25
1142,144,0,300,12,37,12,-13,0,0,25,-12,-25,625,13,25,183.83377777777778,12,183.83377777777778,0,25
1143,625,0,275,25,36,25,14,0,0,11,-25,-11,121,-14,11,286.9231111111111,25,286.9231111111111,0,11
1144,1,0,0,1,1,1,1,0,0,0,-1,0,0,-1,0,0.0,1,0.0,0,0
1145,625,0,0,25,25,25,25,0,0,0,-25,0,0,-25,0,149.93777777777777,25,149.93777777777777,0,0
1146,625,625,275,50,36,0,14,625,275,36,0,14,121,-14,-14,874.9333333333333,25,599.9333333333333,25,11
1147,289,425,289,42,34,-8,0,625,425,42,8,8,289,0,-8,849.8826666666666,17,424.88266666666664,25,17
1148,144,300,300,37,37,-13,-13,625,625,50,13,0,625,13,0,957.994,12,332.994,25,25
1149,144,300,300,37,37,-13,-13,625,625,50,13,0,625,13,0,958.0062222222223,12,333.0062222222223,25,25
1150,144,300,300,37,37,-13,-13,625,625,50,13,0,625,13,0,958.0786666666667,12,333.07866666666666,25,25
1151,625,0,625,25,50,25,0,0,0,25,-25,-25,625,0,25,463.60333333333335,25,463.60333333333335,0,25
1152,1,25,0,26,1,-24,1,625,0,25,24,25,0,-1,-25,12.46111111111111,1,12.46111111111111,25,0
1153,4,50,0,27,2,-23,2,625,0,25,23,25,0,-2,-25,25.19911111111111,2,25.19911111111111,25,0
1154,1,12,0,13,1,-11,1,144,0,12,11,12,0,-1,-12,5.936,1,5.936,12,0
1155,49,133,0,26,7,-12,7,361,0,19,12,19,0,-7,-19,76.544,7,76.544,19,0
1156,1,0,25,1,26,1,-24,0,0,25,-1,-25,625,24,25,12.71111111111111,1,12.71111111111111,0,25
1157,625,0,625,25,50,25,0,0,0,25,-25,-25,625,0,25,461.6502222222222,25,461.6502222222222,0,25
1158,625,0,0,25,25,25,25,0,0,0,-25,0,0,-25,0,150.268,25,150.268,0,0
1159,196,56,308,18,36,10,-8,16,88,26,-10,-18,484,8,18,314.56822222222223,14,226.56822222222223,4,22
1160,225,0,285,15,34,15,-4,0,0,19,-15,-19,361,4,19,194.862,15,194.862,0,19
1161,144,300,300,37,37,-13,-13,625,625,50,13,0,625,13,0,958.0591111111111,12,333.05911111111106,25,25
1162,1,25,0,26,1,-24,1,625,0,25,24,25,0,-1,-25,12.333333333333334,1,12.333333333333334,25,0
1163,4,50,0,27,2,-23,2,625,0,25,23,25,0,-2,-25,25.840888888888887,2,25.840888888888887,25,0
1164,144,0,300,12,37,12,-13,0,0,25,-12,-25,625,13,25,182.72,12,182.72,0,25
1165,144,0,300,12,37,12,-13,0,0,25,-12,-25,625,13,25,182.7302222222222,12,182.7302222222222,0,25
1166,324,450,450,43,43,-7,-7,625,625,50,7,0,625,7,0,1151.399111111111,18,526.3991111111111,25,25
1167,1,12,0,13,1,-11,1,144,0,12,11,12,0,-1,-12,5.896,1,5.896,12,0
1168,625,625,0,50,25,0,25,625,0,25,0,25,0,-25,-25,461.4413333333333,25,461.4413333333333,25,0
1169,625,0,300,25,37,25,13,0,0,12,-25,-12,144,-13,12,300.0751111111111,25,300.0751111111111,0,12
1170,441,0,273,21,34,21,8,0,0,13,-21,-13,169,-8,13,240.94622222222222,21,240.94622222222222,0,13
1171,1,0,25,1,26,1,-24,0,0,25,-1,-25,625,24,25,12.444444444444445,1,12.444444444444445,0,25
1172,121,0,275,11,36,11,-14,0,0,25,-11,-25,625,14,25,165.03266666666667,11,165.03266666666667,0,25
1173,625,0,625,25,50,25,0,0,0,25,-25,-25,625,0,25,463.7577777777778,25,463.7577777777778,0,25
1174,625,0,275,25,36,25,14,0,0,11,-25,-11,121,-14,11,287.4182222222222,25,287.4182222222222,0,11
1175,625,0,0,25,25,25,25,0,0,0,-25,0,0,-25,0,149.85288888888888,25,149.85288888888888,0,0
1176,625,0,0,25,25,25,25,0,0,0,-25,0,0,-25,0,150.05733333333333,25,150.05733333333333,0,0
1177,169,0,0,13,13,13,13,0,0,0,-13,0,0,-13,0,38.924,13,38.924,0,0
1178,1,25,0,26,1,-24,1,625,0,25,24,25,0,-1,-25,12.5,1,12.5,25,0
1179,4,0,0,2,2,2,2,0,0,0,-2,0,0,-2,0,0.5115555555555555,2,0.5115555555555555,0,0
1180,1,25,0,26,1,-24,1,625,0,25,24,25,0,-1,-25,12.655555555555555,1,12.655555555555555,25,0
1181,169,0,0,13,13,13,13,0,0,0,-13,0,0,-13,0,39.09377777777778,13,39.09377777777778,0,0
1182,1,0,25,1,26,1,-24,0,0,25,-1,-25,625,24,25,12.633333333333333,1,12.633333333333333,0,25
1183,1,0,0,1,1,1,1,0,0,0,-1,0,0,-1,0,0.0,1,0.0,0,0
1184,144,0,300,12,37,12,-13,0,0,25,-12,-25,625,13,25,182.60755555555556,12,182.60755555555556,0,25
1185,121,0,275,11,36,11,-14,0,0,25,-11,-25,625,14,25,164.42666666666668,11,164.42666666666668,0,25
1186,625,625,275,50,36,0,14,625,275,36,0,14,121,-14,-14,875.0337777777778,25,600.0337777777778,25,11
1187,1,25,12,26,13,-24,-11,625,300,37,24,13,144,11,-13,318.4393333333333,1,18.43933333333331,25,12
1188,625,0,0,25,25,25,25,0,0,0,-25,0,0,-25,0,150.05377777777778,25,150.05377777777778,0,0
1189,144,0,300,12,37,12,-13,0,0,25,-12,-25,625,13,25,182.58,12,182.58,0,25
1190,144,0,300,12,37,12,-13,0,0,25,-12,-25,625,13,25,183.83377777777778,12,183.83377777777778,0,25
1191,625,0,275,25,36,25,14,0,0,11,-25,-11,121,-14,11,286.9231111111111,25,286.9231111111111,0,11
1192,1,0,0,1,1,1,1,0,0,0,-1,0,0,-1,0,0.0,1,0.0,0,0
1193,625,0,0,25,25,25,25,0,0,0,-25,0,0,-25,0,149.93777777777777,25,149.93777777777777,0,0
1194,625,625,275,50,36,0,14,625,275,36,0,14,121,-14,-14,874.9333333333333,25,599.9333333333333,25,11
1195,289,425,289,42,34,-8,0,625,425,42,8,8,289,0,-8,849.8826666666666,17,424.88266666666664,25,17
1196,144,300,300,37,37,-13,-13,625,625,50,13,0,625,13,0,957.994,12,332.994,25,25
1197,144,300,300,37,37,-13,-13,625,625,50,13,0,625,13,0,958.0062222222223,12,333.0062222222223,25,25
1198,144,300,300,37,37,-13,-13,625,625,50,13,0,625,13,0,958.0786666666667,12,333.07866666666666,25,25
1199,625,0,625,25,50,25,0,0,0,25,-25,-25,625,0,25,463.60333333333335,25,463.60333333333335,0,25
1200,1,25,0,26,1,-24,1,625,0,25,24,25,0,-1,-25,12.46111111111111,1,12.46111111111111,25,0
1201,4,50,0,27,2,-23,2,625,0,25,23,25,0,-2,-25,25.19911111111111,2,25.19911111111111,25,0
1202,1,12,0,13,1,-11,1,144,0,12,11,12,0,-1,-12,5.936,1,5.936,12,0
1203,49,133,0,26,7,-12,7,361,0,19,12,19,0,-7,-19,76.544,7,76.544,19,0
1204,1,0,25,1,26,1,-24,0,0,25,-1,-25,625,24,25,12.71111111111111,1,12.71111111111111,0,25
1205,625,0,625,25,50,25,0,0,0,25,-25,-25,625,0,25,461.6502222222222,25,461.6502222222222,0,25
1206,625,0,0,25,25,25,25,0,0,0,-25,0,0,-25,0,150.268,25,150.268,0,0
1207,196,56,308,18,36,10,-8,16,88,26,-10,-18,484,8,18,314.56822222222223,14,226.56822222222223,4,22
1208,225,0,285,15,34,15,-4,0,0,19,-15,-19,361,4,19,194.862,15,194.862,0,19
1209,144,300,300,37,37,-13,-13,625,625,50,13,0,625,13,0,958.0591111111111,12,333.05911111111106,25,25
1210,1,25,0,26,1,-24,1,625,0,25,24,25,0,-1,-25,12.333333333333334,1,12.333333333333334,25,0
1211,4,50,0,27,2,-23,2,625,0,25,23,25,0,-2,-25,25.840888888888887,2,25.840888888888887,25,0
1212,144,0,300,12,37,12,-13,0,0,25,-12,-25,625,13,25,182.72,12,182.72,0,25
1213,144,0,300,12,37,12,-13,0,0,25,-12,-25,625,13,25,182.7302222222222,12,182.7302222222222,0,25
1214,324,450,450,43,43,-7,-7,625,625,50,7,0,625,7,0,1151.399111111111,18,526.3991111111111,25,25
1215,1,12,0,13,1,-11,1,144,0,12,11,12,0,-1,-12,5.896,1,5.896,12,0
1216,625,625,0,50,25,0,25,625,0,25,0,25,0,-25,-25,461.4413333333333,25,461.4413333333333,25,0
1217,625,0,300,25,37,25,13,0,0,12,-25,-12,144,-13,12,300.0751111111111,25,300.0751111111111,0,12
1218,441,0,273,21,34,21,8,0,0,13,-21,-13,169,-8,13,240.94622222222222,21,240.94622222222222,0,13
1219,1,0,25,1,26,1,-24,0,0,25,-1,-25,625,24,25,12.444444444444445,1,12.444444444444445,0,25
1220,121,0,275,11,36,11,-14,0,0,25,-11,-25,625,14,25,165.03266666666667,11,165.03266666666667,0,25
1221,625,0,625,25,50,25,0,0,0,25,-25,-25,625,0,25,463.7577777777778,25,463.7577777777778,0,25
1222,625,0,275,25,36,25,14,0,0,11,-25,-11,121,-14,11,287.4182222222222,25,287.4182222222222,0,11
1223,625,0,0,25,25,25,25,0,0,0,-25,0,0,-25,0,149.85288888888888,25,149.85288888888888,0,0
1224,625,0,0,25,25,25,25,0,0,0,-25,0,0,-25,0,150.05733333333333,25,150.05733333333333,0,0
1225,169,0,0,13,13,13,13,0,0,0,-13,0,0,-13,0,38.924,13,38.924,0,0
1226,1,25,0,26,1,-24,1,625,0,25,24,25,0,-1,-25,12.5,1,12.5,25,0
1227,4,0,0,2,2,2,2,0,0,0,-2,0,0,-2,0,0.5115555555555555,2,0.5115555555555555,0,0
1228,1,25,0,26,1,-24,1,625,0,25,24,25,0,-1,-25,12.655555555555555,1,12.655555555555555,25,0
1229,169,0,0,13,13,13,13,0,0,0,-13,0,0,-13,0,39.09377777777778,13,39.09377777777778,0,0
1230,1,0,25,1,26,1,-24,0,0,25,-1,-25,625,24,25,12.633333333333333,1,12.633333333333333,0,25
1231,1,0,0,1,1,1,1,0,0,0,-1,0,0,-1,0,0.0,1,0.0,0,0
1232,144,0,300,12,37,12,-13,0,0,25,-12,-25,625,13,25,182.60755555555556,12,182.60755555555556,0,25
1233,121,0,275,11,36,11,-14,0,0,25,-11,-25,625,14,25,164.42666666666668,11,164.42666666666668,0,25
1234,625,625,275,50,36,0,14,625,275,36,0,14,121,-14,-14,875.0337777777778,25,600.0337777777778,25,11
1235,1,25,12,26,13,-24,-11,625,300,37,24,13,144,11,-13,318.4393333333333,1,18.43933333333331,25,12
1236,625,0,0,25,25,25,25,0,0,0,-25,0,0,-25,0,150.05377777777778,25,150.05377777777778,0,0
1237,144,0,300,12,37,12,-13,0,0,25,-12,-25,625,13,25,182.58,12,182.58,0,25
1238,144,0,300,12,37,12,-13,0,0,25,-12,-25,625,13,25,183.83377777777778,12,183.83377777777778,0,25
1239,625,0,275,25,36,25,14,0,0,11,-25,-11,121,-14,11,286.9231111111111,25,286.9231111111111,0,11
1240,1,0,0,1,1,1,1,0,0,0,-1,0,0,-1,0,0.0,1,0.0,0,0
1241,625,0,0,25,25,25,25,0,0,0,-25,0,0,-25,0,149.93777777777777,25,149.93777777777777,0,0
1242,625,625,275,50,36,0,14,625,275,36,0,14,121,-14,-14,874.9333333333333,25,599.9333333333333,25,11
1243,289,425,289,42,34,-8,0,625,425,42,8,8,289,0,-8,849.8826666666666,17,424.88266666666664,25,17
1244,144,300,300,37,37,-13,-13,625,625,50,13,0,625,13,0,957.994,12,332.994,25,25
1245,144,300,300,37,37,-13,-13,625,625,50,13,0,625,13,0,958.0062222222223,12,333.0062222222223,25,25
1246,144,300,300,37,37,-13,-13,625,625,50,13,0,625,13,0,958.0786666666667,12,333.07866666666666,25,25
1247,625,0,625,25,50,25,0,0,0,25,-25,-25,625,0,25,463.60333333333335,25,463.60333333333335,0,25
1248,1,25,0,26,1,-24,1,625,0,25,24,25,0,-1,-25,12.46111111111111,1,12.46111111111111,25,0
1249,4,50,0,27,2,-23,2,625,0,25,23,25,0,-2,-25,25.19911111111111,2,25.19911111111111,25,0
1250,1,12,0,13,1,-11,1,144,0,12,11,12,0,-1,-12,5.936,1,5.936,12,0
1251,49,133,0,26,7,-12,7,361,0,19,12,19,0,-7,-19,76.544,7,76.544,19,0
1252,1,0,25,1,26,1,-24,0,0,25,-1,-25,625,24,25,12.71111111111111,1,12.71111111111111,0,25
1253,625,0,625,25,50,25,0,0,0,25,-25,-25,625,0,25,461.6502222222222,25,461.6502222222222,0,25
1254,625,0,0,25,25,25,25,0,0,0,-25,0,0,-25,0,150.268,25,150.268,0,0
1255,196,56,308,18,36,10,-8,16,88,26,-10,-18,484,8,18,314.56822222222223,14,226.56822222222223,4,22
1256,225,0,285,15,34,15,-4,0,0,19,-15,-19,361,4,19,194.862,15,194.862,0,19
1257,144,300,300,37,37,-13,-13,625,625,50,13,0,625,13,0,958.0591111111111,12,333.05911111111106,25,25
1258,1,25,0,26,1,-24,1,625,0,25,24,25,0,-1,-25,12.333333333333334,1,12.333333333333334,25,0
1259,4,50,0,27,2,-23,2,625,0,25,23,25,0,-2,-25,25.840888888888887,2,25.840888888888887,25,0
1260,144,0,300,12,37,12,-13,0,0,25,-12,-25,625,13,25,182.72,12,182.72,0,25
1261,144,0,300,12,37,12,-13,0,0,25,-12,-25,625,13,25,182.7302222222222,12,182.7302222222222,0,25
1262,324,450,450,43,43,-7,-7,625,625,50,7,0,625,7,0,1151.399111111111,18,526.3991111111111,25,25
1263,1,12,0,13,1,-11,1,144,0,12,11,12,0,-1,-12,5.896,1,5.896,12,0
1264,625,625,0,50,25,0,25,625,0,25,0,25,0,-25,-25,461.4413333333333,25,461.4413333333333,25,0
1265,625,0,300,25,37,25,13,0,0,12,-25,-12,144,-13,12,300.0751111111111,25,300.0751111111111,0,12
1266,441,0,273,21,34,21,8,0,0,13,-21,-13,169,-8,13,240.94622222222222,21,240.94622222222222,0,13
1267,1,0,25,1,26,1,-24,0,0,25,-1,-25,625,24,25,12.444444444444445,1,12.444444444444445,0,25
1268,121,0,275,11,36,11,-14,0,0,25,-11,-25,625,14,25,165.03266666666667,11,165.03266666666667,0,25
1269,625,0,625,25,50,25,0,0,0,25,-25,-25,625,0,25,463.7577777777778,25,463.7577777777778,0,25
1270,625,0,275,25,36,25,14,0,0,11,-25,-11,121,-14,11,287.4182222222222,25,287.4182222222222,0,11
1271,625,0,0,25,25,25,25,0,0,0,-25,0,0,-25,0,149.85288888888888,25,149.85288888888888,0,0
1272,625,0,0,25,25,25,25,0,0,0,-25,0,0,-25,0,150.05733333333333,25,150.05733333333333,0,0
1273,169,0,0,13,13,13,13,0,0,0,-13,0,0,-13,0,38.924,13,38.924,0,0
1274,1,25,0,26,1,-24,1,625,0,25,24,25,0,-1,-25,12.5,1,12.5,25,0
1275,4,0,0,2,2,2,2,0,0,0,-2,0,0,-2,0,0.5115555555555555,2,0.5115555555555555,0,0
1276,1,25,0,26,1,-24,1,625,0,25,24,25,0,-1,-25,12.655555555555555,1,12.655555555555555,25,0
1277,169,0,0,13,13,13,13,0,0,0,-13,0,0,-13,0,39.09377777777778,13,39.09377777777778,0,0
1278,1,0,25,1,26,1,-24,0,0,25,-1,-25,625,24,25,12.633333333333333,1,12.633333333333333,0,25
1279,1,0,0,1,1,1,1,0,0,0,-1,0,0,-1,0,0.0,1,0.0,0,0
1280,144,0,300,12,37,12,-13,0,0,25,-12,-25,625,13,25,182.60755555555556,12,182.60755555555556,0,25
1281,121,0,275,11,36,11,-14,0,0,25,-11,-25,625,14,25,164.42666666666668,11,164.42666666666668,0,25
1282,625,625,275,50,36,0,14,625,275,36,0,14,121,-14,-14,875.0337777777778,25,600.0337777777778,25,11
1283,1,25,12,26,13,-24,-11,625,300,37,24,13,144,11,-13,318.4393333333333,1,18.43933333333331,25,12
1284,625,0,0,25,25,25,25,0,0,0,-25,0,0,-25,0,150.05377777777778,25,150.05377777777778,0,0
1285,144,0,300,12,37,12,-13,0,0,25,-12,-25,625,13,25,182.58,12,182.58,0,25
1286,144,0,300,12,37,12,-13,0,0,25,-12,-25,625,13,25,183.83377777777778,12,183.83377777777778,0,25
1287,625,0,275,25,36,25,14,0,0,11,-25,-11,121,-14,11,286.9231111111111,25,286.9231111111111,0,11
1288,1,0,0,1,1,1,1,0,0,0,-1,0,0,-1,0,0.0,1,0.0,0,0
1289,625,0,0,25,25,25,25,0,0,0,-25,0,0,-25,0,149.93777777777777,25,149.93777777777777,0,0
1290,625,625,275,50,36,0,14,625,275,36,0,14,121,-14,-14,874.9333333333333,25,599.9333333333333,25,11
1291,289,425,289,42,34,-8,0,625,425,42,8,8,289,0,-8,849.8826666666666,17,424.88266666666664,25,17
1292,144,300,300,37,37,-13,-13,625,625,50,13,0,625,13,0,957.994,12,332.994,25,25
1293,144,300,300,37,37,-13,-13,625,625,50,13,0,625,13,0,958.0062222222223,12,333.0062222222223,25,25
1294,144,300,300,37,37,-13,-13,625,625,50,13,0,625,13,0,958.0786666666667,12,333.07866666666666,25,25
1295,625,0,625,25,50,25,0,0,0,25,-25,-25,625,0,25,463.60333333333335,25,463.60333333333335,0,25
1296,1,25,0,26,1,-24,1,625,0,25,24,25,0,-1,-25,12.46111111111111,1,12.46111111111111,25,0
1297,4,50,0,27,2,-23,2,625,0,25,23,25,0,-2,-25,25.19911111111111,2,25.19911111111111,25,0
1298,1,12,0,13,1,-11,1,144,0,12,11,12,0,-1,-12,5.936,1,5.936,12,0
1299,49,133,0,26,7,-12,7,361,0,19,12,19,0,-7,-19,76.544,7,76.544,19,0
1300,1,0,25,1,26,1,-24,0,0,25,-1,-25,625,24,25,12.71111111111111,1,12.71111111111111,0,25
1301,625,0,625,25,50,25,0,0,0,25,-25,-25,625,0,25,461.6502222222222,25,461.6502222222222,0,25
1302,625,0,0,25,25,25,25,0,0,0,-25,0,0,-25,0,150.268,25,150.268,0,0
1303,196,56,308,18,36,10,-8,16,88,26,-10,-18,484,8,18,314.56822222222223,14,226.56822222222223,4,22
1304,225,0,285,15,34,15,-4,0,0,19,-15,-19,361,4,19,194.862,15,194.862,0,19
1305,144,300,300,37,37,-13,-13,625,625,50,13,0,625,13,0,958.0591111111111,12,333.05911111111106,25,25
1306,1,25,0,26,1,-24,1,625,0,25,24,25,0,-1,-25,12.333333333333334,1,12.333333333333334,25,0
1307,4,50,0,27,2,-23,2,625,0,25,23,25,0,-2,-25,25.840888888888887,2,25.840888888888887,25,0
1308,144,0,300,12,37,12,-13,0,0,25,-12,-25,625,13,25,182.72,12,182.72,0,25
1309,144,0,300,12,37,12,-13,0,0,25,-12,-25,625,13,25,182.7302222222222,12,182.7302222222222,0,25
1310,324,450,450,43,43,-7,-7,625,625,50,7,0,625,7,0,1151.399111111111,18,526.3991111111111,25,25
1311,1,12,0,13,1,-11,1,144,0,12,11,12,0,-1,-12,5.896,1,5.896,12,0
1312,625,625,0,50,25,0,25,625,0,25,0,25,0,-25,-25,461.4413333333333,25,461.4413333333333,25,0
1313,625,0,300,25,37,25,13,0,0,12,-25,-12,144,-13,12,300.0751111111111,25,300.0751111111111,0,12
1314,441,0,273,21,34,21,8,0,0,13,-21,-13,169,-8,13,240.94622222222222,21,240.94622222222222,0,13
1315,1,0,25,1,26,1,-24,0,0,25,-1,-25,625,24,25,12.444444444444445,1,12.444444444444445,0,25
1316,121,0,275,11,36,11,-14,0,0,25,-11,-25,625,14,25,165.03266666666667,11,165.03266666666667,0,25
1317,625,0,625,25,50,25,0,0,0,25,-25,-25,625,0,25,463.7577777777778,25,463.7577777777778,0,25
1318,625,0,275,25,36,25,14,0,0,11,-25,-11,121,-14,11,287.4182222222222,25,287.4182222222222,0,11
1319,625,0,0,25,25,25,25,0,0,0,-25,0,0,-25,0,149.85288888888888,25,149.85288888888888,0,0
1320,625,0,0,25,25,25,25,0,0,0,-25,0,0,-25,0,150.05733333333333,25,150.05733333333333,0,0
1321,169,0,0,13,13,13,13,0,0,0,-13,0,0,-13,0,38.924,13,38.924,0,0
1322,1,25,0,26,1,-24,1,625,0,25,24,25,0,-1,-25,12.5,1,12.5,25,0
1323,4,0,0,2,2,2,2,0,0,0,-2,0,0,-2,0,0.5115555555555555,2,0.5115555555555555,0,0
1324,1,25,0,26,1,-24,1,625,0,25,24,25,0,-1,-25,12.655555555555555,1,12.655555555555555,25,0
1325,169,0,0,13,13,13,13,0,0,0,-13,0,0,-13,0,39.09377777777778,13,39.09377777777778,0,0
1326,1,0,25,1,26,1,-24,0,0,25,-1,-25,625,24,25,12.633333333333333,1,12.633333333333333,0,25
1327,1,0,0,1,1,1,1,0,0,0,-1,0,0,-1,0,0.0,1,0.0,0,0
1328,144,0,300,12,37,12,-13,0,0,25,-12,-25,625,13,25,182.60755555555556,12,182.60755555555556,0,25
1329,121,0,275,11,36,11,-14,0,0,25,-11,-25,625,14,25,164.42666666666668,11,164.42666666666668,0,25
1330,625,625,275,50,36,0,14,625,275,36,0,14,121,-14,-14,875.0337777777778,25,600.0337777777778,25,11
1331,1,25,12,26,13,-24,-11,625,300,37,24,13,144,11,-13,318.4393333333333,1,18.43933333333331,25,12
1332,625,0,0,25,25,25,25,0,0,0,-25,0,0,-25,0,150.05377777777778,25,150.05377777777778,0,0
1333,144,0,300,12,37,12,-13,0,0,25,-12,-25,625,13,25,182.58,12,182.58,0,25
1334,144,0,300,12,37,12,-13,0,0,25,-12,-25,625,13,25,183.83377777777778,12,183.83377777777778,0,25
1335,625,0,275,25,36,25,14,0,0,11,-25,-11,121,-14,11,286.9231111111111,25,286.9231111111111,0,11
1336,1,0,0,1,1,1,1,0,0,0,-1,0,0,-1,0,0.0,1,0.0,0,0
1337,625,0,0,25,25,25,25,0,0,0,-25,0,0,-25,0,149.93777777777777,25,149.93777777777777,0,0
1338,625,625,275,50,36,0,14,625,275,36,0,14,121,-14,-14,874.9333333333333,25,599.9333333333333,25,11
1339,289,425,289,42,34,-8,0,625,425,42,8,8,289,0,-8,849.8826666666666,17,424.88266666666664,25,17
1340,144,300,300,37,37,-13,-13,625,625,50,13,0,625,13,0,957.994,12,332.994,25,25
1341,144,300,300,37,37,-13,-13,625,625,50,13,0,625,13,0,958.0062222222223,12,333.0062222222223,25,25
1342,144,300,300,37,37,-13,-13,625,625,50,13,0,625,13,0,958.0786666666667,12,333.07866666666666,25,25
1343,625,0,625,25,50,25,0,0,0,25,-25,-25,625,0,25,463.60333333333335,25,463.60333333333335,0,25
1344,1,25,0,26,1,-24,1,625,0,25,24,25,0,-1,-25,12.46111111111111,1,12.46111111111111,25,0
1345,4,50,0,27,2,-23,2,625,0,25,23,25,0,-2,-25,25.19911111111111,2,25.19911111111111,25,0
1346,1,12,0,13,1,-11,1,144,0,12,11,12,0,-1,-12,5.936,1,5.936,12,0
1347,49,133,0,26,7,-12,7,361,0,19,12,19,0,-7,-19,76.544,7,76.544,19,0
1348,1,0,25,1,26,1,-24,0,0,25,-1,-25,625,24,25,12.71111111111111,1,12.71111111111111,0,25
1349,625,0,625,25,50,25,0,0,0,25,-25,-25,625,0,25,461.6502222222222,25,461.6502222222222,0,25
1350,625,0,0,25,25,25,25,0,0,0,-25,0,0,-25,0,150.268,25,150.268,0,0
1351,196,56,308,18,36,10,-8,16,88,26,-10,-18,484,8,18,314.56822222222223,14,226.56822222222223,4,22
1352,225,0,285,15,34,15,-4,0,0,19,-15,-19,361,4,19,194.862,15,194.862,0,19
1353,144,300,300,37,37,-13,-13,625,625,50,13,0,625,13,0,958.0591111111111,12,333.05911111111106,25,25
1354,1,25,0,26,1,-24,1,625,0,25,24,25,0,-1,-25,12.333333333333334,1,12.333333333333334,25,0
1355,4,50,0,27,2,-23,2,625,0,25,23,25,0,-2,-25,25.840888888888887,2,25.840888888888887,25,0
1356,144,0,300,12,37,12,-13,0,0,25,-12,-25,625,13,25,182.72,12,182.72,0,25
1357,144,0,300,12,37,12,-13,0,0,25,-12,-25,625,13,25,182.7302222222222,12,182.7302222222222,0,25
1358,324,450,450,43,43,-7,-7,625,625,50,7,0,625,7,0,1151.399111111111,18,526.3991111111111,25,25
1359,1,12,0,13,1,-11,1,144,0,12,11,12,0,-1,-12,5.896,1,5.896,12,0
1360,625,625,0,50,25,0,25,625,0,25,0,25,0,-25,-25,461.4413333333333,25,461.4413333333333,25,0
1361,625,0,300,25,37,25,13,0,0,12,-25,-12,144,-13,12,300.0751111111111,25,300.0751111111111,0,12
1362,441,0,273,21,34,21,8,0,0,13,-21,-13,169,-8,13,240.94622222222222,21,240.94622222222222,0,13
1363,1,0,25,1,26,1,-24,0,0,25,-1,-25,625,24,25,12.444444444444445,1,12.444444444444445,0,25
1364,121,0,275,11,36,11,-14,0,0,25,-11,-25,625,14,25,165.03266666666667,11,165.03266666666667,0,25
1365,625,0,625,25,50,25,0,0,0,25,-25,-25,625,0,25,463.7577777777778,25,463.7577777777778,0,25
1366,625,0,275,25,36,25,14,0,0,11,-25,-11,121,-14,11,287.4182222222222,25,287.4182222222222,0,11
1367,625,0,0,25,25,25,25,0,0,0,-25,0,0,-25,0,149.85288888888888,25,149.85288888888888,0,0
1368,625,0,0,25,25,25,25,0,0,0,-25,0,0,-25,0,150.05733333333333,25,150.05733333333333,0,0
1369,169,0,0,13,13,13,13,0,0,0,-13,0,0,-13,0,38.924,13,38.924,0,0
1370,1,25,0,26,1,-24,1,625,0,25,24,25,0,-1,-25,12.5,1,12.5,25,0
1371,4,0,0,2,2,2,2,0,0,0,-2,0,0,-2,0,0.5115555555555555,2,0.5115555555555555,0,0
1372,1,25,0,26,1,-24,1,625,0,25,24,25,0,-1,-25,12.655555555555555,1,12.655555555555555,25,0
1373,169,0,0,13,13,13,13,0,0,0,-13,0,0,-13,0,39.09377777777778,13,39.09377777777778,0,0
1374,1,0,25,1,26,1,-24,0,0,25,-1,-25,625,24,25,12.633333333333333,1,12.633333333333333,0,25
1375,1,0,0,1,1,1,1,0,0,0,-1,0,0,-1,0,0.0,1,0.0,0,0
1376,144,0,300,12,37,12,-13,0,0,25,-12,-25,625,13,25,182.60755555555556,12,182.60755555555556,0,25
1377,121,0,275,11,36,11,-14,0,0,25,-11,-25,625,14,25,164.42666666666668,11,164.42666666666668,0,25
1378,625,625,275,50,36,0,14,625,275,36,0,14,121,-14,-14,875.0337777777778,25,600.0337777777778,25,11
1379,1,25,12,26,13,-24,-11,625,300,37,24,13,144,11,-13,318.4393333333333,1,18.43933333333331,25,12
1380,625,0,0,25,25,25,25,0,0,0,-25,0,0,-25,0,150.05377777777778,25,150.05377777777778,0,0
1381,144,0,300,12,37,12,-13,0,0,25,-12,-25,625,13,25,182.58,12,182.58,0,25
1382,144,0,300,12,37,12,-13,0,0,25,-12,-25,625,13,25,183.83377777777778,12,183.83377777777778,0,25
1383,625,0,275,25,36,25,14,0,0,11,-25,-11,121,-14,11,286.9231111111111,25,286.9231111111111,0,11
1384,1,0,0,1,1,1,1,0,0,0,-1,0,0,-1,0,0.0,1,0.0,0,0
1385,625,0,0,25,25,25,25,0,0,0,-25,0,0,-25,0,149.93777777777777,25,149.93777777777777,0,0
1386,625,625,275,50,36,0,14,625,275,36,0,14,121,-14,-14,874.9333333333333,25,599.9333333333333,25,11
1387,289,425,289,42,34,-8,0,625,425,42,8,8,289,0,-8,849.8826666666666,17,424.88266666666664,25,17
1388,144,300,300,37,37,-13,-13,625,625,50,13,0,625,13,0,957.994,12,332.994,25,25
1389,144,300,300,37,37,-13,-13,625,625,50,13,0,625,13,0,958.0062222222223,12,333.0062222222223,25,25
1390,144,300,300,37,37,-13,-13,625,625,50,13,0,625,13,0,958.0786666666667,12,333.07866666666666,25,25
1391,625,0,625,25,50,25,0,0,0,25,-25,-25,625,0,25,463.60333333333335,25,463.60333333333335,0,25
1392,1,25,0,26,1,-24,1,625,0,25,24,25,0,-1,-25,12.46111111111111,1,12.46111111111111,25,0
1393,4,50,0,27,2,-23,2,625,0,25,23,25,0,-2,-25,25.19911111111111,2,25.19911111111111,25,0
1394,1,12,0,13,1,-11,1,144,0,12,11,12,0,-1,-12,5.936,1,5.936,12,0
1395,49,133,0,26,7,-12,7,361,0,19,12,19,0,-7,-19,76.544,7,76.544,19,0
1396,1,0,25,1,26,1,-24,0,0,25,-1,-25,625,24,25,12.71111111111111,1,12.71111111111111,0,25
1397,625,0,625,25,50,25,0,0,0,25,-25,-25,625,0,25,461.6502222222222,25,461.6502222222222,0,25
1398,625,0,0,25,25,25,25,0,0,0,-25,0,0,-25,0,150.268,25,150.268,0,0
1399,196,56,308,18,36,10,-8,16,88,26,-10,-18,484,8,18,314.56822222222223,14,226.56822222222223,4,22
1400,225,0,285,15,34,15,-4,0,0,19,-15,-19,361,4,19,194.862,15,194.862,0,19
1401,144,300,300,37,37,-13,-13,625,625,50,13,0,625,13,0,958.0591111111111,12,333.05911111111106,25,25
1402,1,25,0,26,1,-24,1,625,0,25,24,25,0,-1,-25,12.333333333333334,1,12.333333333333334,25,0
1403,4,50,0,27,2,-23,2,625,0,25,23,25,0,-2,-25,25.840888888888887,2,25.840888888888887,25,0
1404,144,0,300,12,37,12,-13,0,0,25,-12,-25,625,13,25,182.72,12,182.72,0,25
1405,144,0,300,12,37,12,-13,0,0,25,-12,-25,625,13,25,182.7302222222222,12,182.7302222222222,0,25
1406,324,450,450,43,43,-7,-7,625,625,50,7,0,625,7,0,1151.399111111111,18,526.3991111111111,25,25
1407,1,12,0,13,1,-11,1,144,0,12,11,12,0,-1,-12,5.896,1,5.896,12,0
1408,625,625,0,50,25,0,25,625,0,25,0,25,0,-25,-25,461.4413333333333,25,461.4413333333333,25,0
1409,625,0,300,25,37,25,13,0,0,12,-25,-12,144,-13,12,300.0751111111111,25,300.0751111111111,0,12
1410,441,0,273,21,34,21,8,0,0,13,-21,-13,169,-8,13,240.94622222222222,21,240.94622222222222,0,13
1411,1,0,25,1,26,1,-24,0,0,25,-1,-25,625,24,25,12.444444444444445,1,12.444444444444445,0,25
1412,121,0,275,11,36,11,-14,0,0,25,-11,-25,625,14,25,165.03266666666667,11,165.03266666666667,0,25
1413,625,0,625,25,50,25,0,0,0,25,-25,-25,625,0,25,463.7577777777778,25,463.7577777777778,0,25
1414,625,0,275,25,36,25,14,0,0,11,-25,-11,121,-14,11,287.4182222222222,25,287.4182222222222,0,11
1415,625,0,0,25,25,25,25,0,0,0,-25,0,0,-25,0,149.85288888888888,25,149.85288888888888,0,0
1416,625,0,0,25,25,25,25,0,0,0,-25,0,0,-25,0,150.05733333333333,25,150.05733333333333,0,0
1417,169,0,0,13,13,13,13,0,0,0,-13,0,0,-13,0,38.924,13,38.924,0,0
1418,1,25,0,26,1,-24,1,625,0,25,24,25,0,-1,-25,12.5,1,12.5,25,0
1419,4,0,0,2,2,2,2,0,0,0,-2,0,0,-2,0,0.5115555555555555,2,0.5115555555555555,0,0
1420,1,25,0,26,1,-24,1,625,0,25,24,25,0,-1,-25,12.655555555555555,1,12.655555555555555,25,0
1421,169,0,0,13,13,13,13,0,0,0,-13,0,0,-13,0,39.09377777777778,13,39.09377777777778,0,0
1422,1,0,25,1,26,1,-24,0,0,25,-1,-25,625,24,25,12.633333333333333,1,12.633333333333333,0,25
1423,1,0,0,1,1,1,1,0,0,0,-1,0,0,-1,0,0.0,1,0.0,0,0
1424,144,0,300,12,37,12,-13,0,0,25,-12,-25,625,13,25,182.60755555555556,12,182.60755555555556,0,25
1425,121,0,275,11,36,11,-14,0,0,25,-11,-25,625,14,25,164.42666666666668,11,164.42666666666668,0,25
1426,625,625,275,50,36,0,14,625,275,36,0,14,121,-14,-14,875.0337777777778,25,600.0337777777778,25,11
1427,1,25,12,26,13,-24,-11,625,300,37,24,13,144,11,-13,318.4393333333333,1,18.43933333333331,25,12
1428,625,0,0,25,25,25,25,0,0,0,-25,0,0,-25,0,150.05377777777778,25,150.05377777777778,0,0
1429,144,0,300,12,37,12,-13,0,0,25,-12,-25,625,13,25,182.58,12,182.58,0,25
1430,144,0,300,12,37,12,-13,0,0,25,-12,-25,625,13,25,183.83377777777778,12,183.83377777777778,0,25
1431,625,0,275,25,36,25,14,0,0,11,-25,-11,121,-14,11,286.9231111111111,25,286.9231111111111,0,11
1432,1,0,0,1,1,1,1,0,0,0,-1,0,0,-1,0,0.0,1,0.0,0,0
1433,625,0,0,25,25,25,25,0,0,0,-25,0,0,-25,0,149.93777777777777,25,149.93777777777777,0,0
1434,625,625,275,50,36,0,14,625,275,36,0,14,121,-14,-14,874.9333333333333,25,599.9333333333333,25,11
1435,289,425,289,42,34,-8,0,625,425,42,8,8,289,0,-8,849.8826666666666,17,424.88266666666664,25,17
1436,144,300,300,37,37,-13,-13,625,625,50,13,0,625,13,0,957.994,12,332.994,25,25
1437,144,300,300,37,37,-13,-13,625,625,50,13,0,625,13,0,958.0062222222223,12,333.0062222222223,25,25
1438,144,300,300,37,37,-13,-13,625,625,50,13,0,625,13,0,958.0786666666667,12,333.07866666666666,25,25
1439,625,0,625,25,50,25,0,0,0,25,-25,-25,625,0,25,463.60333333333335,25,463.60333333333335,0,25
0,49,42,28,13,11,1,3,36,24,10,-1,2,16,-3,-2,69.42533333333333,7,45.42533333333333,6,4
1,100,130,80,23,18,-3,2,169,104,21,3,5,64,-2,-5,231.632,10,127.632,13,8
2,400,80,400,24,40,16,0,16,80,24,-16,-16,400,0,16,413.98533333333336,20,333.98533333333336,4,20
3,4,0,26,2,15,2,-11,0,0,13,-2,-13,169,11,13,13.310666666666666,2,13.310666666666666,0,13
4,64,160,48,28,14,-12,2,400,120,26,12,14,36,-2,-14,238.58133333333333,8,118.58133333333333,20,6
5,196,252,224,32,30,-4,-2,324,288,34,4,2,256,2,-2,571.3646666666667,14,283.3646666666667,18,16
6,144,204,180,29,27,-5,-3,289,255,32,5,2,225,3,-2,480.18333333333334,12,225.18333333333334,17,15
7,196,84,224,20,30,8,-2,36,96,22,-8,-10,256,2,10,295.7486666666667,14,199.74866666666668,6,16
8,81,144,72,25,17,-7,1,256,128,24,7,8,64,-1,-8,254.43466666666666,9,126.43466666666666,16,8
9,144,228,132,31,23,-7,1,361,209,30,7,8,121,-1,-8,422.032,12,213.03199999999998,19,11
10,169,208,0,29,13,-3,13,256,0,16,3,16,0,-13,-16,143.12533333333334,13,143.12533333333334,16,0
11,169,221,208,30,29,-4,-3,289,272,33,4,1,256,3,-1,525.4726666666667,13,253.47266666666667,17,16
12,361,247,152,32,27,6,11,169,104,21,-6,5,64,-11,-5,388.7626666666667,19,284.7626666666667,13,8
13,289,68,170,21,27,13,7,16,40,14,-13,-6,100,-7,6,227.15466666666666,17,187.15466666666666,4,10
14,36,6,42,7,13,5,-1,1,7,8,-5,-6,49,1,6,38.51866666666667,6,31.518666666666668,1,7
15,25,30,90,11,23,-1,-13,36,108,24,1,-12,324,13,12,173.37066666666666,5,65.37066666666666,6,18
16,25,45,40,14,13,-4,-3,81,72,17,4,1,64,3,-1,119.51466666666667,5,47.51466666666667,9,8
17,324,144,360,26,38,10,-2,64,160,28,-10,-12,400,2,12,488.38666666666666,18,328.38666666666666,8,20
18,4,2,18,3,11,1,-7,1,9,10,-1,-8,81,7,8,19.568,2,10.568000000000001,1,9
19,25,50,35,15,12,-5,-2,100,70,17,5,3,49,2,-3,117.59866666666667,5,47.598666666666674,10,7
20,4,28,20,16,12,-12,-8,196,140,24,12,4,100,8,-4,164.52533333333332,2,24.52533333333332,14,10
21,64,112,16,22,10,-6,6,196,28,16,6,12,4,-6,-12,105.31466666666667,8,77.31466666666667,14,2
22,81,108,18,21,11,-3,7,144,24,14,3,10,4,-7,-10,105.12666666666667,9,81.12666666666667,12,2
23,25,85,10,22,7,-12,3,289,34,19,12,15,4,-3,-15,86.474,5,52.474000000000004,17,2
24,100,50,120,15,22,5,-2,25,60,17,-5,-7,144,2,7,167.47333333333333,10,107.47333333333333,5,12
25,196,56,154,18,25,10,3,16,44,15,-10,-7,121,-3,7,194.42533333333333,14,150.42533333333333,4,11
26,25,70,90,19,23,-9,-13,196,252,32,9,-4,324,13,4,336.9026666666667,5,84.90266666666668,14,18
27,256,16,112,17,23,15,9,1,7,8,-15,-6,49,-9,6,130.77533333333332,16,123.77533333333332,1,7
28,49,140,7,27,8,-13,6,400,20,21,13,19,1,-6,-19,104.34,7,84.34,20,1
29,64,160,128,28,24,-12,-8,400,320,36,12,4,256,8,-4,477.6786666666667,8,157.6786666666667,20,16
30,196,112,280,22,34,6,-6,64,160,28,-6,-12,400,6,12,401.164,14,241.164,8,20
31,324,162,180,27,28,9,8,81,90,19,-9,-1,100,-8,1,337.94266666666664,18,247.94266666666664,9,10
32,16,60,20,19,9,-11,-1,225,75,20,11,10,25,1,-10,117.89866666666667,4,42.89866666666667,15,5
33,400,360,400,38,40,2,0,324,360,38,-2,-2,400,0,2,834.8813333333334,20,474.8813333333334,18,20
34,121,176,22,27,13,-5,9,256,32,18,5,14,4,-9,-14,159.13066666666666,11,127.13066666666666,16,2
35,100,10,10,11,11,9,9,1,1,2,-9,0,1,-9,0,33.54866666666667,10,32.54866666666667,1,1
36,36,90,102,21,23,-9,-11,225,255,32,9,-2,289,11,2,358.36333333333334,6,103.36333333333334,15,17
37,400,160,80,28,24,12,16,64,32,12,-12,4,16,-16,-4,246.638,20,214.638,8,4
38,361,114,0,25,19,13,19,36,0,6,-13,6,0,-19,-6,142.348,19,142.348,6,0
39,196,196,280,28,34,0,-6,196,280,34,0,-6,400,6,6,563.2213333333333,14,283.2213333333333,14,20
40,121,55,143,16,24,6,-2,25,65,18,-6,-8,169,2,8,191.132,11,126.132,5,13
41,64,136,112,25,22,-9,-6,289,238,31,9,3,196,6,-3,376.068,8,138.06799999999998,17,14
42,36,108,60,24,16,-12,-4,324,180,28,12,8,100,4,-8,271.19666666666666,6,91.19666666666666,18,10
43,144,0,192,12,28,12,-4,0,0,16,-12,-16,256,4,16,128.67866666666666,12,128.67866666666666,0,16
44,25,70,35,19,12,-9,-2,196,98,21,9,7,49,2,-7,155.48866666666666,5,57.48866666666666,14,7
45,361,228,209,31,30,7,8,144,132,23,-7,1,121,-8,-1,436.3666666666667,19,304.3666666666667,12,11
46,25,0,45,5,14,5,-4,0,0,9,-5,-9,81,4,9,27.083333333333332,5,27.083333333333332,0,9
47,49,28,28,11,11,3,3,16,16,8,-3,0,16,-3,0,54.44133333333333,7,38.44133333333333,4,4
48,9,18,21,9,10,-3,-4,36,42,13,3,-1,49,4,1,62.97533333333333,3,20.97533333333333,6,7
